5.435115425357524288e-04,-3.393312744206690955e-03,-4.326820147035993075e-03,-1.149326020423165756e-01,2.530476527355318694e-01,-2.423691118268000710e-01
1.310186428543437878e-02,9.690526952310268491e-03,-5.300508511077717255e-03,-1.373534957404723145e-01,6.474523455809892691e-02,-8.597235984664057806e-01
1.047743423280295127e-02,9.728929020207629716e-03,-1.349012974403601857e-02,-3.768017056453854541e-01,6.650456921346490323e-03,3.526368721227126635e-01
-6.905667220552837160e-03,-2.462217823521534177e-02,-1.393301176744627876e-02,-3.534203746251596834e-01,-2.922562167022605406e-01,-2.015649216686308254e+00
1.908207737752093056e-02,-3.235147148876200279e-02,9.685973823897877505e-03,-3.556096629275633525e-01,1.439526149042195113e+00,-6.372928584741512026e+00
5.819498559542041205e-02,-1.092634964967713063e-01,-9.159176367173026134e-04,1.574576373155593956e-01,6.068649798865597411e-01,-1.621176354482289028e+01
7.548163918589512189e-02,-1.097774914941851004e-01,1.081013115138595646e-02,1.757147174564532566e-01,-1.992349631470374804e+00,-9.578524694863201461e+00
1.332207601676790865e-01,-1.888774625683968533e-01,3.034848362429225233e-02,1.125559470921365213e+00,-2.298735203314651088e+00,-1.512999729083665734e+01
1.098344628485754537e-01,-1.042394195483731245e-01,-3.346260187357296984e-03,-1.427370052301115688e+00,7.293548412659375257e-01,-9.310222950970079125e+00
2.350283814202206445e-01,-1.903779475559123080e-01,1.375973845138162011e-02,-4.831285315564148308e-01,-8.083670576214720960e-01,-1.902800751576971194e+01
1.503801427494757537e-01,-7.656275043127708235e-02,-4.916845251582267762e-02,2.669248870980736044e+00,1.648343623080387843e+00,-1.126045677970047620e+01
2.838688676531291311e-01,-1.095884024355672087e-01,-1.161285630272193559e-02,4.063286476981321088e-02,-2.506427823284167467e+00,-7.039396602474485398e+00
1.688745790802919089e-01,-8.368354536997789361e-02,3.788561027231289458e-02,-1.305911365580031180e+00,-1.753794328000061409e+00,-2.828860720057962297e+00
2.234397936146641506e-01,-1.619826681005286650e-01,-7.528041404633978306e-03,1.141732238431911739e-01,1.410401074838341762e+00,-1.288602571020884113e+01
1.638116873769397408e-01,-9.784914626361126966e-02,3.522089604195721702e-02,-1.322094422791509238e+00,-1.875304241507096625e+00,-1.171062618775816055e+01
2.470049018998496937e-01,-1.429200170016675653e-01,1.369315796415933317e-02,8.335458939251974009e-01,-6.171047235188920066e-01,-2.141378942403367702e+01
3.044473597911798723e-01,-9.610295784908795547e-02,2.373256130719730850e-03,-1.764723476278197367e+00,-2.106962716336708841e+00,-1.281795275388296318e+01
2.081127586367059745e-01,-5.605434952400512039e-02,-5.459271400775317362e-03,-2.548009944429241447e-01,1.518597601562203581e+00,-5.629451373295474070e+00
3.049006088096128941e-01,-6.445699499773849261e-02,1.005542701619649426e-03,2.136216374097865689e+00,-7.713697023836533218e-01,-9.345192157908764230e+00
2.092478445912144824e-01,-2.223806227151614578e-02,2.489622121145027012e-02,-1.421957499049294693e+00,-1.527651107945269926e+00,-7.862273536125128359e+00
2.789149739448786303e-01,-5.959873675783233793e-02,1.494495063456946493e-03,-6.471859953362757434e-01,-1.478468397393129408e+00,-6.859471230561084099e+00
2.721111410668324293e-01,-1.227972049840468927e-01,-4.841835647951459043e-03,-3.051727335420742371e+00,-2.430023505932591643e+00,-7.389499828503497625e+00
1.540611432124210367e-01,-1.076625630634713282e-01,6.426971348759830116e-03,4.272391188473865231e-01,1.445040304595303082e+00,-1.050448532288379511e+01
2.445257689505395682e-01,-1.746328825392415851e-01,-4.982810048521446600e-02,9.807924153771652165e-01,-8.268933777726555912e-01,-2.227775613259570875e+01
1.643310500914232364e-01,-7.436442468429982355e-02,6.555205557253884763e-02,1.793647029578096186e+00,5.626400290372362001e-01,-1.516190223063736298e+01
2.613916490366694489e-01,-8.543197992343110059e-02,-1.544222522321508917e-02,-1.357930819518250898e+00,-2.476107246783458837e+00,-9.188257250743154358e+00
2.107773323661859544e-01,-4.332502666989723750e-02,3.979760678492239023e-02,-2.541442048865451220e+00,-3.540740310987285921e-01,-4.686591116337780472e-01
2.645928238407477817e-01,-6.852051851371410152e-02,-5.008334936282585886e-02,3.939722675846945577e-01,-3.709501448014865810e-01,-7.541894636959974640e+00
2.054664666787304195e-01,-5.362029379024102482e-02,4.448244749045530966e-02,1.472216244272464003e+00,-7.020336021140349825e-01,-1.082640659514716219e+01
2.168509890203700330e-01,-9.559075333407207609e-02,-2.614528854268935443e-02,1.147256015683802755e+00,5.003670604250940457e-01,-1.746254010377950294e+01
1.649199829191418942e-01,-5.887065667840918337e-02,-4.512726508661832336e-02,-1.069061173737178905e+00,-3.304810570773353273e+00,-7.565046875296611795e+00
2.453559125193196522e-01,-1.469290065729631500e-01,3.007986460569339604e-02,5.462118281261180153e-01,9.833410194967627804e-01,-1.723459696335687141e+01
1.524602826889192020e-01,-6.220846321363815434e-02,6.469589556471894154e-03,1.479910130345832853e+00,-1.212967849723448843e+00,-1.388220485113922464e+01
1.955872007003145452e-01,-8.609919733870707859e-02,1.587655246834504541e-02,1.919784762458021099e+00,9.406080518582995431e-01,-2.128547431996018702e+01
1.537546912381380082e-01,-7.216910763287254227e-02,-3.166000149096792615e-03,1.655269000773664123e+00,-5.022320498043492815e-02,-9.468233717229692203e+00
2.830256034644305085e-01,-7.561189585718974815e-02,7.007598387011187979e-02,-3.304922570723200170e+00,-4.732170174920321770e+00,-8.066569990890842590e+00
1.933117066111855742e-01,-4.547269193407326576e-02,-1.396844464808942587e-02,6.593640042547578295e-01,1.649699088704640326e+00,-4.903057499732407898e+00
3.056034358023479447e-01,-6.072648655352821945e-02,5.769390242168981331e-02,1.791948155863758663e+00,-3.704426767277649635e+00,-8.510423136097205798e+00
1.885127600287587191e-01,-9.587227408479115365e-03,2.208916182279091825e-02,3.062294395250791390e-01,-3.394136437906983272e-01,-6.423907166908303878e+00
2.985219332502872525e-01,-2.209439746254371340e-03,-4.196351650619413454e-03,-2.494405253154127866e+00,-3.135843531406579565e+00,-5.208313766604494077e+00
2.210094181579790873e-01,-2.576602109947412345e-02,4.878070604098035806e-02,-2.345132924494532922e+00,-5.105291088527807997e-01,-1.645765244005948480e+00
2.981929602709032512e-01,-7.794457825633926973e-02,-4.115139628398226113e-02,-2.753702869329108793e-01,1.295149889984821279e+00,-7.155570753742156676e+00
1.946157531965257426e-01,-2.366762722804527375e-02,1.830607401438863122e-02,-5.201352938167971285e-01,-1.041666182657423168e+00,-1.035258999715008521e+01
2.620744686828249126e-01,-7.728527696954023973e-02,1.690655251395063730e-02,2.357265329641327067e+00,3.138758725146762352e+00,-1.320089041329590351e+01
1.790709980092272113e-01,-5.675869426927510064e-02,1.889993082281422876e-02,-1.385884990781706350e+00,-2.551290405888843704e+00,-6.552682253047166228e+00
2.668837474982388436e-01,-1.048996083040346083e-01,-1.760265191270238977e-02,3.132989542312357156e-01,1.169289518618752410e+00,-9.878404825148606960e+00
1.667707027603575476e-01,-7.570531443567868335e-02,-2.076424104609554677e-02,1.751244864038075111e+00,-1.156957087750999369e+00,-1.077983842626072075e+01
2.248668993018201334e-01,-9.675586209411636551e-02,7.515833995889627250e-03,4.444134219129943775e-01,-2.159737020227104676e+00,-2.201228836524064292e+01
1.451354675987190923e-01,-4.731930951054097445e-02,-1.018314769456227231e-03,-2.927279347408828225e-01,2.949035028148480064e-01,-1.186716721111555373e+01
2.408486296619838374e-01,-1.073158215242613345e-01,2.370778884809505299e-02,-2.397199303754130373e+00,-2.881099483163007235e+00,-1.217116834204586517e+01
1.391818851911623689e-01,-8.021465690972839901e-02,-4.795203297304075074e-03,3.698397429275501747e-01,9.605728477998723980e-01,-9.478019726891005803e+00
2.551469091286810986e-01,-1.242750741143303639e-01,-2.011029795514515661e-02,1.667972276965404399e+00,-1.148239153116699107e-01,-1.835687648090759083e+01
1.818882153882823705e-01,-3.846180948985122861e-02,3.756206826023658629e-02,7.941404448361706336e-01,-5.775465085689794886e-01,-1.187700177038060190e+01
2.726264021499231749e-01,-4.112634184113872493e-02,-3.607062406843031255e-02,-2.377521712446020619e+00,7.090737148333810247e-02,-8.194517465182128646e+00
2.043639484517578708e-01,-3.476529303612618804e-02,6.847977389330556219e-02,-1.456856094669924717e+00,-2.695177601307989779e+00,-4.340792063536252909e-02
2.895041319722408968e-01,-2.844239936282821901e-02,-5.561470195594753196e-02,-1.040692686991823379e+00,9.711055021516090680e-01,-2.572746615396029668e+00
1.862360016181372480e-01,-3.339559603762420892e-03,-1.459196780641800958e-02,2.995918405985708577e-01,-9.892192065829307213e-01,-4.085622269336981915e+00
2.663816608103837247e-01,-3.750919582927636498e-02,7.973354079068786793e-02,1.133429945894158797e+00,-1.143823322323008984e+00,-1.137853240350678874e+01
1.507133967198426294e-01,-4.198849506879209770e-02,-2.072536211222911554e-02,8.635040483038554093e-01,-1.480732996156774561e+00,-5.533645900188788325e+00
2.572406098406523345e-01,-7.840323593487097398e-02,1.719975693479454393e-02,-4.512826490028983284e-01,-2.687250786621654175e+00,-7.499701095762610237e+00
1.554369657829433038e-01,-7.886117322981966993e-02,-2.781445765154877403e-02,-2.183748367332472462e+00,2.892415077554571390e+00,-1.170855347017727510e+01
2.509327017163779372e-01,-1.345184023265151296e-01,-6.711635143153427130e-03,-1.192302852855352313e+00,1.132590636074749968e+00,-1.944277790766414427e+01
1.860176444315365940e-01,-8.291656780266043469e-02,-2.852147806992785459e-02,8.622213874961228708e-01,9.791784862023824587e-01,-1.399757597099774564e+01
2.880477852711685327e-01,-8.237348130309518623e-02,-4.779478379648274822e-02,1.864722500593047824e-02,-1.028308767981418903e+00,-9.674593343650501609e+00
2.898077385105697346e-01,-6.261357333307548956e-02,3.092417929310440836e-02,2.562628640220250276e-01,2.147209845764427305e-01,-2.175220020186051872e+00
2.416593609862765502e-01,-2.771017957973942458e-02,-2.865842526414076608e-02,1.980557057746135996e+00,4.485178851867654970e-01,-6.436978768119834271e+00
1.352884847425049886e-01,2.345991148631254575e-02,-1.646264310130982067e-02,-2.038570441724881221e-01,-4.019813926802557447e+00,-5.249625480317411608e+00
1.317858938671018221e-01,4.613524604378893557e-02,7.002276631622880720e-03,6.495585507378479617e-01,4.927366825769461944e-01,4.949522110780746886e-01
6.666465289409306827e-02,1.408652153883194202e-02,-1.557091639916580172e-02,-1.987459354274359047e+00,1.215292346840115334e+00,1.084062599645923664e+00
2.305396545267629493e-02,-1.891074286610994193e-02,5.521517536457243303e-03,-3.072030764343828269e-01,-3.360706298645526613e-01,-3.261963223570837567e+00
5.410863131670107240e-02,-6.274335143279685667e-02,-2.150822781526312566e-04,2.597317258644749605e-01,2.452378242870460745e-01,-9.800243939668513704e+00
3.183588536038783889e-02,-1.507595646781449972e-01,-1.220693508607814670e-02,-4.067606973405540671e+00,-9.352472394142817835e-01,-2.133982210349356379e+01
8.692318377388130735e-02,-1.223844656606818404e-01,1.818957082344435650e-02,3.239078291000623833e-01,-3.868068345586510581e-01,-1.006871895132644745e+01
2.179364035299296010e-01,-1.550413419947649363e-01,-7.632216703056374230e-03,1.083285886878178506e+00,3.002264150320262726e+00,-1.346780794744242016e+01
1.634493508908625437e-01,-6.471810942506051045e-02,-4.594494382959229961e-02,1.676831146945778395e+00,8.434684877442546469e-01,-8.723173083059480248e+00
2.890901690401281865e-01,-5.912915378104344200e-02,4.912443370319571900e-02,-1.131071339554837740e+00,-3.827565664846638516e+00,-1.040307649206918050e+01
3.152089735410856797e-01,2.874416246026814670e-05,-5.138147244982896322e-02,-9.745441942623198628e-01,2.735393117608356572e+00,-4.186778058616359210e+00
2.157254565289983272e-01,-1.634564399393298451e-02,2.183527330751151158e-02,-5.562010725971106018e-01,-2.120311660146005917e+00,8.533643035133943178e-01
3.201033629088977372e-01,-5.629018409951121876e-02,-2.784078479236109377e-02,1.906501862753524346e-01,3.288607331294295388e-01,-2.543895038504741191e+00
1.575610234627462525e-01,-4.590135521204999347e-02,3.840715930653405830e-02,9.030997153706442626e-01,-1.879988994597740604e+00,-9.002679831607373728e+00
2.046407422637284423e-01,-8.702981842725188155e-02,1.482499522515096611e-02,1.779937760848163408e-01,1.386578854012012307e+00,-1.831361780705365661e+01
1.433887120839363871e-01,-7.241193669020573598e-02,6.114254743920126411e-03,1.155072155658652733e+00,-7.411054944526388466e-01,-9.587764182779038080e+00
2.545563366402823213e-01,-1.477436701721178691e-01,4.465913312079472508e-02,-1.634304061938221864e+00,-6.008379208235350433e-01,-1.221143843759104897e+01
1.591694810199717480e-01,-8.153713299740922293e-02,-1.101348037949627379e-02,7.312142191537319702e-01,2.560999558637010676e+00,-9.253075872965581539e+00
2.622168517173513180e-01,-8.459414703225076604e-02,3.003454825089865721e-02,9.318947072889770533e-01,-3.164894951977621940e+00,-1.271113463158034129e+01
1.556408920782983429e-01,-2.516039884311371821e-02,-2.410029706524516313e-02,4.960406966028932940e-01,-1.046415685802062789e+00,-9.399681319404683322e+00
2.500185038494138201e-01,-1.440431832892575398e-02,4.785336561490476787e-03,-2.069971209768355358e+00,-1.589102157624626033e+00,-7.078065332072007720e+00
2.020009869029202321e-01,-2.589133923295555695e-02,1.040009153667327546e-02,-1.472465336011081094e+00,-1.759791686036473735e+00,-2.465056603233970911e+00
2.316094948995619518e-01,-9.146429223325996949e-02,-4.649513862857744539e-03,-4.772988510507525373e-01,1.008982921937756405e+00,-1.189100448535251786e+01
1.447753907397744122e-01,-4.798225219342866499e-02,-3.707047715045845571e-02,-1.016039446216679076e+00,3.794521915617637409e-01,-1.563820890046778445e+01
1.574741167824160737e-01,-7.908249258308086560e-02,3.232940598433355073e-03,9.424215609729568177e-01,3.953971682113753605e+00,-2.643291024488369700e+01
2.298895681209360831e-01,-1.162690429040753592e-01,-1.240197012497340490e-02,-3.792366047202326285e-01,-2.789247622941628979e+00,-1.294277358517383725e+01
1.836564912383238379e-01,-7.053135543214539283e-02,-2.781804576083562672e-02,1.012824314934761993e+00,1.963848972634717915e+00,-5.654820239877458299e+00
2.662794229172744664e-01,-8.112908082901726381e-02,2.474953560929597784e-02,2.708179479061076922e-01,1.121371825357651897e+00,-9.052099731972887753e+00
2.894568274625286541e-01,-2.258447472911218057e-02,5.601235952787607386e-02,-1.110564668085688156e-01,-2.178692990734334867e+00,-8.197082877339402884e+00
1.873752634993288702e-01,-7.608483897730611289e-03,-1.245307853280988586e-04,7.043281930217603071e-01,7.640250658941943884e-01,-2.354862646560282435e+00
3.264412404879923901e-01,-3.642714532916535575e-04,1.894374989679126903e-02,-2.677601927912935498e+00,-3.666448986071440430e+00,3.406090302390909930e+00
1.964772509091550212e-01,-3.174165686177810031e-02,2.594873997717855874e-02,2.367303965379597752e+00,8.022015924351719729e-01,-1.174867779509777943e+00
2.617437173880796664e-01,-3.735432622636958300e-02,7.760389306996504089e-03,-8.522809304761373994e-01,-1.782564349109137192e+00,-8.573851769412190293e+00
2.082931461040917753e-01,-5.190040269573925613e-02,1.835069443607296666e-02,4.333456980895288024e-02,2.469023702185323133e-01,-1.678185188889048263e+01
1.339725955726689399e-01,-5.296715022692355390e-02,-3.116344947770155818e-02,2.145346727563267053e-01,-3.599523829595757674e-02,-1.055085504644135419e+01
2.355378243692333173e-01,-1.413921174464625174e-01,-1.911475312088415854e-02,1.567454794085118008e+00,9.282184118541779716e-01,-1.391938259635718289e+01
1.641545160507812962e-01,-8.114218248658344734e-02,-2.431145431429523884e-02,1.378721663197026492e+00,2.811167513105384597e+00,-9.961021933645895388e+00
2.535202650199526175e-01,-9.422817374463710038e-02,1.220189695726695001e-02,-5.050938538721996274e-01,-5.062115089550100144e+00,-1.382397922813323277e+01
1.930658425046214433e-01,-3.228727375700257696e-02,4.963537209886245694e-02,-2.360526418402735249e-01,8.476407477948934011e-01,-1.121473741245967659e+01
2.808752173539740271e-01,-2.642326815619577829e-02,-4.195421823084116708e-02,-1.420750720288199709e+00,-2.078987271204094434e+00,-7.399872493888652869e+00
1.878700930378908174e-01,-1.935838143286883195e-02,-3.118181231348109150e-02,-1.379499211214728849e+00,-2.030252109467232113e+00,-1.049381720298954601e+00
2.231878120130963428e-01,-6.043243770084538724e-02,1.222527012237432757e-02,-1.004167539605433701e+00,1.612085034484290746e-01,-1.241715906294035321e+01
1.350247225731270317e-01,-4.653318067067058195e-02,-3.662771371791390118e-02,-8.361648479935522849e-01,-6.504122050801836030e-01,-1.490416506584641709e+01
2.319940464483607467e-01,-6.510698603620546088e-02,-5.352302717841317392e-03,9.544519827914238475e-01,4.245525165851288030e+00,-2.504174918768826785e+01
1.186177095237790358e-01,-3.918329640771145428e-02,-2.214987887422532886e-02,-1.864014531750826931e-01,-8.331498079674162227e-01,-1.264583452539563524e+01
2.521980332318149998e-01,-8.146956570427354993e-02,-4.693861039180291517e-05,-1.141891914529042484e+00,-5.872009594214409045e-01,-8.689163734712476383e+00
1.798127981438082390e-01,-3.376011469070094861e-02,-3.341726104152297622e-02,5.672321617526464577e-01,3.563834531796080896e+00,-5.817999335952841022e+00
2.813668153725046306e-01,7.339317386462040904e-03,3.052148522857570101e-02,-8.664656738859185525e-01,-3.572692688899606228e+00,-6.743048848704314757e+00
2.838376046425146182e-01,1.390956590851493563e-02,1.207455542944039367e-02,1.460586210530073759e+00,-6.582603178652283171e-01,-6.250273857580994630e+00
2.054891875975128901e-01,-1.126860452814890112e-02,-1.336573055237733759e-02,-1.221524563791868578e+00,-2.054298773832502700e+00,1.968268376434082700e+00
3.256138164463042717e-01,-3.512041166404539227e-02,3.884992427136124693e-02,1.333999186891312860e-01,-2.086427505047839248e-01,9.461439996508409500e-01
2.976108575840015202e-01,-3.982421352146098270e-02,-3.370996437338932838e-02,2.134244145046762409e+00,-1.938191751108644667e-01,-4.839627470373240925e+00
2.024241167198234381e-01,-3.409483290348722107e-02,1.942453357790071417e-02,7.779425001201507595e-01,-2.558974941432309858e-01,-7.637864262279501659e+00
2.160123016922982364e-01,-7.536920880011455104e-02,8.617717416420388188e-03,3.061123064706472441e-01,9.284430305137754136e-01,-1.063020410914758607e+01
1.719767124251253276e-01,-8.098296729091647439e-02,-4.361128895741488848e-02,-1.397220311621998334e+00,-2.162661284696953068e+00,-7.497471219186783387e+00
2.533087676647045039e-01,-1.538234920188580879e-01,1.751340874691957941e-02,2.093268776327565084e-01,2.417568375699997940e+00,-1.309998214284090778e+01
1.522199373760904084e-01,-6.917635951813150275e-02,5.163222205122688230e-03,9.701501489439210424e-01,-1.447539019325986054e+00,-9.994403576432096870e+00
2.563613404783875449e-01,-8.472232769992041335e-02,5.223530069665886788e-02,-1.462050292442865995e+00,-1.099752834542800484e+00,-1.770463542124958423e+01
1.421706367764989931e-01,-1.700080743142313305e-02,-1.767762004745499632e-02,-1.674748496165878286e+00,9.224238074504513829e-01,-7.596099464606301588e+00
2.353383042647470003e-01,-3.240221771148563135e-02,-5.971533880240714742e-03,-2.804249345042884922e+00,-3.270674078722291434e+00,-2.002662970817145727e+00
1.958205861758035571e-01,-5.634255531869905576e-02,1.357429230057098646e-03,1.393656421724452033e+00,1.250384525548593195e-01,-2.744831254824012801e-01
2.338576763835740202e-01,-9.049981995745645658e-02,-2.527500950450167760e-02,8.496032540155550317e-01,4.356966649319911067e-01,-1.177807655630477335e+01
1.470540608822452633e-01,-7.595555926505809241e-02,3.527869206324141249e-02,-1.135384070788129640e-01,3.603525113944768266e-01,-1.546095989858421405e+01
1.661119795248440223e-01,-1.352580301439407773e-01,-2.276184729669981227e-02,1.562516590519636539e+00,2.704158827976857804e+00,-2.314698973483594102e+01
1.266228136761966550e-01,-8.740541094642884090e-02,-2.777305824585394808e-02,-3.210497518312708798e-01,-4.076292362918380263e+00,-9.519067895163916049e+00
2.217711376208748586e-01,-1.111269721482646133e-01,1.393104959368025864e-02,4.246301752617631653e-02,1.771510142860697190e+00,-1.260442441860082319e+01
1.610645547665323640e-01,-5.722639599940104738e-02,6.318177233917535857e-03,-4.175119910515266985e-01,4.737029283738971031e-01,-8.387690214181322546e+00
2.675737747230042540e-01,-4.380150413666417109e-02,1.922474252244883372e-02,2.148651374882050435e-01,-2.857216705580154947e+00,-9.546213839807249357e+00
1.997802037228411098e-01,6.119865514566669162e-03,-8.102307262845387381e-03,-5.573689597274794627e-01,2.372059238537178594e+00,-3.786205713402180706e+00
3.094477488169928847e-01,6.942823386968832722e-03,-3.586215051216545997e-03,-3.026307738383158696e+00,-2.858011029256815494e+00,6.080960425340351527e-01
1.797240775071837771e-01,-5.155120484643926915e-02,3.166688959686317362e-02,1.684770991062751966e+00,-2.224335658662240922e-01,7.130602409594986035e-01
2.685898842478144921e-01,-1.649403116398895364e-02,1.075729438501580454e-02,-2.687947987538223948e-01,-8.483210094417569236e-01,-3.949414338946121816e+00
1.872359163832399975e-01,4.001844388895392512e-03,2.344651007886124766e-02,-7.001869027908221021e-02,3.158925723256972989e-02,-4.785285332565750060e+00
2.443020361270960006e-01,-2.141811933014015068e-02,-3.021750414198241461e-02,4.846970474783133392e-02,-1.754780185412834204e+00,-2.180687668571679616e+00
1.614884415101840442e-01,-4.035632502667807486e-02,-1.705963324109314311e-02,-3.855408798561449357e-01,-1.231902845737065544e+00,-1.708099879684081168e+00
2.409145058179238408e-01,-1.178721452611042331e-01,-8.048910688289570570e-03,-8.225459016534611978e-01,1.242036834894258979e+00,-1.289103531638426858e+01
1.267111631366202307e-01,-7.467745095376399078e-02,-2.643132418475158812e-02,-1.002555073420739129e+00,-7.499904543240495935e-02,-1.401320014351001220e+01
2.045130450395126198e-01,-1.053698084173251281e-01,-9.318800824129004970e-03,2.789183804197402639e-01,3.653091144319725814e+00,-2.332709787047225092e+01
1.342434908708155239e-01,-5.408440640483069828e-02,-1.699529926854433798e-02,5.307081945659790634e-01,8.703907335857206107e-01,-1.037406471987690182e+01
2.741894508722007018e-01,-7.941680527614503049e-02,-2.513325025769141269e-02,-1.303452410530406613e+00,-7.423717309248913931e-01,-5.611818787586921431e+00
1.737592014168682364e-01,-5.271564305021136931e-02,-9.315483541861638295e-03,1.118023502061190610e+00,1.793852118854788680e+00,-2.994193354623850389e+00
2.174559559406185061e-01,-4.759164909835966739e-02,1.355021054950295706e-03,9.813098548014916878e-01,-1.658597847873684861e-01,-6.566497981037008103e+00
1.232789961951177293e-01,7.103722422902691847e-03,-1.379255800173284641e-03,2.179921448650802007e-01,-2.072045812431464462e+00,-4.621205427071121363e+00
1.343503199438945694e-01,-1.901255483520714051e-04,2.025781216232314108e-03,-3.089092537368845481e-01,7.375584894602786878e-01,-2.060653601394212053e+00
5.538090384841409808e-02,-2.475970165899621378e-03,5.299152922563776791e-05,6.763008804869462542e-01,7.099460989061748828e-01,5.207432963194752462e-01
4.970539757482328458e-02,7.764599127082494334e-03,2.036670173963889274e-03,-2.057709987870406376e-01,-8.799391193427041902e-02,-1.829770891955217804e+00
3.815106902343967654e-02,-2.294364231373080543e-03,-1.417080778577227418e-02,-1.459832389408157960e+00,-1.391829969326782379e+00,-2.501849707701473857e+00
1.397209748275091146e-01,-4.454977554206873691e-02,-5.082792045964110855e-02,3.895747335497433128e-01,2.206627205132817571e-01,-4.509941044133497279e+00
1.391957732853519314e-01,-6.474491591418063408e-02,2.776867756604960852e-02,2.863998093826787827e-01,-1.755026887382482137e+00,-7.232266702482594845e+00
1.849288356589273707e-01,-1.037450581972798602e-01,-2.771452855263407955e-02,2.831800749692132135e-01,5.845072906618348219e-01,-1.361589022982089503e+01
1.341919585518447366e-01,-5.283752692455889743e-02,1.423527840759747365e-02,-7.479042761122092209e-01,7.845603765861252077e-01,-1.178272109628005637e+01
1.962161509835607109e-01,-7.770799782318116300e-02,1.616697906799682838e-02,1.508050310935143301e+00,-1.110039136734369478e-02,-2.029764915134473924e+01
1.078264362666601084e-01,-4.682533791372356369e-02,2.675817893272246228e-02,1.520756877518923744e+00,1.449504740307069328e+00,-1.085182206870109312e+01
1.748397231687754960e-01,-4.444929955677845435e-02,-2.276764747799869815e-02,-3.360207768196597389e+00,-1.631497234371308114e+00,-7.011091647535637073e+00
1.111052850955784876e-01,-3.279368530667597925e-02,1.956850119992635528e-02,-1.692407384715310048e+00,-2.355119919198976675e+00,-2.394838671750730175e+00
1.326699872152368176e-01,-2.244464728855141700e-02,-2.530657021367171619e-02,9.295650050594497227e-01,1.663886427880783891e+00,-1.956637648986348843e+00
4.836750190550609396e-02,-7.353752621259840305e-03,2.178656804485104570e-03,1.778801104761907004e+00,8.409038372565617037e-01,-2.612560199113989956e+00
4.366867460735490702e-02,1.025621510707676320e-02,2.531703084092812306e-03,-2.967563250453386092e-01,1.048907576745074927e-01,-2.420342061853211657e+00
1.600188527589208043e-02,9.811870233603955938e-03,-3.016875606693322776e-03,-5.248938360309534090e-01,-1.878669270169179562e-01,1.634771698353732761e-01
7.435558631855743172e-03,7.292666842997404253e-03,1.447958679923706804e-02,1.687612503994548041e-01,4.534113325090911029e-01,8.196613439596256434e-01
5.735030360083381851e-04,8.451405663778832622e-04,8.213957745788050269e-03,-6.016642079536288490e-01,-2.514993597417369831e-01,2.473042717940999724e-01
2.896584927114531638e-05,9.301959717173721720e-03,6.153896716624904228e-03,-4.308739299837131137e-02,-2.107714824535957543e-01,3.411712214622438788e-01
6.664958289569256067e-03,2.117048774631896668e-03,-1.358755155481483623e-02,-2.025404205440576103e-02,-1.205114416577535291e-01,-1.438642642991456999e-01
3.045031974777456796e-02,1.185252233341319017e-02,-2.113112035189372573e-02,-1.218121401464107162e-01,-1.714250066155897229e-02,-3.506783084060758893e-01
1.228994576548148032e-01,-1.066832358596266073e-02,-7.199762422069821977e-03,-6.121097716257956067e-02,-1.645012277635231168e+00,-8.870088746783145739e-01
1.510282453655193979e-01,-1.797470672117122692e-02,-1.758014619273595702e-02,-1.015356734111164227e+00,-1.061067733446767747e+00,9.620040543942810496e-01
2.821694527721338996e-01,-5.938293204135031839e-02,1.308927739937886664e-02,4.630432213288370735e-01,3.333146313578006392e+00,2.510352142698075273e+00
1.828242526760179842e-01,-3.263728563933507992e-02,2.754265665797543672e-02,1.905483882230105008e+00,7.827455337349020770e-02,1.001059492316735272e-01
2.894146298634631131e-01,-4.882640965863151855e-02,1.810940327181126408e-04,-3.670247988983896814e-01,-9.214707652323018694e-01,-6.030873384686113781e+00
1.653251385428708975e-01,-3.283560808746281701e-02,1.745126307470298843e-02,1.491399261530701681e+00,7.778451159625472677e-02,-3.263709618592242734e+00
2.734807726791180782e-01,-1.288389153537618514e-01,1.236337843318047885e-02,1.727439063336438263e+00,-1.343914429568380253e+00,-3.807957541007901625e+00
1.583086821379920128e-01,-1.114486107279863969e-01,3.132510080458591334e-02,-4.420156434374744592e-01,8.045893316068953860e-01,-8.187313271845400919e+00
1.769000302858197704e-01,-1.616597230851884448e-01,4.591250672267109534e-02,-2.079806613447815131e-02,-1.774583086617974814e+00,-1.742323555738643037e+01
1.433460661050099949e-01,-7.342255800106367580e-02,-7.215375504221646641e-03,-1.420983082979520251e+00,-5.421867339768845495e-01,-1.444053975252742994e+01
1.899909334006804063e-01,-8.738338881883356279e-02,1.121768299296582033e-02,6.017805271370814113e-01,2.003568696051420961e+00,-1.922167392129833274e+01
1.507073153861160364e-01,-4.693348478518365868e-02,3.019144483000557599e-03,-1.092447281509760781e+00,-1.111425949525317591e+00,-6.459883775557077712e+00
2.597878894645910819e-01,-7.572213411604364341e-02,3.846005903185970021e-03,-1.084498185660816461e+00,-5.872163167303036113e-01,-3.125520352675591251e+00
1.703293842016562198e-01,-3.720101363698533059e-02,-1.134745147353635741e-03,1.413060580961511548e-01,1.733143604104618873e+00,-4.075541071205488031e+00
2.611521748262264353e-01,-3.895230312388131555e-02,2.344409972603153647e-02,1.750920501323173228e+00,-1.078743306308792560e-01,-9.953564030821373976e+00
1.525783049516038492e-01,-4.703303900584648867e-02,3.062813836262681666e-03,2.277546204944113306e+00,8.707290650400552334e-02,-7.316797906254962847e+00
2.188337484635960450e-01,-8.654598306517646833e-02,-1.440660380108829686e-03,1.489898995038805296e-01,-3.088021704958858304e+00,-9.950978054886679303e+00
1.229976634418519232e-01,-8.209924055131490039e-02,9.648453789076749665e-05,3.354002516061229122e-01,5.455598198603395232e-01,-9.370605990178148659e+00
1.851848790559564861e-01,-1.510777974019976710e-01,5.083140528151278668e-03,8.201829314404761595e-01,1.116361592994305818e+00,-1.942313707642252751e+01
1.550972378300397025e-01,-6.782145799615113546e-02,4.304930771494317604e-02,-4.208502033582952606e-01,-1.641527716770021794e-01,-1.314890859498061815e+01
2.355585774278927680e-01,-8.129860318309356515e-02,1.075980832866726966e-02,-6.814777471577688761e-01,-6.002621602786132327e-01,-1.461706876541186517e+01
1.798985741290570761e-01,-3.858928853544130178e-02,-4.723293649874056588e-02,-1.463402353906452458e+00,-1.562381671833149577e+00,-3.440432222066141410e+00
3.139951527100897088e-01,-9.497812864237609176e-02,1.714817666812912256e-02,1.375737908239882845e+00,1.210538892540786726e+00,-4.005841032267182911e+00
1.967863648775405316e-01,-2.128840009040855463e-02,1.501414439136870838e-02,8.486595425854269459e-02,-2.970946420885752295e-02,-2.978761621039791585e+00
2.994026531195768115e-01,1.859857752712912315e-03,1.488434671680176347e-02,1.151849999877775588e+00,-2.927535456971631644e-01,-7.126978227282917189e+00
1.823012010030953256e-01,-2.427904093170063504e-03,2.926256515264318014e-02,3.404384986313260253e-01,1.128648699897236485e+00,-2.236478359757838152e+00
2.905535292269880721e-01,-1.717910474575612412e-02,-8.054823217060746998e-03,3.409359683017314235e-02,-2.857830892787936783e+00,-1.664789617708513358e-01
1.841657178548854468e-01,-8.919431648103604005e-03,3.415319986663238605e-02,-9.915629816737173696e-01,-1.211011596267274726e+00,-1.476483643413843305e+00
2.320266839565168215e-01,-1.829010672452513475e-02,-1.464007288343242841e-02,-4.636702528464637929e-01,-9.070080336131509657e-01,-8.510111632005555649e+00
1.440605605838738423e-01,-2.413782437366185363e-02,-1.413765315061005570e-02,2.344508010921678931e+00,3.627372626021426960e+00,-1.095607222779184298e+01
1.799048054100607086e-01,-1.293772630832572546e-01,-6.982593092945223179e-03,1.740636468439602291e+00,4.699361498729050513e-01,-1.837668076027911468e+01
1.418351904058187118e-01,-9.046073039056690135e-02,2.346446085593473230e-02,-1.615207520227914806e+00,-1.246304789526329726e+00,-7.446081312997558932e+00
2.443270298759276093e-01,-1.203557557073668960e-01,-2.666316377216387118e-02,5.612982348468871507e-02,-1.426331983768708289e-01,-1.188593853539051537e+01
1.643325915261132919e-01,-3.927470626446227797e-02,-1.516017137288954569e-02,-8.151324532879288265e-01,-1.410066565769724889e+00,-8.259564840549424858e+00
2.523692173878588907e-01,-5.294492290183505645e-02,4.327662690317942568e-02,9.060847467781697473e-01,4.547589572324390872e-01,-1.527573451720564357e+01
1.719501006197019510e-01,-1.471962388851588699e-02,-1.986564229156626352e-02,5.930828517552259038e-01,-8.843445841744891345e-01,-1.177090286250884743e+00
2.832601194476358497e-01,-3.790468911289623932e-02,-6.894427301826211441e-03,-1.418934369145193664e+00,-3.060486551493347029e+00,1.325903642977506625e+00
1.941341293174585481e-01,-6.082711474144586461e-02,-6.281883306204751050e-03,-3.079765047460658947e-02,1.330046936216523035e+00,-5.206949699500917461e+00
2.609259633615061968e-01,-1.117750301801145874e-01,-3.269980627711575188e-02,2.720610390979833149e+00,3.197752473982160004e-01,-1.293124624150175350e+01
1.294914571462598696e-01,-7.180320667528894418e-02,1.690186134874056834e-02,-1.780662740697490920e-01,7.119105643701950648e-01,-1.547888587467498667e+01
1.550834113577592710e-01,-1.349444486513884378e-01,-2.347416156761411576e-02,-5.941708749752834251e-01,1.286175244142877538e-01,-1.842812642599566786e+01
2.366733636919369221e-01,-1.028999009117093077e-01,1.778815906440629757e-02,-4.563347816029875048e+00,-1.684688270775162255e+00,-9.653320543535210518e+00
1.498973798028484516e-01,-6.443114832697505179e-02,-1.253931880883376454e-02,5.682525710985855127e-01,1.949200429800439949e+00,-6.391701039231796777e+00
2.497289445826744725e-01,-9.079235544581376605e-02,-1.439900538699349919e-03,1.290620637246961078e+00,-1.083119836650438206e+00,-1.128011164191550009e+01
2.760565459512180908e-01,-4.617676932215181163e-02,6.951361081198438249e-03,2.333200577360085237e+00,1.998300171272861636e+00,-8.416547499989633252e+00
1.924061152451044254e-01,-7.192879065647042602e-03,-3.219986503485386398e-03,-4.742307722036399609e-01,-1.106956980971941285e+00,2.156526861570598197e-01
3.116425534848824563e-01,-5.367728466911848850e-02,-3.916071724437497625e-02,-1.509616093006688642e+00,-7.622750071978773301e-02,1.936025574253019021e+00
1.709897625388446807e-01,-3.321463675078580036e-02,1.406232664093651219e-02,-7.170474757541233091e-01,4.512846161831794989e-01,-1.077702607386866962e+00
2.958530388216784601e-01,-3.240341956243708577e-02,2.274975204518858707e-03,3.940227379873676994e-01,-9.437378729972563107e-01,-5.170125249458906502e+00
1.648054202402683688e-01,-1.294787638759679720e-02,1.197321680994669485e-02,6.996121721131675075e-01,4.902522230110231138e-01,-4.133370017396386764e+00
2.632747857411215087e-01,-5.908637005343176513e-02,3.587479474116035683e-02,-2.529019435603823696e-01,-2.981535895498954147e+00,-2.668143029423448720e+00
1.626079251386634561e-01,-5.012962159530333361e-02,-7.105984423033156333e-03,-2.637017336121388333e-01,-9.710538869993329270e-01,-2.028281336636850618e+00
1.809242969157935643e-01,-1.507586850938321121e-01,3.752438533432173734e-02,-7.130877216837565313e-02,6.216467421038374130e-01,-1.377483270603461030e+01
1.205982502767794506e-01,-7.461164473106546291e-02,1.662826467162970695e-04,1.123476831407929755e+00,2.528688997675974992e+00,-1.627508017794222184e+01
1.431876039026629410e-01,-1.086720192215472752e-01,1.591622069295195452e-04,1.112642044489878801e+00,2.178861801074713611e+00,-2.575981584702606142e+01
1.179130203638149021e-01,-5.295982390997779066e-02,6.739198489921979784e-03,-1.019037155544768813e+00,-1.248067109469736424e+00,-8.941411491543895806e+00
2.455783309613454035e-01,-8.325541180821896536e-02,-9.488257593201814000e-03,-1.511415168242445706e+00,-1.246614348132006667e+00,-5.038240447709263492e+00
1.609907908633585460e-01,-3.374812804829346868e-02,-6.248175070329074071e-03,8.699786924344856676e-01,1.587924898312741195e+00,-3.053822092349267603e+00
2.790303202198527455e-01,-2.624280504982390294e-02,1.168043218894965207e-02,1.492614649387886017e+00,-1.199951915854757800e+00,-7.047581130253576021e+00
1.889636478929719310e-01,-3.391516333273503214e-03,1.724998397701358460e-02,-3.962845693834460281e-02,1.137848943089305953e+00,-5.148114717143085883e+00
2.664956228876382838e-01,-3.523373754983527562e-02,-1.516891034704628827e-02,1.933702801258837811e-01,-2.271533685346085907e+00,-3.098059338866285373e+00
1.805906081003971764e-01,-5.131660784575708956e-02,1.048443529864001404e-02,-6.166486645228094199e-01,-2.681521433134071430e-01,-2.765235903932044437e+00
1.994340365982054664e-01,-1.039342978739605794e-01,7.229550950392416193e-03,1.133307824438258171e+00,3.165543919688643681e-01,-1.483287339800434168e+01
1.752052219592521443e-01,-1.022419698997409920e-01,2.298972180590715467e-02,2.603742167725585865e+00,2.225900533634889822e+00,-2.356626042215721739e+01
1.374558533033447549e-01,-7.536315202987409201e-02,-6.014912179107174267e-02,1.027962773540727959e+00,1.639778577600139897e+00,-1.441074670542558955e+01
1.932653349612685201e-01,-1.131936608259820343e-01,6.166667614599410929e-02,-1.214462089960014035e+00,-3.409341483690564001e+00,-1.186720688653871214e+01
1.541339330770563620e-01,-5.811239493568987058e-02,3.065042326181847271e-02,-1.480927359162753865e+00,-1.699958543659592314e+00,-5.279262551426332273e+00
2.647668982816068217e-01,-3.020341870668685758e-02,-4.241002029002850088e-02,7.313623011610449476e-01,7.861333678629859323e-01,-6.103911884207830596e+00
1.965127271337505643e-01,-4.514516445530247779e-03,6.321981053572464648e-02,8.115552115009566636e-02,-7.110640972884554323e-01,-4.862418453929015172e+00
2.753424283713988840e-01,-2.090924208583810895e-03,-3.193672512548579451e-02,3.540531663601393930e-01,-1.853197274443758591e-01,-3.248337552621485713e+00
1.829904048241333125e-01,-6.334390756915109222e-03,-1.928652477758174139e-02,-1.549564805538229617e+00,-2.266526192623345981e+00,1.834975795272294263e+00
2.994849322316965878e-01,-4.302893241381866574e-02,4.568983327180354409e-02,4.159372160027108856e-01,4.439559795535220621e-01,1.448609758450843943e+00
1.649957201457175060e-01,-1.083426695559941422e-02,-3.408145791108171258e-02,2.060692186285062177e-01,-5.713904793575492747e-01,-3.038413636455951750e+00
2.336785878400668981e-01,3.538500124937726810e-04,2.401521301484620813e-02,1.124376564087623986e+00,-6.258964782995637410e-01,-8.486893589101908830e+00
2.243906850932082531e-01,-3.096733096114467898e-02,1.396038080854487481e-02,6.212724620328663461e-01,1.092285728635065345e+00,-9.015960095777433736e+00
1.281711497981148362e-01,-4.525009169646132534e-02,-2.095603556970028827e-03,9.830299561449834522e-02,-4.320449953510667740e-01,-7.512694246020914512e+00
1.658667221300558214e-01,-6.385556245221213345e-02,-3.349599328194341474e-02,-7.884407892628907399e-01,4.939549645293281888e-01,-1.430028837896039384e+01
1.324888258590898871e-01,-2.925216205514447054e-02,-3.734882652271862002e-02,1.019830327005105897e+00,-1.118705169125480792e+00,-1.081553320585731548e+01
1.898308282855538376e-01,-4.377271656770131969e-02,-4.791218198923516414e-03,2.775857129434651793e-01,-1.010349993545640812e+00,-1.631620171979395195e+01
1.821922538373422773e-01,-5.227787856494803265e-02,-3.916979102223142051e-02,-3.613694001029166714e+00,3.144462526445248596e+00,-1.103157265761663197e+01
1.533427774304327862e-01,-4.291428801077890043e-02,1.246915050581257935e-02,3.925265747412691186e-01,-7.361293918240713330e-01,-2.967037075823919068e+00
1.996628438644334480e-01,-8.215797796242751971e-02,-2.661926177173745342e-02,2.738522218730066182e+00,2.428077463993054241e+00,-8.733862481723145166e+00
1.401702226114245331e-01,-3.542389487668007320e-02,3.493660609240531456e-02,1.868686684958182243e+00,1.208929914628436242e+00,-9.003252523179149591e+00
1.850871003880991683e-01,-4.716995230904297287e-02,3.015131267633969214e-02,-4.794927156078933328e-02,9.523072186261242189e-01,-1.336938126583212672e+01
1.338642982057651754e-01,-4.618747002178524852e-02,9.465854318750910323e-04,-4.488275753676080337e-01,-5.046945240837232838e+00,-5.648991546777430983e+00
2.851533619365294037e-01,-6.410158498022000551e-02,5.481577957363460013e-02,-1.249473515001989395e-02,-1.625334285453492678e+00,-7.116041944873291669e+00
1.804183839120578892e-01,-3.384853561177414427e-02,-2.459456631290856191e-02,1.261393822782217677e+00,1.256112327609684387e+00,-6.168596316134474122e+00
2.420932695854405292e-01,-4.206956112524862235e-03,3.044421732358287142e-02,-1.986447340593753830e-01,-1.376875147299783775e+00,-1.162949519644433494e+01
1.513673843357292714e-01,-7.124180566241644641e-03,-3.328528115427061007e-04,1.675138826303788298e+00,1.022798402341147384e+00,-8.055014732174297976e+00
2.294868245123193873e-01,-3.467717479172360839e-02,-3.310760606888921154e-02,-6.764557896083716049e-01,-1.740590667124926938e+00,-7.397526707074213448e+00
2.848805531193838725e-01,-6.538719233597628522e-02,-6.240121831728978608e-03,-1.255456128118976888e+00,-1.320382047508946999e-01,-7.103067540141561942e+00
1.766362473953375645e-01,-3.479696876726848243e-02,8.169223267271118194e-03,4.425336812598855141e-01,1.097154809394362385e+00,-5.572416294126303349e+00
2.565775378824776132e-01,-5.909196007286737773e-02,2.161421746598354843e-02,3.417080490507861112e-01,-1.038228374917685493e+00,-1.130901939564855851e+01
1.310913716638462123e-01,-3.986102130278251776e-02,-4.495965681969860128e-03,-4.458617056635834075e-01,-1.738860619191599233e-01,-9.262722210499502395e+00
2.614369481666778960e-01,-9.373805480749075603e-02,-1.279120287848397458e-02,3.919277724105664495e-02,-2.706424463524192525e+00,-9.925506136065777696e+00
1.879383174325180983e-01,-7.693035479000487342e-02,4.241991182525613191e-02,-1.381699855595956317e+00,-1.735673301966130344e+00,-6.097256148771126760e+00
2.684125900312224755e-01,-7.762632099785526929e-02,-4.115525851936669734e-03,1.283126314892113928e+00,2.503966211860110924e+00,-1.018227237358340531e+01
1.852290052399346298e-01,-3.523622947686166906e-02,2.235869468877933058e-02,3.446104391018434132e-01,9.387822614992236137e-01,-9.487148899000814595e+00
2.097874493399858320e-01,-6.487229284550566355e-02,2.629928319133310183e-02,2.143745626219014877e+00,1.645536863654038395e+00,-1.531642112533927680e+01
1.045951656637524874e-01,-1.157570640531613293e-02,9.708906781159931665e-03,-2.140798370957766039e+00,-2.239496316269565135e+00,-7.248016726185952052e+00
1.875829193442604126e-01,-4.862136714711540186e-02,-3.345428922788435538e-02,-1.127193694004426927e+00,-2.196596671896631214e+00,-9.086461761799819570e+00
1.253151072582294745e-01,-5.005633711854153012e-02,2.347336971326825089e-02,-1.490529378735864663e+00,8.442072478684428116e-01,-1.031849339445124158e+01
1.965891613788368630e-01,-6.288140352865545513e-02,1.466999622141704207e-02,2.812518377996112484e+00,2.311616338201937904e+00,-1.651886762388128105e+01
1.177105295967790788e-01,-2.162038133566834830e-02,-8.823050187291014979e-03,1.146710483775451594e-01,3.920173097650423433e-01,-8.853840256400680175e+00
2.607283034824561252e-01,-6.729875289851472431e-02,-2.321856582642810307e-02,-1.189622852885603432e+00,-2.169558536335166821e+00,-5.328504236420571694e+00
1.455372572078954541e-01,-4.191330681417848592e-02,-9.454313615216144301e-03,1.520214411216478378e+00,3.466447128580930209e-02,-3.457843549211584655e+00
1.933827413846183063e-01,-6.318452249069594906e-02,3.235710582859906842e-02,2.963960842213846925e-01,1.653815076264232076e+00,-1.091495855247031876e+01
1.240035326670705373e-01,-9.859787239374195877e-03,1.557803679475595893e-02,-5.508961880134292111e-01,-1.111988373790962825e+00,-9.580380661114968888e+00
1.856362728735130307e-01,-3.930383793329572661e-02,-1.450036889440298182e-02,-1.018651223175095488e+00,7.771533897098942267e-01,-1.342947746112836960e+01
1.469811319750475853e-01,-3.443471376767259784e-02,-4.242044700348918118e-03,-2.173223116900709240e+00,-1.407042049387308813e+00,-6.612838186613956282e+00
2.284790509317298213e-01,-4.476713523939301886e-02,-1.658861752099391462e-02,1.260144392347359421e+00,5.190784833058482810e-03,-7.855730201912769495e+00
1.456425799991374337e-01,-1.551277936438033578e-02,-2.236868625170473912e-03,9.264325572385834207e-01,-7.540660403101255849e-01,-8.612427153658153145e+00
2.099735639925182085e-01,-5.161628278442087492e-02,2.530279479413947291e-02,2.479803204919932114e+00,2.917231167713320250e+00,-1.502181674137499634e+01
1.561736123680032007e-01,-3.118224043851780536e-02,-2.470421421008241192e-02,5.917892512764572066e-02,1.274823243044920895e+00,-7.767185540850484848e+00
2.700617062015074898e-01,-7.180722234207115307e-02,1.693408752890936814e-02,-2.888615756343629215e+00,-4.225802678559080761e+00,-6.575314344354719509e+00
1.736150354311086774e-01,-3.315423819910590097e-02,3.416413494654131633e-02,1.619408132934937239e+00,6.675025403227500265e-01,-4.120436153586334527e+00
2.360142122503948725e-01,-7.230805608311463573e-03,-2.597779987586550099e-02,2.827307096009294973e-01,-1.023687137282449422e+00,-6.922144299541292511e+00
1.668848046680056485e-01,9.752568523422322500e-03,3.976621029394769580e-02,1.096725398013730368e+00,-2.811207386403350994e-01,-6.638958711156361936e+00
2.348702563873333315e-01,-6.439962012084521348e-03,-1.238474133132634256e-02,-1.109671173010718714e+00,-2.378104147525505196e-01,-5.233952557173554787e+00
1.463544206537926717e-01,-1.475565915872723011e-02,1.285812763256556635e-02,-1.362235379064060670e+00,-1.612940480213941319e+00,-4.319295144773577455e+00
1.881787721379624412e-01,-1.791250473761696327e-02,-1.355304036416210556e-02,4.318326545708958686e-01,2.260086985495882494e+00,-6.731285977055983416e+00
8.657431989575033182e-02,2.373789934885861541e-02,-2.532153307298322387e-02,6.146489536025389055e-01,1.089118169057798680e+00,-8.711648487041230737e+00
8.407567328451392985e-02,2.525845327992914946e-02,-1.577500675503203109e-02,1.182509033368449369e+00,-3.733209395379847861e-01,-1.003759232824742043e+01
4.237789298399119442e-02,1.839414387081639290e-02,2.109360527478284369e-02,-3.984109019125673390e-01,1.146975746100687310e+00,-4.323962300231389277e-01
1.199057545615733744e-02,5.478331150736703847e-03,-6.507364374524459046e-03,-1.377667259300393798e+00,1.304533831122546950e+00,2.035927041531417903e-01
-1.403674260114884387e-02,9.694825091600467459e-03,7.920717145721678509e-03,-2.588518059697601514e-01,-2.005541619163170974e+00,1.707540187008715904e+00
4.943933367240305188e-03,-1.111798275774011913e-02,-2.081572836965711604e-02,1.927507239873731959e-01,-2.088345526487629666e-01,-2.282167347575737859e-01
5.847891183713649355e-03,-1.686442226025164359e-02,-1.816506574903865856e-02,1.513815634274011890e+00,6.297617707481529825e-01,-8.136219904578670947e-01
1.854885851341747660e-03,1.956239762436995377e-02,4.281313633468150637e-02,-3.166997644058947188e-03,-3.576355390679351182e-02,1.000779602958912218e-01
1.078948505818511094e-02,2.907191462164337992e-03,-1.036860493891490070e-02,-1.402529211266420328e-01,2.231720839771074438e-01,-5.242649928638885015e-01
-8.028367771958366816e-04,-6.671472020453261820e-03,-2.206486249598995850e-02,-5.662126916338225957e-01,-1.231861795141509841e+00,-2.265970052178433836e+00
-6.514399764404488202e-03,8.948928250746668311e-03,2.156979882985495325e-03,-4.002184111192568783e-01,7.590756792067564207e-02,5.496769317061039883e-01
-3.352011699114698651e-03,2.247361913058343319e-02,-2.622029491574278878e-02,-5.561488720432584687e-01,-2.812231102275552508e-01,2.567702792583105964e+00
-1.353366467125316497e-02,-8.659022107018188308e-04,-1.925514892650926832e-02,-1.202491153123533385e+00,-2.199398752535745238e+00,1.352196094798581383e+00
5.015551962404218855e-03,-8.045164039626406804e-03,2.257674479329827011e-03,-7.440938160504956267e-01,2.178714511541934296e-01,-2.612429305988561018e-02
-3.192305429275732465e-03,-4.401218370117643275e-03,-1.242120292099316292e-02,8.446534653814031790e-01,-4.862329710424224266e-02,-1.823419041833143905e-01
-5.658786096275791877e-03,-4.163874455334504177e-03,-2.813355382216557732e-02,-2.240543435717111120e-01,6.013377384935018055e-01,-3.730268998995686092e-01
-6.649848344647879550e-03,-5.380728842309334681e-03,-2.090953758028521459e-03,-1.509147328839647965e-02,-1.272910593266462609e+00,6.914372329257875149e-01
-8.182074107999648405e-04,-5.086515262885615840e-03,1.122494437966634062e-02,-5.577099969919793176e-01,-5.997831962274197126e-01,2.823899707682997473e-01
-7.056470512161627795e-03,-7.063552343379519982e-03,-2.656608785532074690e-03,8.970029062972378897e-01,-2.947799564792692034e-02,-2.064369494453747178e-01
-2.070776717552436086e-02,-8.410241017689834564e-03,4.831753449860563820e-02,-4.895669645589623697e-01,-1.495386983398162339e+00,-5.511754507479532661e-01
1.349399244549853716e-02,-4.194350772380506243e-03,2.782009378867125737e-02,3.260966700609686519e-01,-8.200367752429215118e-01,2.410086900796071241e-01
1.603761695845773438e-02,1.076112594698885871e-02,-2.375071890298680044e-02,9.589011321985947411e-01,1.601760758018818231e+00,2.225849625992899927e+00
4.178288096432281051e-03,1.925118592855046273e-03,-1.310696485578656534e-02,-3.956374956484602357e-01,-3.652201801163394435e-01,4.177390961167467553e-01
-6.865574399688489926e-03,-1.301129482935614590e-02,-8.251592234843549423e-03,9.176068112939055055e-02,3.450000517601274908e-01,-1.971760051626988197e+00
-6.375222397897339910e-03,5.725613624028458304e-03,-5.268523711621897476e-03,-1.917791258118465014e-01,6.255738860915885380e-02,-2.694510343841058364e-01
