3.201369396279137025e-03,-1.516365557244466096e-02,7.814528399463574471e-04,5.474257646031681634e-01,-1.627571288610594469e-01,-7.066370945608698717e-01
1.440027223235615297e-03,-7.095900028682095365e-03,1.280451574546505669e-02,2.095878958700733985e-01,1.606121151399140801e-01,-4.494598796276606523e-01
-3.976708478378153735e-03,-2.917674419174731693e-04,2.998023433487005673e-03,5.084979621233209901e-01,-3.329780298518205672e-01,-5.371187128886434348e-02
-1.652403918963579049e-04,-2.805421344424057634e-03,3.593770507947770254e-03,1.098347462667526170e-01,-2.506605216414102832e-01,7.650383118148901263e-02
-3.180237862944925841e-03,6.844784327513751820e-04,3.246287503095838904e-03,-1.906551628283832400e-01,-1.245602128292409155e-01,9.264062403788711486e-02
-1.440050899448464504e-03,-1.801940331537507656e-03,-3.623051162216363134e-03,1.143795284553139092e-02,-1.444527512829431870e-01,-2.911842727733196523e-01
3.102823886122242636e-04,8.810783655729764741e-03,-1.465618518849772303e-03,-1.898216756932549765e-01,-6.775078594938212240e-02,3.863625766381535986e-01
4.690645410234075240e-03,1.049179718813068873e-03,-7.988582912794897975e-03,-2.090733832815287740e-01,1.312647383373807819e-01,2.713331569298149670e-01
1.052519607609747783e-02,1.063413723330555033e-02,-1.322240613040314913e-02,-2.286801729701528896e-01,5.411189043692526957e-01,6.361152534371254941e-01
4.210337386363260589e-03,-7.645747374982400646e-04,-2.703314685608144974e-03,-8.088029568940091618e-02,3.523905046532797569e-01,3.126469340546390585e-01
-4.574742802478295317e-04,1.220002265498062316e-03,4.225567407820686461e-03,6.580804312202077622e-01,-6.308140627937769418e-01,6.780351041050154404e-01
3.214323760175250705e-03,-5.216557264421991386e-04,3.594191999981552477e-03,5.527891263022713386e-02,-2.978410802384607314e-01,4.554710983005544889e-01
1.132937611582362190e-02,1.477064623131527435e-02,-1.998644677151378835e-02,-1.011601055417805428e+00,-4.147709087323149246e-01,-1.472338926424297811e-01
3.171612160958812987e-03,1.944300864002830587e-03,2.659753916328760209e-02,-5.439953339336104365e-01,-7.697378603146557419e-01,-8.724693330596079432e-01
-7.802289908557302756e-03,-1.958047053063511483e-02,-8.154319361001884786e-03,1.481291324234027762e+00,-1.014649545284627141e+00,-2.101122317967930808e+00
-1.361445002545442692e-02,-6.362847324612981928e-03,5.219902697616192466e-04,-4.665031933899633221e-01,-5.974030649863636411e-01,-1.576134701468476340e+00
-1.724039915798908362e-02,1.014740803542194675e-03,1.887702604547048663e-02,1.340233239948502575e-01,-1.399471648093670861e-01,8.669586052997694248e-01
8.614705109047526496e-03,-1.507397866491160671e-04,-8.857289464018858888e-03,-4.109249254842546328e-01,-6.223980215068150579e-02,9.837694195794946528e-02
8.043595106251445748e-03,5.762362326815330914e-03,1.107323815190687510e-02,-6.748997170645332222e-01,3.173023447617943082e-01,-2.179825242485438630e-01
-2.338901765084365654e-03,2.068175403649635639e-03,-9.360160111469246341e-03,1.301606759540300917e+00,3.719868307850503486e-01,-1.471822174054707166e-01
9.201422832223481868e-03,6.630209792985568458e-03,-1.191491188507678295e-02,-6.792047018081781573e-01,6.156184320513112540e-02,-2.827877974431310948e-01
1.890736910350649530e-02,-6.290233747940073006e-02,3.429699757068881139e-02,1.432941321504337839e+00,9.453001956334351474e-01,-4.658928507152358733e+00
-1.283153382263371375e-02,9.975332331128940189e-03,-2.689495795467090195e-02,-4.574554771072406045e-01,3.358395767810012367e-01,-7.658177251902425375e+00
8.153054190234182430e-03,1.696399888452704285e-02,-2.664994755271144627e-03,5.297272387545003403e-01,4.193204245699454491e-01,-2.621785049789831845e+00
2.639034079529899851e-02,-7.148805172866763702e-04,-4.396075907043887204e-03,-7.480143754630294572e-02,1.254847881256204500e+00,-1.311250041410386924e+00
7.192155403804453839e-03,1.935802222542574308e-02,-2.711976519816266043e-02,-1.926297930321736684e+00,1.416824093443010968e-01,1.415052948612088857e-01
-4.937443722585282968e-03,-5.530341848305521564e-03,1.847075280325244373e-02,1.433570756580143879e+00,5.022044332084598661e-01,1.107557013870698492e+00
1.740074137955613387e-03,-1.299946027727205689e-02,-7.875665112571754445e-03,1.058965603864765681e+00,8.306892188767248664e-01,-1.129967107169364660e+00
6.639034352197842326e-03,2.432475884512882991e-03,2.593008940295352116e-02,-1.364440981836148481e+00,-1.371943213065101697e+00,-1.109849565166755481e+00
-3.758294024842151471e-03,-9.883530119489416371e-03,1.563591426698422715e-03,4.348011572914072809e-01,2.239746103097098873e-01,-4.979061728698662703e-01
8.657847040563076968e-03,1.408429066234327676e-02,-2.897895281841450510e-02,-2.054961778870354472e+00,-8.804967378299812797e-01,4.810247472905452848e-01
1.649294226333479496e-02,3.322207176192628827e-03,-8.899289608246957473e-03,-1.984576120435427027e-01,1.694931075725108593e+00,4.009343438832640438e-01
-9.410834399035242215e-03,-1.148132264059348664e-03,2.614571307851160098e-02,-7.522937253143558989e-01,-1.553008290084882947e+00,-2.706179858633285251e-01
-9.545108856419862176e-03,9.329057356797620937e-03,-1.682675058137296162e-02,-1.489878687057062667e-02,-7.836156968160414849e-01,1.234021714323522367e+00
-2.970804177746380614e-03,-2.882955844925772122e-03,-1.737514169514495915e-02,1.080704483198915433e+00,1.380207983063876709e+00,4.561545302227983933e-01
-8.594803163769815235e-03,-7.515557246648360556e-04,1.652714955473937042e-02,1.234239539257429463e+00,3.711520562785217692e-01,9.442924923986155683e-01
-1.219605382803981564e-02,-1.449483548386266626e-03,1.036659362536008350e-02,-4.243276260511187892e-01,-2.839821201780919901e-01,-9.547152397653758948e-02
-1.262846099455934568e-03,-1.512662665447488640e-02,-1.535932285996042396e-02,5.674591452580453055e-01,-2.006988326404270800e-02,-1.461566538955230699e-02
-8.530966489621802373e-04,-4.095219495415913791e-03,4.744945745577273943e-03,6.878989526711420943e-02,3.269436062189375880e-01,4.140550340880060909e-01
-7.832397939632841644e-03,-2.175132616768675475e-02,3.644831454943646409e-03,3.147906073151886253e-02,-3.231308853469019859e-02,-1.407621875754791585e+00
1.212389720282529282e-02,-1.867468186623253562e-02,-4.111773868719241498e-03,-2.729078623526047243e-01,3.400844455312327375e-01,-1.317662128324299520e+00
3.561652046600588539e-02,-4.491818145896235570e-02,1.160648202326555051e-02,-4.017210292235232766e-02,-1.046631622186873667e+00,-2.130254931777689986e+00
9.081623917120525136e-02,-3.474050371581410834e-02,-2.432395228604226217e-02,2.549894541806738690e-01,2.138838908059204957e+00,1.904698188144836823e+00
1.713235583953149621e-01,-2.312127105305755714e-02,-3.203945720274430087e-02,-8.580728132935349084e-01,1.852952496906575597e+00,-5.174224671641101114e-01
1.566093757423260846e-01,1.716879951896843615e-02,2.729538187226791118e-02,-1.937991420383609331e-01,-2.740734602286992061e+00,3.452533567276580007e-01
3.034826966641144264e-01,2.767354768985930136e-03,3.327840187117005882e-02,2.824355704364919895e+00,3.811418106802876848e-01,-2.592381374240630088e+00
2.122751588502239661e-01,-3.198237629445689623e-02,-3.558272137691802228e-02,-1.713327588965170678e+00,-2.844958622722964847e+00,-1.225904911887580190e-01
3.878965272300232137e-01,6.639653715357318742e-02,5.225782120583570556e-02,-5.504988038289622132e+00,-4.796748249481945781e-01,7.053682537281806830e+00
2.715394101373276303e-01,3.256245562672918648e-02,-2.618719394352554686e-02,2.262792818807415784e+00,8.774243676726840580e-01,5.060519891500666390e+00
3.695784616535164879e-01,5.436106388750039375e-02,3.099413684380661338e-02,1.851823024299782183e+00,-9.970651508559982279e-01,4.418974308990323840e-01
3.868540360930228239e-01,8.384013204438592326e-02,-1.108140263805019315e-01,1.043374301121829273e+00,1.928896019552109653e+00,2.175785998507476560e+00
4.236378371860030079e-01,8.762949758951493751e-02,5.834274463148705903e-02,8.122426999031681083e-01,-7.150837992436268609e-01,3.830162546178537575e+00
2.597615291561541362e-01,2.882004125747172907e-02,-2.575786053265634312e-02,-1.165063077638669009e+00,-1.893763273283831650e+00,-1.630059103127921849e-02
3.242936431898528760e-01,1.321184435782157829e-02,1.365617705976043816e-02,-2.324006770587596638e-01,-2.422064810197319229e+00,-1.027960853169114408e+01
2.439257099042291266e-01,-1.485542975233869467e-02,-2.351339329327278849e-02,-6.161064184925127418e-02,2.268835852172894185e+00,-2.735921543935047495e+00
3.705501614377184616e-01,2.755968794943608469e-03,-1.660873122393438650e-02,-5.778520180545859697e-01,-1.289976099522486264e+00,1.839062077901532755e+00
2.216742072917616824e-01,1.091501407191830531e-03,4.838986006676482265e-03,5.479609737968124117e-01,2.025434602756519098e+00,-1.909615067241789976e-01
2.973823396400447905e-01,1.438909863703052849e-02,4.792947801018909715e-05,3.106761601014326746e-01,-1.781939713383509982e+00,-1.758291895654774617e+00
3.144166431129562511e-01,2.555595070454258488e-02,-3.972981364281108485e-02,1.675756942858945830e+00,4.177411646701093773e+00,-5.926866402866067807e-01
2.233782269296185063e-01,2.663326934441018201e-02,-1.371920003733097249e-02,-3.410827630289818835e+00,-3.567233005470136664e+00,7.714505554825243472e+00
2.623252905357453812e-01,3.514936295320922333e-02,4.975475744329443950e-02,-2.964049567938618068e-01,-1.244211363366061418e+00,9.040799817269730809e+00
3.255980119672452489e-01,7.281594173265282244e-02,-3.007087677555975169e-02,-9.132672441158387611e-02,1.705420532700598901e+00,1.103025320211448701e+01
2.133607407676709755e-01,3.621389001025909771e-02,1.715307360623058441e-02,3.043571805468946678e+00,-9.066841738031523601e-01,3.662782293254409627e+00
3.010517055215036208e-01,9.614178271710649426e-02,-4.741236532591255881e-02,4.194720008956138280e+00,2.307171533955882925e+00,9.259929810880354495e+00
2.031942170433653772e-01,8.293240748156049946e-02,-5.538747562739113062e-02,-1.848026704392427222e+00,-4.825129962962497743e-01,9.817423415987821755e+00
3.535003588257499274e-01,1.353291034067862775e-01,-3.883960020681073710e-03,-5.255694520668323655e+00,-6.340424887552276179e-01,1.980274830426627375e+01
2.100672549851338999e-01,5.038681100133857171e-02,1.678988091519240111e-02,-1.734256373257010153e-01,4.199979377464768682e-01,1.072766169971841599e+01
3.525459320324308976e-01,3.236566473801527621e-02,-2.388980126494227862e-02,3.661481061364030509e+00,-1.846424706662057824e+00,2.728534232764639356e+00
2.085922158589275099e-01,3.848066884008805033e-02,-6.817581713439233027e-02,1.516153577983235579e+00,3.012024064407038626e+00,1.863704852345481777e+00
3.483722298246969551e-01,6.162227724577551413e-02,-4.639074094351602895e-03,4.558920677176809821e-01,-1.952913644287488815e+00,5.956028731874266846e+00
2.470296694262965609e-01,2.195051574393680482e-02,-1.673184024049144403e-02,-7.818937081749920831e-03,1.108360462507681499e+00,3.324625883998395981e+00
3.385515669414007611e-01,2.281597753395470107e-02,-2.852897478389619310e-02,-4.295487403151974637e-01,1.042750534977352261e+00,3.819319161889624947e+00
2.231648449144691959e-01,-7.999798208456532222e-03,3.566653136934853224e-02,5.736860317008720678e-01,-8.537022855498458407e-01,-3.409243173535478455e+00
3.108753005132567360e-01,1.911896443868865703e-02,-3.872582189123195684e-02,1.796523657157957921e+00,2.054668146177872856e+00,-1.278443120741794559e+00
2.376754697426619600e-01,-1.018229764422873274e-02,-2.504602433981900633e-02,-2.865613063156567941e-01,-2.038700238046664559e+00,1.082535226208444668e+00
3.459123020077830013e-01,4.629004924537305499e-02,-9.945189411332044926e-03,-3.076489119041180942e+00,1.308652347204359856e+00,6.504521958021038941e+00
2.016828201569671464e-01,2.996951898760080724e-02,-3.413983976467291348e-03,-2.810786518281671031e-01,-1.668858810568950357e+00,6.159939414920303058e+00
2.958994403098400561e-01,5.289610702874814052e-02,-1.234573604338401465e-03,-1.283424551987735640e+00,-3.280654782825172866e+00,6.653294294356777883e+00
1.391699282148817218e-01,6.362546997945361937e-02,7.941300258827999059e-04,5.314782954106879176e-01,4.136654025092184050e-01,1.214515724368343008e+01
2.131166668739089554e-01,1.331222033338512745e-01,1.602023445407119162e-02,1.271627318829228637e+00,-1.725156895465806084e+00,3.483135602602140324e+01
7.717739417347457831e-02,8.136317248460134266e-02,2.564787848326977038e-02,1.273945628440146027e+00,-1.061556118026870665e+00,2.712578093081988939e+01
4.108905598336232146e-02,1.846715137906977944e-01,-2.461222662497161706e-02,6.181986654919462865e+00,1.963327001628946800e+00,3.633079564824377172e+01
6.940653055379542025e-02,1.834780485224207225e-01,-3.065715487621739621e-02,2.194185608995296466e+00,2.797115078426788859e+00,1.769105465223546503e+01
1.402604860315879165e-01,2.079784439027334564e-01,1.088716943714557184e-02,2.151604044462728904e+00,3.195070264884403155e+00,1.563785820194603104e+01
1.737625637331321471e-01,8.305377923204915191e-02,-2.682102480665549127e-02,-3.350133936509814614e+00,1.329848133568633628e+00,9.510157858025744204e+00
2.733572474293666232e-01,4.884981044737646272e-02,-1.081751163103050750e-03,1.700022990743604634e+00,-2.641579568511815967e+00,9.692191544254097124e+00
2.123047035327956245e-01,1.509105349636019611e-02,4.564990752788333772e-02,-3.191139606494077352e+00,-4.382584977571169493e-01,1.197027622203947983e+00
2.994863221026520250e-01,3.332216423126421745e-02,-4.851695621520357715e-02,1.627953161676702676e+00,-2.928879858052412022e+00,2.666310720333303852e+00
2.228028806803967754e-01,-9.765503908284678403e-03,6.016212725044234322e-02,2.133459445487186468e+00,-3.418722182520467778e-01,-3.667761834415034894e+00
3.221027948080763537e-01,3.185881640696663908e-03,-7.670955998244843865e-02,-2.119129611970559657e-01,4.314614200539635291e+00,-1.195691643117125835e+00
2.513940725826797618e-01,5.055611540471183218e-03,-3.290592908828493535e-03,-3.046905190065234859e+00,3.933400140072840223e-01,2.259737882305281886e-01
3.270165354264036317e-01,6.919077001468210142e-03,2.849316774825100262e-02,7.586242341043142323e-01,-1.843746874413394909e+00,2.431628600499764481e+00
2.079419543681189086e-01,1.823265195687984175e-02,1.062841912237205699e-02,-1.247701302878776897e+00,-2.615316350208212626e+00,-5.814107182767730642e+00
3.010581957138400711e-01,-9.967904520248538347e-03,1.364932926009757019e-02,1.354626166494365513e+00,2.419977373470954873e+00,-7.963051892857042624e+00
2.267981399183383040e-01,-2.998096132681293824e-02,-4.106136411124561292e-02,-2.564872603816480967e-01,-8.855922444535101468e-01,-2.672543137268807989e+00
2.993667484092776832e-01,-4.693771065828666877e-02,2.882291454688734600e-02,-2.545521346486126379e+00,-2.048756199409346834e+00,-2.252012503425408596e+00
2.093296103077793013e-01,-4.385387880426971918e-02,-3.227510121148895877e-02,2.661870375678362155e+00,-2.133600148348014702e+00,-1.050534265266336220e+01
1.698766560974731554e-01,-6.528049558858572965e-02,1.428278711343869412e-02,1.553300284209472748e+00,9.713506139591638888e-01,-1.116524225996022501e+01
2.360428052758298811e-01,-1.155291127959072739e-01,-1.956570099695642551e-02,-3.256814259445993121e-01,5.457131227379481420e-01,-1.610416168792783864e+01
1.674538129235587647e-01,-3.646393517782886562e-02,2.609226879339243688e-02,-2.394989834492990965e+00,-8.609686404365974877e-01,-7.672144817663964389e+00
2.698726803578885836e-01,-5.274759098423986714e-02,-2.224648021363528905e-02,-1.031605917874720779e+00,-8.720944972358928293e-01,-1.121829053649120134e+01
1.334262633662302022e-01,-3.086300516249673720e-02,-1.603430009933196065e-03,3.433580784163336563e+00,-8.117616304557888629e-01,-1.073737857112081961e+01
2.087428164399574015e-01,-2.084121550011952539e-02,-2.211777802258135806e-02,-2.483474330762430515e+00,1.678327299298613684e-01,-1.536568621474802221e+01
1.717744217429038045e-01,3.377238877206090173e-03,3.094171911455020907e-02,2.887489013970128693e-01,-2.103811677190952967e+00,2.166582559379895134e-01
2.045081385795048945e-01,-6.638035402633435389e-02,-5.560564183978711217e-03,-1.409164276768777757e+00,-2.365516852382616886e+00,-5.736429158764300595e+00
1.535957448009139803e-01,-4.144227085261209531e-02,-1.886894936260527511e-02,1.519643549511897174e+00,-1.557892177861799565e+00,-9.389367635283148772e+00
1.836858262222058613e-01,-9.691065312929936226e-02,4.452622246416454432e-02,-3.230752843844996836e+00,1.317967274673394456e-03,-2.479624169181270332e+01
1.571840019971215696e-01,-6.375432600137243000e-02,-5.524216474933033028e-02,2.722324557288254621e+00,4.091677920124145551e+00,-1.047380685022367608e+01
2.703282438302119228e-01,-1.003279507594907471e-01,2.831891320280935376e-02,-1.663473632955920989e+00,-3.955063956605782582e+00,-1.171067959450301643e+01
2.049263971926591488e-01,-1.891380864034886145e-02,1.559347211556855184e-02,8.712237918282278448e-01,1.485046648913299627e+00,-4.567567410036607711e+00
3.212356870001382703e-01,-1.829118213744695964e-02,-2.987777584375944651e-02,-2.053369946495924303e+00,-2.550831607742864104e+00,-8.206384545544571196e+00
1.959340511215894587e-01,2.389488406446105273e-02,2.379567429299489500e-02,2.429020622341762969e+00,5.503180949272004074e-01,-3.529313850526049734e+00
2.997517207149760221e-01,2.546074054513081109e-02,-2.204286148201883844e-02,-6.001039822746643271e-01,2.535424255908095836e-01,-3.801575928814122651e+00
2.135357593245439389e-01,5.255550935260266954e-02,-1.654479478498821488e-02,-2.015887190889339209e+00,-2.647320866724290234e+00,2.506387953772606814e+00
3.310124471760538256e-01,6.460194512286721036e-02,1.700147535126400947e-02,-1.176352082142927857e+00,1.564107707342538012e+00,4.006320231363340589e+00
2.098646232146355040e-01,3.377536379093060148e-02,-4.271186708743573979e-03,-1.828193447488231316e+00,-2.909677881325128279e+00,-6.588873513367761170e-01
2.853877102237554197e-01,1.064654191511760217e-01,-7.298095850222341419e-03,1.561785212893323782e-01,7.938496684241231893e-01,1.747683071790086418e+00
1.835910228790527121e-01,6.238390314203590137e-02,5.022692319971766572e-03,-1.344004442523393905e+00,9.194060066312620405e-02,4.307591530096876120e+00
2.676606618142880478e-01,1.295761484329314150e-01,-4.663072130669704274e-02,-6.782481249480865060e-01,-3.990360650968905604e-02,1.586005017738762213e+01
1.504582890440238074e-01,7.177272559612468683e-02,1.898676085202533059e-02,1.666566308066042446e+00,1.112016786646124356e+00,1.063807635338639912e+01
1.799011052573672442e-01,1.527044888764432784e-01,-8.792754581671669012e-03,3.316078088187904616e+00,4.104641937928186213e-01,1.471364063727533633e+01
1.141418226786495849e-01,9.476008256010359787e-02,1.159885670287089110e-02,-6.613382838747173809e-01,-2.277563351763901844e-01,1.355029165471972163e+01
1.542159769765278909e-01,1.710686622581167882e-01,-1.861097706330566010e-02,-4.757766029865214130e-01,4.028030036656701264e-03,3.234396555153811192e+01
6.656377668627655453e-02,1.397417323788570087e-01,-2.855519151185738694e-02,-8.622481582348980877e-01,2.398623881131193070e+00,2.405243761611077957e+01
6.250445045846353409e-02,2.491388854350253812e-01,2.979911388108852366e-03,2.037789885838749537e+00,1.342258625778713688e+00,2.858991118597714376e+01
8.658957196256489297e-02,1.803333324611621213e-01,-1.944406981375360055e-02,2.867995176355139009e+00,8.451664968319362314e-01,9.105734003254916331e+00
2.063823617460514015e-01,2.203854459066743043e-01,8.778787946172650347e-03,-2.095535672129704707e+00,5.395433123152570509e+00,1.102149641850514250e+01
1.756968707816688458e-01,1.132302711228065917e-01,-4.237604913893433523e-02,-2.478885500683427612e+00,-5.485516857830953219e-01,5.717352987203736525e+00
3.169181684700288493e-01,1.118688035007413539e-01,5.913787759890115625e-02,1.309057977188230026e+00,-4.015493027196979647e-01,4.304933271442829223e+00
1.921013547125054455e-01,5.872796316049821996e-02,-1.102008479611715774e-02,5.383115340643389590e-01,-8.076104550750096145e-01,4.112620876513849444e-01
2.723348662808680043e-01,8.947530615536569698e-02,6.236480822313800187e-02,1.638843640072338737e+00,-4.333461076537951762e+00,-7.357339255899755237e+00
1.791852319990081543e-01,3.971597453061503913e-02,-8.185887126736290931e-03,-1.300548099450738737e-01,3.032650832496535553e+00,-4.049222054273751148e+00
3.120244256370643399e-01,1.850901564719542591e-02,2.012414081207369865e-02,-2.027494441783581625e+00,-3.340630872196812540e+00,-5.854141898065655880e+00
2.088095887784808813e-01,1.831070634396425589e-02,1.507423307656924338e-02,-3.431755288602618137e+00,-6.001108334275666589e-01,-1.639431483306695414e+00
2.680354062556911110e-01,2.434358514889689573e-02,-4.040322944020691143e-02,1.306581577773415548e+00,5.269402318104683403e-01,-3.711066563029147058e+00
1.866225797230476324e-01,-9.702228882782382158e-03,5.086550349811452820e-03,1.159697135437659510e+00,-1.175180207197476845e+00,-7.313279545871705700e+00
2.538209331008551839e-01,-3.936285516124193862e-02,7.095571309088027911e-03,3.027341476350951854e+00,1.798158314555402093e+00,-1.218829055784280335e+01
1.877088930417023516e-01,-4.686595141467297942e-02,2.186393130335195778e-02,-1.623858736009568871e+00,-4.369372691292864097e+00,-5.409200395300552522e+00
2.843641374643213204e-01,-5.508227469402515730e-02,1.112577116340357497e-02,-7.460326919443333038e-01,-4.621947183330914199e-02,-6.992855145244095461e+00
1.213664073964411116e-01,-2.103644317683950327e-02,-1.768507296190668932e-02,1.080995504261903495e+00,-1.698463187779652439e-01,-8.322564137723814426e+00
2.727431462810308016e-01,-7.996401283224607859e-02,2.500547781932158098e-02,3.040603516685004282e-01,-3.402384562802083234e+00,-1.825792728248701735e+01
2.783985201256060638e-01,-3.768856197231834626e-02,6.440832548013433745e-03,1.746369969626467400e+00,2.080837639247176796e+00,-1.367973879634602596e+01
2.137175047661532545e-01,-2.218798533940003620e-02,-2.391136099294324802e-02,-1.400330375158747698e+00,-2.437038246926344964e+00,-6.878425485859489541e+00
2.607745165176438285e-01,-2.927326666996951654e-02,6.657217776883189719e-03,1.827499272090012061e+00,1.112669015268346717e+00,-1.299342080587558002e+01
1.661705654193527115e-01,-2.465388455180411720e-02,1.159433741565298048e-02,-5.445766047370822344e-02,-3.947525481003172576e+00,-1.427097977973888021e+01
2.456649187717888649e-01,-6.719926818684340830e-02,4.873146514548907376e-02,1.992610164081711543e+00,1.590104303648189665e+00,-1.942332726095699513e+01
1.759466185911585101e-01,-5.175381729464312297e-02,-6.866448399323729634e-02,-2.941669759676169615e+00,-3.239498694225385833e+00,-8.784885899958041477e+00
3.254808579420900849e-01,1.220130690827603281e-02,1.170986939273849919e-01,4.482911860854404296e+00,-1.171092654948648892e+00,-4.219150510627102335e+00
2.985670233296154885e-01,-5.431335235620116109e-03,-5.029810404102406235e-02,-1.527228427894699259e+00,-8.349037945860848797e-01,-8.855412643607960987e+00
2.015618609048555054e-01,2.523540186876538360e-02,3.343077250717091387e-02,1.000704013190435449e+00,-1.779335459342051173e+00,-4.795740932797805556e+00
2.795054774756742244e-01,2.060896472185491657e-02,1.229059301393494244e-02,-2.963444370374282766e+00,2.771547150106493440e+00,-6.907140583253493560e+00
2.267732249356992913e-01,1.372235569428004176e-03,-2.015048309737142718e-02,-3.392943806374388860e-01,-3.317124778450007749e+00,-2.301352344577775710e+00
3.382001868384201249e-01,8.765290800382685710e-03,6.806015273814274014e-02,1.043087629657420079e+00,2.138484507544942126e+00,-4.209676502114289676e+00
2.190035746149252560e-01,2.417967255110312075e-02,9.800267230348297387e-03,-4.831959732576195793e-02,-9.166103983211580930e-01,-1.236223763251572239e+00
2.972742182069367800e-01,5.425540037426100637e-02,3.003162870860889844e-02,7.048837334241506714e-01,-1.699825617044351755e+00,-3.014587058704017775e+00
1.891776032018386289e-01,4.491922850078092222e-02,3.304510487856005679e-03,-8.814606433167351263e-01,8.394202452469072817e-01,-6.510318184861983992e-01
2.815474407829783310e-01,8.582224722222303592e-02,-2.126203621400923893e-04,-1.993465052548137439e+00,-2.533009330854976593e+00,9.473036114649838524e+00
2.009058434915256264e-01,3.989177931121579146e-02,2.166812836873333037e-02,-9.427613400478683792e-01,1.150795037462148507e+00,9.192243066984689293e+00
2.479102043345613460e-01,7.346193912880749632e-02,5.472081301620405902e-03,-1.056890209178657170e+00,-1.592218938144637219e+00,1.024605331069606073e+01
1.399122097944376364e-01,4.011012232347854756e-02,-7.722414533516713808e-03,-4.962118159604101408e-01,-8.937390501584610014e-01,9.770139049485734972e+00
1.442260820417438083e-01,7.682053525343723877e-02,-5.510266700697680209e-03,-4.900351831043444489e-02,-2.215657579385504672e+00,1.708569727766249002e+01
9.328488665248402256e-02,8.173758876327363865e-02,-4.388707995042706589e-02,-1.251379877851462208e+00,1.084694976576283221e+00,2.112159039476464173e+01
8.638845258540928107e-02,1.263135203458434219e-01,7.533546285026448963e-03,1.599861646657028263e-02,1.725656728159669751e+00,3.451744511945913274e+01
7.136096087023002799e-02,2.278733542383206689e-01,-8.240906079682863705e-03,1.601400250097019695e+00,-4.660940005586042267e-01,2.610116601660045887e+01
9.206467127170236964e-02,1.565689842620869854e-01,7.547013635295973799e-03,3.537792913163215758e+00,-8.316272800590699399e-01,7.810309326096510851e+00
1.702799972432271769e-01,2.299653680738060757e-01,1.109340454086619326e-02,-3.514882790512165456e-01,2.669534804964525776e+00,1.207840783817336572e+01
1.598630601131061368e-01,1.369486235608241564e-01,-3.284080639386546818e-02,-1.928841072990558292e+00,1.591069528431115598e+00,9.474899871950194452e+00
2.944269154087173490e-01,1.576699599714612710e-01,1.392241277914690878e-02,-6.662688440287815039e-01,-1.205528375008123376e+00,1.135849802181021495e+01
1.668717730302917701e-01,8.466488739052746570e-02,-3.367046750499258501e-04,1.520793390536202772e+00,1.036421134930930910e+00,3.391791809996785645e+00
2.778551563525191170e-01,9.761177273153731626e-02,5.222295103203128397e-03,6.801772753187137477e-01,-1.611146273573340393e+00,-5.606773381248614463e+00
1.783289177907338985e-01,4.613512549765169668e-02,3.011835669067720878e-02,6.754861550741863008e-01,3.698675841279890908e-01,-5.826886248238700716e+00
2.945322972601791545e-01,5.285231574061755033e-02,-3.454601927589499855e-02,-1.216364319843906472e+00,-4.018002155918658502e+00,-5.337151196600570913e+00
1.683204636641788543e-01,4.791149484136558723e-02,2.406899257561237460e-02,8.986058165026957756e-01,-1.234919351743443139e+00,-2.682413684774108464e+00
1.993127434182148106e-01,1.134127803358220277e-02,3.155613767582167786e-03,1.352502327854643971e+00,-3.368664993800952190e-01,-1.497041314712090987e+01
1.593666828574645811e-01,-1.897076248854823177e-03,-5.918851362611832201e-04,3.656925934728232908e-01,-8.679341837756413547e-01,-1.223252724141309677e+01
2.434021792118903627e-01,1.692689137213221340e-02,6.352855982874678481e-03,-2.584749798434306522e-01,1.828684011555765210e+00,-1.125766605473176973e+01
2.083059490906885580e-01,2.288570975324011325e-02,5.579814031102589555e-02,-1.485755218084595874e+00,-1.386859535638439667e+00,1.252577806132766092e-01
3.103642827895769507e-01,6.981698337873720739e-02,2.935104490670378818e-02,-5.254307638060388363e+00,1.810215044828502595e-01,7.954256596268868940e+00
1.753083475817671655e-01,7.181805405218300020e-02,-3.974680295429915827e-02,-1.203898622855794492e-01,7.953158281711122379e-01,6.176749948960339687e+00
2.094354044018407190e-01,1.347433716992616493e-01,5.155192761153817166e-02,1.962291425908883544e-02,-3.124810379675573735e+00,1.105127623492811395e+01
1.723425495182180356e-01,1.030548160940637503e-01,-1.070329156517305438e-02,-4.745265863916016680e-01,-4.628995886863451759e-01,9.766229135037095332e+00
2.071373367611092364e-01,1.866388988956385608e-01,2.345757310866129763e-02,-1.306290023671844436e+00,-6.759494972864312778e-01,2.613515995574706352e+01
1.204013061605582191e-01,1.287649535570254411e-01,-2.816732578820890093e-02,-5.779598657391279426e-01,1.283346637080269061e-03,2.109851576934603656e+01
1.173485629263924801e-01,1.853424288377789608e-01,-7.745961786163740870e-03,5.147205146273231557e-01,1.603113112869369195e+00,2.818443358232385521e+01
1.176199848947947907e-01,1.242768370040274739e-01,1.060619174198543235e-02,5.751774776566235259e-01,6.440090391890402888e-01,1.367103511905001767e+01
2.236826418130700433e-01,1.570413485920456598e-01,1.160936508169788106e-02,2.229552366183579437e+00,-1.781825672222208556e+00,7.313907184222014912e+00
1.660563626512365221e-01,7.290544619683170247e-02,-8.048451957369238963e-02,4.099976040198345939e-01,1.764962879669552231e+00,3.790026367974507426e+00
3.030321331057241885e-01,9.476790847642435622e-02,-5.831076637549295616e-03,-3.632826946616879216e+00,-9.543075380851723244e-01,9.447902324971369836e+00
2.474720985464258782e-01,7.737331827012239316e-02,3.751379717616608322e-02,-7.312228517266204930e-01,-2.103830478805587045e+00,6.960547454507607590e+00
3.529524420680377750e-01,7.982263020958429989e-02,4.984080201860086046e-03,1.296393612903849579e+00,8.342667828103872418e-01,6.823428392760439110e+00
2.439253815709485629e-01,3.364774427887828878e-02,1.859575268256169478e-03,3.204889475839343693e-01,-1.902633844051277778e+00,-9.821894975732068378e-01
3.157101630688876615e-01,4.738470810337847006e-03,1.153292931519349362e-02,2.444343179848025294e+00,3.342647795659086096e+00,-2.555319936675431336e+00
2.438567542917973174e-01,1.943558643364512450e-02,-5.594072216277726217e-02,-1.703646237067854452e+00,-1.313687428923379530e+00,1.202307253554425609e-01
3.963480556709404468e-01,6.885215691968360474e-02,8.292920679733090106e-02,-1.629547430425840604e+00,7.686730674406982988e-01,6.763302627815846790e+00
2.318919866556892195e-01,6.301942305555530144e-02,-2.944365500635808680e-02,-1.302147279048904371e+00,4.142366493498148700e-02,3.429937424544939439e+00
3.672673547862848054e-01,7.391584520951738346e-02,4.834939440020153550e-02,1.409554103197001362e+00,1.975753972004600234e+00,-1.688838087326890725e-01
2.235872589239145114e-01,1.867767708450379649e-02,-5.395690860886603879e-02,6.891697342184505137e-01,4.487352325825905153e-01,-9.959152142901026572e-01
3.540881127197583744e-01,2.916385380899200186e-02,7.834798831987427326e-02,1.421389097289075809e-01,-5.236549405088344322e+00,3.895702689284128439e+00
2.347215104224296134e-01,2.903802179499148650e-05,-9.704194268658594691e-03,-6.473601318454512699e-01,2.074109483506617835e+00,-2.451417293130126573e+00
3.190940328225746470e-01,-1.779114346635229937e-02,3.163046223458206019e-03,-2.450211248521591834e-01,-7.846961689357498937e-01,-7.379831788848525420e+00
1.971705170416884201e-01,2.696682099441261374e-03,2.979499196950229079e-02,4.158813291148399371e-01,2.221079749608702247e+00,-5.125723054374121901e+00
3.282651379449776918e-01,6.376094158444201021e-03,-5.635965948947310733e-02,-1.132732785396461272e+00,-7.387314021806753450e-01,-1.768122379796123189e+00
2.427557218801030814e-01,-8.033148003029899620e-04,2.276861751595790281e-02,-2.028957103185813793e+00,4.830078346578948190e-01,1.701940205826498742e+00
3.029923744393752116e-01,-5.042070890399430461e-03,4.024923374655271779e-02,3.985169386988288154e-01,2.384333164948931882e-01,3.314905943112186115e+00
2.343205238845413874e-01,-3.314657684901294032e-03,-9.252219217565554876e-03,-3.380995347507575466e-01,-1.558236010565265284e+00,-1.560557142402858810e+00
2.891950783372037037e-01,3.334034169412855575e-02,4.477791122478378544e-02,-7.117905290331650869e-01,1.184085616260810880e+00,2.828630675974058040e+00
2.002888917308105476e-01,3.864625411620744438e-02,-1.820879023016089282e-02,5.916797707056112993e-02,-9.197602693811761654e-01,6.379088358378576018e+00
3.401666940733774069e-01,6.825248665928418390e-02,4.338218091788478836e-02,2.887484837869019216e+00,-1.922771000332020197e+00,1.591107992430858253e+01
2.253102576046046579e-01,5.116710373125821221e-02,-1.853174581098417095e-02,-1.099630981013941078e+00,1.331852669757310981e+00,7.813646852080423422e+00
3.161507928397115919e-01,1.190796400126306054e-01,2.698836856545423074e-02,-8.464950443246261891e-01,-1.463084289491665135e+00,9.001885873919603043e+00
2.040950723684495927e-01,8.288055636806790361e-02,-6.432722928363665549e-04,8.479739174914151523e-01,8.670646433421956845e-01,6.970399248992022123e+00
2.951817302972212786e-01,1.332016591517617421e-01,-1.243803923018656221e-02,-1.233775578278319740e+00,-2.638810959972660353e+00,1.104753695782158829e+01
3.649576691034415177e-01,1.187362555321715973e-01,8.773246871468576291e-03,-2.033909416999336806e+00,-3.480666960798238785e-01,1.557309751443954760e+01
2.532465841869502299e-01,4.180413208799826918e-02,-7.551869073600392390e-03,4.874463062520017154e+00,2.818691037632961915e+00,6.757134409466604374e+00
3.330372405194492735e-01,6.247838789030879525e-02,1.520726753734646941e-02,6.639391822559123080e-01,-7.952280519527045177e-01,-1.637826217078278968e-01
3.125850484427248333e-01,8.602747663919352306e-02,-2.311813437113316438e-02,1.358152357483868311e+00,2.769283710523954500e+00,1.072167310385226502e+00
3.260759536841613127e-01,8.880183752919279527e-02,1.376057319403878321e-02,-3.089157654255679564e+00,-3.479440766402837948e+00,4.219271065306096524e+00
2.324803541315674238e-01,5.218742386891417340e-02,3.935377525739050530e-02,-1.507938494323478373e+00,6.123468380717984605e-01,3.412032876261378078e+00
3.584899803313597033e-01,3.308829275889024757e-02,-1.114852007336769590e-02,1.499136903874352722e+00,-2.494866552994686071e+00,-6.487288039705142451e-01
2.073832759920080093e-01,3.311377344475374684e-02,-1.221676970135859852e-02,4.342039165884069574e-01,2.144294490089856176e+00,-2.257158123888248102e+00
3.100207965823242873e-01,1.313870397961913739e-02,-9.784660965668601218e-03,2.221447317018906187e+00,-1.364416348885969243e-01,3.802937379700589704e-02
2.111501042967365294e-01,1.456440207163645084e-02,-1.842279915187519657e-02,-9.065758618667993929e-01,-2.239699578758252763e+00,4.564263605852578287e+00
2.619552657556072361e-01,6.008346453678381494e-02,-7.013945439249269498e-03,-1.739085942515441907e+00,1.078497691147930926e+00,1.067129963079134392e+01
1.868880170050757350e-01,5.482077231752313651e-02,2.816664188851683570e-02,-1.040128699638130705e+00,-2.131080426762618441e+00,9.850881838275457270e+00
2.155305410566266122e-01,9.996374641207239620e-02,5.643224245526146099e-02,-1.864375085072371929e+00,-1.077937900736291033e+00,2.069906994207456918e+01
1.202473542051300526e-01,8.023178538798170223e-02,1.064651796122639826e-02,-7.564976535251011214e-01,-1.808504075346316409e+00,2.114253818611686597e+01
1.482018185121516396e-01,1.393376861272264122e-01,4.606668118850354432e-03,1.737215131447737704e-01,-3.293109443275782922e-01,3.882060452348389390e+01
7.555881714839962626e-02,1.483494431194838370e-01,2.219688906898165115e-02,1.484943217818518679e+00,-1.122161243771708783e+00,2.933242132012095382e+01
8.824564972685244868e-02,1.474903783368200494e-01,-2.521215129664611254e-02,3.163904472970419324e+00,-1.334089645704206850e+00,1.700349231181332499e+01
1.990399735406960247e-01,2.303334602222517624e-01,1.356233670151141268e-04,3.005213316699755666e+00,1.977481103981134636e+00,1.779807405172245893e+01
1.731235893443558993e-01,9.071047741754956206e-02,1.523617306335323107e-03,-1.297832445628025022e+00,3.452837288380717684e+00,7.584636551534875260e+00
3.094262383253294502e-01,8.529055986172195958e-02,5.966024929547897315e-03,-2.032564485518416397e+00,-1.208257645440932393e+00,8.498798518668859714e+00
2.223194590058823472e-01,2.324993985105461292e-02,4.609276000901485482e-02,6.543078156128782907e-02,-1.114589316907103722e+00,4.111857375969814932e+00
3.052403692660816681e-01,3.161825884937652376e-02,-2.231574008315417856e-02,1.727964300263019837e+00,-1.211293585580232923e+00,1.872735076152044265e+00
2.255679457589663262e-01,2.126155092242321132e-02,5.209604460920336244e-02,-9.302171542932481385e-01,5.044399602597451349e-01,-4.556873775972265506e+00
3.402368126591128750e-01,4.175215242962160289e-03,-4.308339819578033136e-02,8.456309570041328216e-01,-3.097625408091748689e-01,-1.896659382551098227e+00
2.646558648217531839e-01,3.353830763277443339e-04,3.771449034614926532e-02,-1.405652235183539212e+00,-2.521462545665290822e+00,2.924456866829300949e+00
3.168356619818950559e-01,-1.006804654181792102e-03,6.260660729046130246e-03,4.218576484382759451e-01,9.218509979220983475e-01,2.360037198266958569e+00
2.161855022480551058e-01,-8.191354162381259130e-03,-1.451684474651382395e-03,-1.000544375777609574e+00,-1.115811733232699110e+00,-3.182201567863113034e+00
3.109392502079514342e-01,-4.017746185500126188e-02,3.534624237812961089e-02,2.429413549659655835e+00,1.491726280342638544e+00,-8.590424473759281199e+00
1.851158706369411266e-01,-5.574657324963716576e-02,-4.457505751833057417e-02,9.391389503912822567e-01,-1.061093157092269507e-01,-6.531957961177967675e+00
2.831844373813103832e-01,-8.672159115487243497e-02,9.266649833296281003e-03,-9.836331164402104532e-01,-4.174886378994658642e+00,-1.102658264250970710e+01
1.854901032156619500e-01,-4.411454879031051490e-02,2.359254257356735440e-02,-6.754313427954089510e-01,2.314624605892766862e+00,-9.792828856864472797e+00
2.347423640917325471e-01,-5.536978718253227072e-02,-1.344913770538547215e-02,-5.281673709420298124e-01,-1.794465302774310489e+00,-1.702266668270240046e+01
1.713424446264966150e-01,-3.054100603857934360e-02,9.325949780212838824e-04,2.450213657763885777e+00,-3.362467709397343185e-01,-1.180977173353294418e+01
2.392161228523468353e-01,-3.725790729403755108e-02,1.317327390796418918e-02,-5.514177098833157320e-01,-2.398141969498039483e+00,-1.146162678939865032e+01
2.046758027543695846e-01,-4.238871924421072634e-03,1.375625551529352508e-02,-1.197183677613598229e+00,2.460112248541422852e-01,-6.491421706241063738e+00
2.891591667190258619e-01,2.721031173215304744e-02,1.217336820727793478e-02,8.723202541618939598e-01,-5.640968593088430127e-01,-7.284522987775929437e+00
1.715866263492982213e-01,-1.941034055253809676e-02,2.239617300131174771e-02,3.459118585377052302e+00,6.213823039292192263e-01,-5.438191821806698911e+00
2.389781683917213684e-01,-7.732403140361610028e-02,1.008486148480949862e-02,-3.942556232756598833e-01,-1.333959985279664417e+00,-7.226941014579442601e+00
2.002258120505775452e-01,-7.669639461789956592e-02,6.006566261405971163e-03,-1.708414343847775296e-01,-2.455689483660666639e+00,-2.701183263904924470e+00
2.125325779581697105e-01,-1.306521888804095255e-01,-2.407988713190520325e-03,-2.381342283648112124e-01,-1.227826070204017794e+00,-1.861283394035002559e+01
2.156318200112603556e-01,-1.199380388457464974e-01,3.478756090182300031e-02,-1.548273742269557829e+00,-1.545005201155755792e+00,-2.649956117634065578e+01
1.188953232724752063e-01,-5.218114773463744527e-02,-4.070796876728011160e-03,9.325567970236301463e-01,1.478598438712893204e+00,-1.325523653546020242e+01
2.480734197848118716e-01,-5.239496291946865725e-02,-9.813790556510715302e-04,-1.472803831376405359e+00,-3.848709897488050924e+00,-1.023084478531387198e+01
3.326317892273918941e-01,5.023306486274581317e-03,5.207433884045135908e-02,1.772616789609490207e+00,1.065890691753857089e+00,-7.371521535669808278e-01
3.187168121791492670e-01,2.705749744262364587e-02,-2.651473955786542991e-02,-7.352671740890062146e-01,-3.658588353812830540e+00,-1.550056926259169243e+00
2.091456446612705022e-01,9.760981775808197369e-03,5.525581826328090917e-03,2.241635291661694840e+00,3.150416483212944652e+00,-3.109822772709941674e+00
3.273658833774191201e-01,2.867156965530126556e-02,2.171451109999500417e-03,-4.423017003646619649e+00,-2.608388351151847306e+00,-2.596716921485212382e+00
2.341385792255135101e-01,4.805900908616012046e-02,2.207094376463966494e-03,-3.503829721827958821e+00,-9.028622261847931707e-01,5.232094079570916989e+00
3.395615997978262968e-01,4.453427771917883859e-02,-1.385210088101801462e-02,3.777268627955845393e-01,1.599825818783608966e+00,9.130979471537292724e+00
2.279452714230454369e-01,4.210950721360173787e-02,6.908414712095217736e-03,1.489359157267974521e+00,-5.616310638594882443e-01,4.176231680443818206e+00
3.308874783403037423e-01,8.551340736100332407e-02,-1.780072855759803896e-03,-8.752726137999170541e-01,-1.055625631909430595e+00,1.004770418898402795e+01
1.925077778783479410e-01,8.203603887683019735e-02,-4.328473418795186767e-02,1.030281227498038065e-03,-7.840483703215109235e-02,1.406699329101100737e+01
2.503940874553299833e-01,1.337286224407279178e-01,5.983163140571789995e-03,-3.773013902486138438e+00,-1.636303541892617286e+00,3.019295718561502540e+01
1.125004698456619767e-01,4.396151721439256477e-02,3.500152678509282911e-02,1.113037280918519611e+00,3.050386142862630656e+00,1.699251645332773109e+01
1.192317579822455009e-01,1.495587721252991109e-01,-1.164614974780306955e-01,2.177110772395837390e+00,-7.643147006626758166e-01,1.895070680230805493e+01
2.961043502924853854e-02,2.642915669137102519e-01,1.289241676301622896e-01,7.912174146754362702e-01,-6.483928311699591607e-01,2.154225221130121426e+01
9.587685513810795257e-02,1.712447700315431476e-01,-1.728297451645960381e-02,1.482402285910779272e+00,-8.768995852267803537e-01,1.509144582298521620e+01
2.225818469074467565e-01,2.688280571446283740e-01,-5.107273150933341888e-02,-4.355158824846146359e+00,1.598127318402301711e+00,2.157923329211276808e+01
2.058529147970542539e-01,1.136377717268191034e-01,2.911954856488968568e-02,3.518269633375647465e-01,8.118800987925693935e-01,1.696376593825247525e+01
2.981960809137924606e-01,1.192988234101521883e-01,5.408129128590594137e-02,2.060184232050227049e+00,1.802758100215085812e-01,1.403610306177197309e+01
2.141881508535529166e-01,3.341250460934164224e-02,1.544492894944882178e-02,3.655577696641573032e-02,-3.220125976603227080e+00,-1.888368259269710192e+00
2.928236872651074352e-01,-2.586794645861534292e-03,6.837186699454878003e-03,1.119589201662508193e+00,4.713262427606613514e+00,-4.857881640468444395e+00
2.080203000117425427e-01,-1.852483487784528648e-02,-3.616346393492331224e-02,-8.636038288066137936e-01,-1.474807827456752207e+00,-1.147971414604743501e+00
3.291894541788769057e-01,-3.027530725284988122e-02,7.132376192879730237e-02,-9.942904542901936926e-01,-2.484317844279789522e+00,-1.191273419688162333e-01
2.819561602380905030e-01,-5.569000317465677696e-02,-4.288788300682266907e-02,-9.687164949060521613e-01,-1.119796760192949714e+00,-1.099626579730239229e+01
2.463952113103843322e-01,-7.863622858118324288e-02,3.350195750266227179e-02,2.033066781583277471e+00,-1.643732174736306284e+00,-1.778970904658471497e+01
1.787514251692405853e-01,-6.372533985937955947e-02,-1.901674585836871101e-02,1.679911604438873163e-01,-9.386318107516971043e-01,-7.001358780647545466e+00
3.138925055454313551e-01,-6.072068097939320452e-02,1.525394363602594616e-02,-9.546972980280279963e-02,3.931009591174656204e-01,-1.522824564699003069e+00
1.813698847810933934e-01,-3.217064412972980847e-02,-2.319754965769188493e-02,2.654615654479612452e+00,1.317099677757252785e+00,-6.114995505806443354e+00
2.382805431883063818e-01,-1.129453807720124381e-01,6.247510018995300340e-02,-8.189255316200448886e-01,-5.581571129112470331e+00,-2.066870348481947772e+01
2.234409573619371425e-01,-7.382818007021607620e-02,-3.813343104847832787e-02,2.252396963093587501e-01,3.050083520067359832e-01,-1.640832394728820631e+01
1.938679426507949888e-01,-4.234312900755943243e-02,4.545411410183941570e-03,-3.056650819735502012e+00,-4.462812067178722586e+00,-7.437109300275279722e+00
2.954164008399571273e-01,-7.381193797870322371e-02,3.518465096797879221e-02,4.542472551463265784e-01,1.418908783362239800e+00,-1.003205797526801035e+01
2.146145536117924912e-01,-5.307082041338889722e-02,-7.760738548802545433e-02,-2.000717352192781462e+00,-2.818372944631545529e+00,-1.297275165320541213e+01
2.374189926677130469e-01,-9.153384674057291059e-02,8.617070589143775716e-02,-4.653618914168636600e+00,-1.290946907374193042e+00,-2.171933808046221159e+01
1.756376132771609866e-01,-5.863958964544513375e-02,-5.327530292135831957e-02,1.197727231217722732e+00,5.152007864410146354e-01,-1.001691518850456930e+01
2.994706025561659213e-01,-6.853947421436723531e-02,2.871669755811284697e-02,2.764638254663500661e+00,-1.623333692256465177e+00,-1.196199845421191377e+01
1.799293666145325432e-01,-3.027312495578704521e-02,-1.131821738177136993e-02,-1.504444734865185263e+00,4.417389901337860914e-01,-6.461111352653223783e+00
2.955025236433129199e-01,-1.953258946456015721e-02,2.375644055695661297e-03,7.828194831647745655e-01,-3.111094692833805464e+00,-1.012815412282775895e+01
1.910341263536847745e-01,-1.402296065748387388e-02,1.433278566608510267e-02,-1.160624350046727926e+00,3.701184348830389048e+00,-6.680914967272210347e+00
3.229333958986994046e-01,-1.823411702588551009e-02,-5.168994828091762195e-02,-1.742428386829803610e+00,-3.980034712503978334e+00,-4.999965174292865022e+00
2.350954598161716369e-01,4.729000084273460303e-03,2.654352434384509019e-02,-1.783604094981330102e+00,1.775223619829829347e-01,-9.607999799270549035e-01
3.367005700515306454e-01,1.247415149255359790e-02,-1.959102823592975828e-02,1.396922952546545416e+00,1.588001634126197104e+00,-3.819962743127004234e+00
2.158903419435183046e-01,2.362138709468031283e-02,-8.441393934257940268e-03,6.785001364996072759e-01,-1.072613277752038907e-01,-3.721014789052119465e+00
2.850475289094829279e-01,5.658556433323802537e-02,1.499034263044260462e-02,-1.619010094251970289e+00,1.992358111572718027e+00,-2.909736321018451033e+00
2.227572467271277112e-01,4.817122772177093171e-02,-4.236536327890133569e-02,-3.967191333185248414e+00,-4.363341493608259292e+00,2.932153603412837928e+00
3.070051060816538779e-01,1.061766501856916123e-01,5.165582854843361882e-02,-2.598266479996264255e+00,9.564039740852137150e-01,1.388205121540524267e+01
1.817982555159360913e-01,3.207237388514783127e-02,1.879388502851381260e-02,4.702898457174408686e-01,-1.131040251800258689e+00,7.432881795542273906e+00
2.409308850945146574e-01,6.434469269094678090e-02,1.059679635628946182e-02,6.243131887429215210e-01,-4.337547309377471905e+00,8.626842921970615308e+00
1.512679877267326667e-01,1.349672336876550638e-02,-5.080291693671190600e-03,1.837991920088337672e+00,-1.440984131441994220e+00,1.105009545261162351e+01
1.910768762429380097e-01,2.809767000337615173e-02,-2.796135487154971511e-02,4.985946363608324106e+00,1.067812212042360320e+00,3.277093333314270041e+01
5.559812252770424124e-02,6.887653661237891356e-02,-2.355162323323911622e-02,-3.006267971879630352e+00,-1.142199590290123412e+00,2.273848602078284387e+01
7.264537091617570552e-02,1.742379680605474768e-01,3.422612132668090279e-03,1.976586192137776532e+00,6.745562292664961657e-01,3.318636904283043521e+01
8.790670303002312558e-02,1.429315070364722828e-01,1.220415214216763466e-02,4.768790519956843887e+00,6.402344979013745163e-02,1.613836541689994064e+01
1.599546342792286246e-01,2.285084104131382965e-01,1.993940539322891503e-03,3.886649373552045095e+00,6.716053171788465004e-03,1.083676977505704464e+01
1.573223724942369728e-01,1.316266327381203638e-01,-1.054350878130006289e-02,-7.152516852475313547e-01,3.030653959798442987e+00,9.296766154066151699e+00
2.742260774869405004e-01,1.428335998698770926e-01,-5.948144201255328722e-02,-1.769461923028762040e+00,-1.293252298359567787e+00,1.228968680612779529e+01
2.009697083965553688e-01,4.495406280092403839e-02,5.859439376467234784e-02,-4.802478545967141521e-01,-1.634420548899761405e+00,4.960702062125440293e+00
2.769365950128819254e-01,4.297221619708642415e-02,-3.257073976052773240e-02,8.741412387412617058e-01,4.212522943250022189e-01,3.202337865492673963e+00
1.918969511121944027e-01,2.508358718347813987e-02,1.902529860945181839e-02,2.295390737435230921e+00,-1.360995145670952811e+00,-2.256165883438646880e+00
2.868433083003694151e-01,-2.696332332325621084e-02,-8.819154268409269692e-03,1.939530745286249580e+00,6.761247105047873962e-01,-7.353065349468135281e+00
2.000919293171723456e-01,-6.321754519301009054e-03,-3.574253337398566877e-02,5.867727893550177543e-01,-2.930689104938466016e+00,-1.130456478947897248e+00
2.694414307335383230e-01,-1.024272882603839696e-02,8.124502004090092266e-02,-2.116279029436002102e+00,-3.124154866020504961e+00,-1.110297710578761254e+00
1.303829726093818087e-01,-1.864373276061374873e-02,-7.082435937447889573e-02,-9.484043893724788399e-01,9.745573083597139918e-01,-5.729836233445633198e+00
1.247247299436464729e-01,-7.371982151345563006e-02,1.100203620308556375e-02,1.600787836830510624e+00,-3.238466244225098656e+00,-2.436747005753509399e+01
1.123252841201554664e-01,-6.312966900431749018e-02,3.629655287106807460e-02,-1.109685863719353849e+00,1.128196237765029863e+00,-1.918244617257453299e+01
2.231650422130979361e-01,-1.189718283002283439e-01,-1.445421613879011025e-02,-4.235962611029127522e+00,-2.404782573509217425e+00,-1.249523778196392598e+01
1.843072661578907534e-01,-7.015848873987506895e-02,-1.611244233468388243e-04,-1.585064002799369876e+00,1.475928212555502217e+00,-1.274083466986679403e+00
2.817974585900861473e-01,-5.372786441019827830e-02,-2.456843054921594230e-02,-1.276601996228744706e+00,4.341377504307678770e+00,3.398373555760909881e-02
1.639098704147194940e-01,2.056606231896507264e-02,3.864540126382953050e-02,-1.409353101905985950e+00,-3.483718778227243185e+00,3.430057499345116501e+00
2.549664243010705267e-01,5.070741770693576456e-02,3.991741429445135048e-02,-4.543850226854015517e+00,-4.520315154630327292e+00,1.449018464330839961e+01
1.363981040101995834e-01,5.320439194505710567e-02,-3.309260238830241674e-03,-4.638008176538147703e-02,-5.807122729989189214e-02,1.674363559501315635e+01
2.127846501703065663e-01,1.309400712361290520e-01,-7.123849422638336981e-02,-1.368269172689418500e+00,-1.838593517293669599e-01,3.336246615528824577e+01
1.512946535742226151e-01,7.653505893645462521e-02,-7.214477588075113301e-03,3.503415125723767787e+00,-4.688188192528091047e-01,1.924534270308946304e+01
1.896218773052594231e-01,1.417577909129652536e-01,7.594791364267550193e-03,4.338736213274268394e+00,5.816662571408448557e-01,2.042341012164968816e+01
1.398116019779383490e-01,1.105896001461001976e-01,-1.490987905069338093e-03,1.448599738412095439e+00,8.069066760339052569e-02,5.350431564431963771e+00
2.383201704660485865e-01,1.313093476751789890e-01,2.054686511222128531e-02,-1.476402885408555354e+00,2.608539629064725585e+00,1.271791888922410152e+01
2.067526671850097586e-01,4.340966740247687028e-02,-1.416331823098554432e-02,-1.951028396684008959e+00,-1.458081725445994570e+00,7.204377229799255211e+00
3.292665890366707204e-01,4.378142405556650907e-02,3.841327696796867364e-02,5.751794973657452514e-01,-5.263512396972743979e+00,1.443059651682044731e+01
2.081451804853446386e-01,-3.980083972573100759e-03,1.945864226135995273e-02,1.312869721292546643e+00,7.658019093693853030e-01,5.489141373364679666e+00
3.904773134037997084e-01,-1.956192681715018811e-02,-4.673293240056044379e-02,9.820562589739163517e-01,2.207885990481016414e+00,1.598708116380531674e+00
1.857423459950940936e-01,2.806256856217947959e-02,-1.240546618989115529e-02,-1.427830015585796808e+00,1.611825069941621891e+00,-7.765144119971750802e-01
2.886413401277914126e-01,4.046793931333780847e-02,-4.831266569778715214e-02,-1.679086295446413635e+00,-9.679120710775926950e-01,7.027243891288608602e+00
2.447463028575971311e-01,1.015250197821770950e-02,3.535603719645741272e-02,-1.560810625903131132e+00,-1.325954157266264755e+00,5.825375474849762369e+00
3.595951423086440890e-01,-1.848291323563566735e-03,4.505648449445592840e-03,9.928946010158736790e-01,1.369796139230959886e+00,6.212581293743064670e+00
2.680542739927838092e-01,1.041039771581764306e-03,-2.752038323989222657e-02,-7.216396373708527934e-01,-1.200684062192908019e+00,-1.477317669812792333e+00
3.081504443101568125e-01,4.503731254729670397e-02,3.477087964589006819e-02,1.351225617802565671e+00,4.161700394125617208e+00,1.905876473421424036e-02
2.163531652785413151e-01,2.668954080386198857e-02,-6.207184429543774473e-02,4.874315340834713128e-02,-2.199926379717334957e+00,1.202109206446056566e+00
3.434400719662167312e-01,4.683569754626037973e-02,6.469872019303449240e-02,-1.520951718522276508e+00,-1.706333804920899144e+00,5.247098871827891919e+00
2.454514166042049972e-01,1.566639687061521791e-02,6.652358297839916501e-03,1.299739789263769429e+00,1.111812063323175837e+00,1.468955161547687238e+00
3.650076775456412292e-01,-1.781389624915941106e-02,-6.522168987629084480e-03,3.870338749750453555e+00,9.513713509824246461e-01,-7.155781691209356588e+00
1.443697137163346689e-01,1.081579612792182843e-02,-6.722492052547858477e-03,8.225719529806684305e-01,7.608209509676744364e-02,-6.442488267394355539e+00
2.895287712312559769e-01,7.688818346589409991e-03,-3.594956084900521875e-02,-2.114728342426120289e+00,-3.263176425925979895e+00,-2.371414542118849500e+00
2.463443794543582754e-01,2.097630491647073381e-03,3.565252100657137491e-02,-7.117144215392665618e-01,1.841922220281680955e+00,-1.135432469993719939e+00
3.229097462911734162e-01,-1.244583214447989028e-02,-4.591173053179409269e-03,-3.011692468325609662e-01,-8.187616676759856826e-01,-5.037139044012435285e+00
1.845795533108454123e-01,-4.094517188847957012e-03,-2.612032110564058152e-03,2.406295843346286212e+00,5.969178574754319122e-01,-3.651763259199249934e+00
3.134779986691720310e-01,3.646404492463661828e-02,1.736914969587640550e-02,-1.741716145546801542e+00,9.365539869204838608e-01,-2.008014805452895679e+00
2.179032011688732950e-01,4.481718316466010155e-02,-7.748273570487719530e-03,-1.710792886246940814e+00,-2.523506627159570748e+00,4.256833446715498681e+00
3.456546320062594546e-01,4.507962447659480398e-02,1.940540440235655195e-02,-4.532142851485995022e-02,1.348211506691773698e+00,6.762421388408389689e+00
2.118259538362412542e-01,4.330265694444468405e-02,-1.793377621026279178e-02,8.997295492469958855e-02,-9.718539614052262854e-01,4.108735473701427665e+00
3.208169694539897421e-01,9.518013932001262445e-02,4.121940160459977576e-02,-4.631767892198819236e-01,9.491081260279776721e-01,3.251054079543067132e+00
2.094295467138964639e-01,5.722424528251246478e-02,-2.079576350188098305e-02,-1.776693999035874549e+00,8.653698479786288145e-01,6.640872036401461287e+00
3.518721235335346975e-01,1.361945992294679719e-01,1.236326866336513036e-02,-1.522055593397896978e+00,-5.316367387764026731e+00,1.917353376278175148e+01
2.243336997498364127e-01,9.897172949586607871e-02,2.079078339460638247e-03,1.306863677256808076e+00,1.381287460562410363e+00,1.359698752977420178e+01
3.266555047541919166e-01,1.213003349937569197e-01,-2.810852917459860656e-03,1.229437513465896581e+00,-1.095942347968348773e+00,8.907748625145250898e+00
2.023428627148211589e-01,8.051488449640142875e-02,4.253994010589351449e-02,5.998446708711988595e-01,-5.818248888406679642e-01,6.180349404332530661e+00
3.131581478945166808e-01,1.301489640360973254e-01,-1.064913743889793207e-01,1.299053780892989174e+00,-1.594315596672742474e+00,1.017835009562756454e+01
2.453082729214730584e-01,5.976394417017161231e-02,7.208130623314412677e-02,-2.910993216641976300e+00,-6.912119539147084657e-01,9.975788687843587965e+00
3.241385203583186936e-01,5.461846164537664805e-02,-5.074455183588011398e-02,3.958846071354041651e+00,1.996623870303114723e+00,7.307720669392616664e+00
1.991332277064068457e-01,1.749476663678528610e-02,4.217395465906259577e-02,1.192157606539711701e+00,-1.064795790960388455e+00,-2.704180438192178570e+00
2.907830135328022259e-01,5.364384677821210090e-02,2.360500507870726128e-03,2.581603128183186602e+00,2.668483382831145612e+00,-3.878634010384751640e+00
2.382007351351060898e-01,5.116987826148466922e-02,-9.102123599586148250e-02,-1.234126096961320584e+00,-2.867286822784790967e+00,-8.839129958199306580e-01
3.205483219783138438e-01,7.751720952443541535e-02,8.785857483150349978e-02,-3.911170890338117268e+00,-3.662100035551415361e-02,5.937018338121042405e+00
2.069994295301480491e-01,1.501684737599173758e-02,-5.653725054767444469e-02,1.489806546749647076e+00,-3.397901914252235978e-01,-4.463645174161707807e-01
3.310831638228490803e-01,5.300176058766670195e-02,2.142194080883239038e-02,3.091857687160436408e-01,4.846803732103117657e-01,-4.594344508221595902e+00
1.797121175026399342e-01,1.034609610289116688e-02,-1.007899961788413790e-02,1.823161306289146633e-01,1.921501453322142838e+00,-1.123582633568628975e+00
3.016124212311313002e-01,3.410510929414911629e-02,-4.123870312601607413e-02,-3.369525618321310922e+00,-2.772481846937453920e+00,6.640151729315263651e+00
2.463661752710466502e-01,6.476436925060369276e-02,8.703571773517215782e-03,4.869456449655652497e-01,1.281763951347969721e+00,1.205047510915942510e+01
2.666880924577066381e-01,1.166859523315277869e-01,4.775004400609295097e-03,5.894101164314554664e-01,-2.650287151648747397e+00,1.437067024948743921e+01
1.345693083596271045e-01,1.020868864201425197e-01,3.533690878895501264e-02,3.475197371319219131e-01,-1.617257471905066746e+00,1.276995615453758859e+01
1.292035655214806844e-01,1.044584542276414396e-01,1.742786010350177994e-02,4.046636876891941403e-01,-4.054272335070605138e+00,3.121070970828861491e+01
6.104563368524074107e-02,1.083150950565521242e-01,-1.560218262882251405e-02,2.277049300061707360e+00,1.964344702210302440e+00,2.444275458452422001e+01
3.130928424223800022e-02,2.108280724165374487e-01,2.002435736688423784e-02,1.945363400183222735e+00,-4.924974397540465842e-02,2.935778473051144388e+01
9.275891845281591941e-02,1.579758169313636995e-01,-2.720887325667978307e-02,1.048464242404519187e+00,3.249172215345885184e-01,1.404069948149399671e+01
1.338229585045587200e-01,2.466457749413355494e-01,2.480961481889454312e-02,1.779800660153568304e+00,1.892642056290513963e+00,1.384793813108895222e+01
1.467217841574139925e-01,1.462894510247196855e-01,-3.664082822838421460e-02,-2.522522344787971882e+00,9.993999509548477933e-01,9.096783980976093531e+00
2.791868358376268233e-01,1.272518475338690891e-01,4.576478385218413214e-02,6.809934402205811699e-01,-3.191203798266515346e+00,1.308039448282922379e+01
1.938363150310840055e-01,3.720394400540261159e-02,-3.225320986151830605e-03,1.084556408187430598e+00,-1.297104654034663351e+00,6.289733214809674067e+00
2.943177460613100038e-01,2.963429056767452607e-02,-4.121714851301749860e-04,2.636489604670070319e-01,1.287013877796218397e-01,4.697264599604735302e+00
1.918412743492972083e-01,9.732156081088128019e-03,-4.893825099024251557e-03,-5.873571647078205116e-01,-3.446582972931833577e+00,-7.676028973585120596e-01
2.961844843067571453e-01,2.562567223710576769e-02,-1.236441584252745418e-02,7.636452237260750175e-01,1.770809338462618898e+00,-9.499428544513938144e-01
3.637839540746028444e-01,-1.898708498095480479e-03,-3.278985700971609463e-02,-1.378793603397721501e+00,-1.213731273444872416e+00,2.906132510820858439e+00
2.181474649917152231e-01,-6.697725507174290271e-03,-1.197244296158722632e-03,1.001548179105437919e+00,3.369538294619277563e-01,1.974589692786394401e+00
3.128196219905726716e-01,-9.498863554782133178e-04,-2.703990838531128427e-02,1.178456149687852950e+00,6.998482400424059502e-02,-4.349092793667316492e+00
1.985940362021938466e-01,-4.575300914910762629e-03,1.515459581499589703e-02,1.031719804455482947e+00,1.119731990826973306e-01,-6.501652331991931710e+00
3.030684533400715974e-01,-2.336981022919726314e-02,-1.502967019946482852e-02,1.817976809890453849e+00,9.431141673719938279e-01,-6.399058079870752813e+00
2.258683290393510568e-01,-5.641811506007332611e-02,2.521226277311605646e-02,7.188686597149487323e-01,-2.892723021284744345e+00,-3.176872688927963484e+00
2.639762473198044024e-01,-5.233880945053215328e-02,-2.740061052829168009e-02,-1.675832665664178434e+00,7.624517190440188719e-01,-1.081674064432171711e+01
1.509991485154613677e-01,-1.811091359781080712e-02,-6.514304157019035202e-03,-7.338912992774706545e-01,-1.755987026268631013e+00,-8.089845391895858384e+00
2.327514222284952083e-01,-6.145969064864686970e-02,2.518960071864312367e-02,2.482954109238625584e+00,6.353979858757993204e-01,-1.241505309811492808e+01
1.574082901616220553e-01,-6.655071118183952805e-02,-3.499982938683676714e-02,-7.546798323109518147e-01,-2.316024217279841313e+00,-7.694209640079526125e+00
2.565522019142028043e-01,-7.090346326441343550e-02,4.391650029331400917e-02,-2.111814340379781996e+00,1.323853203281947222e-01,-1.213154946757288322e+01
1.736598394075228313e-01,-3.278472591258330127e-02,-7.366816026031508535e-04,1.284407310258418144e+00,-4.308429252030517853e-01,-5.441675511858360181e+00
2.316050046262718709e-01,-5.955691238942772969e-02,1.484859078547939859e-02,5.515875639695398958e-01,-6.231271898997732539e-02,-1.749668065390004301e+01
1.360781628404899024e-01,-2.246753182908742263e-02,-2.381355737487389490e-02,1.078699767605037385e+00,-7.478701341123850099e-01,-5.275744927558614350e+00
2.669535255967199205e-01,-6.501004791642711611e-02,2.360071292760423933e-02,-3.294235969895869864e+00,-5.128958582149649281e+00,-7.147327343447459569e+00
1.322014043846007070e-01,-7.178963785344461002e-02,1.762362261649069728e-02,-3.511171349645602069e-01,-1.397219574480255688e-01,-1.219242639086987623e+01
1.775171263395716181e-01,-8.956575540048605788e-02,-1.238827264625527724e-02,-5.102904158273019242e+00,-7.372630478389224917e-01,-2.453666514507989049e+01
1.083194604938819694e-01,-1.576425114497714830e-02,-1.525552253884985415e-02,4.899161644804844173e-01,4.719676344424620140e+00,-1.238757498462901019e+01
2.158201077198997897e-01,-5.989889885888111110e-02,6.760926498348973634e-04,-1.665181631411336349e+00,-2.974119297715427379e+00,-1.426939207631439643e+01
1.949811593334431770e-01,4.018869382233170029e-03,-2.002382766144802928e-02,-1.032063566807033261e+00,-9.009948646645932202e-01,-4.696547557679043194e+00
3.141850034119955115e-01,2.115310946108817092e-02,2.063512562112479465e-02,1.603100736130922188e+00,1.980798828167346759e+00,-2.689495492092834006e+00
1.929983184827648857e-01,4.195640445834669663e-02,2.329410037646001408e-04,2.562109036932168848e+00,-2.831113075332297502e+00,-4.913471354826590698e+00
3.147158739261923799e-01,1.723414854203397795e-02,-3.207991936628067087e-03,1.649649266739680931e+00,2.918047274450048967e+00,-7.010830646175231884e+00
2.133339835146295105e-01,7.089269056908342748e-02,9.929581977096146872e-04,-3.215937128802921929e+00,-5.008876926248514216e+00,-5.573761617774033450e-01
3.419972842111653755e-01,8.547752702805366809e-02,-3.006310398396985772e-02,1.252385318608475462e-01,1.759045808408792100e+00,5.356318510564737068e+00
2.077377537997078250e-01,4.659495027458238070e-02,-3.705298750872539071e-02,2.294894543403465992e+00,1.203865013143909257e+00,-1.032452251057900616e+00
3.305444960167545077e-01,8.721038293626603988e-02,3.932067543902527385e-02,-1.446976550513276560e+00,-7.529902911370374152e-01,-2.419337897539794557e+00
2.166294228278848877e-01,9.406892944940636880e-02,-2.639654837807960813e-02,-6.548210345630020024e-01,3.217869016776074842e-01,5.686152920589636395e+00
3.236399899451853912e-01,1.557734613741388330e-01,-2.442190580102443498e-02,-1.175912837112148113e+00,-9.183359429077654346e-01,1.684209425574831087e+01
1.654778182653036112e-01,9.043050275649733294e-02,3.660313305731560662e-02,5.470145997963865581e-01,-5.902665263962516562e-01,1.222539624202584285e+01
2.022500338348236504e-01,1.858043128591102544e-01,-1.285834714629940922e-02,2.287879564956801559e+00,-2.769278104398471552e+00,1.767470097842019783e+01
1.211865224923469875e-01,1.164030996668783402e-01,1.394038449783044364e-02,8.243989583248116926e-01,-1.630102971551641577e-01,1.691865970664733254e+01
1.703544157094192268e-01,1.612111593714828928e-01,4.117872168905827024e-02,4.081090965988658503e-01,1.018582691054966016e+00,3.349414700236037845e+01
1.001781529759422362e-01,1.210095315557002671e-01,-6.301028828397377268e-02,1.156186403215235803e+00,2.717857017761757810e+00,2.286286533237899832e+01
1.176175131606291835e-01,2.424732243850316049e-01,-5.801599835041310049e-02,1.260600945378277160e+00,1.651290328578911559e+00,2.887710881024958809e+01
2.185716865857774138e-01,2.714120086186220249e-01,2.345402170364510597e-02,3.671761752542955559e+00,1.047889946619801477e-01,1.440449200856331124e+01
1.452842511725891406e-01,1.349223452588010908e-01,-3.645856984112744170e-02,1.564596694877213867e+00,7.748186773458021204e-02,5.759291932110850887e+00
2.573591905549448278e-01,1.773370095310156103e-01,-3.363837146967069147e-02,-3.466468464191264864e+00,3.550565864977023978e+00,9.874843014728837076e+00
2.255316748796618587e-01,6.578940326424831397e-02,2.823110810430451423e-02,-7.855123712834007066e-02,-2.108703026913349543e+00,4.151088729624179408e+00
3.264780669690188208e-01,6.170448746532208872e-02,1.972546408697667397e-02,2.472353909717376119e+00,-2.275824580769469030e+00,3.598959001291909932e+00
1.813990431563270445e-01,5.403735165150536091e-02,-1.360704221908071165e-02,2.200493010393486770e+00,-1.193536837086787150e+00,-1.117096765698230909e+00
2.988525139218861648e-01,2.725224617525512372e-02,4.426273782860895567e-02,-2.090948562909051844e+00,2.931214340156308218e+00,-9.368307201354859615e+00
1.929313420424955128e-01,-3.062605759526348947e-02,-7.684209691501758810e-02,-1.002586507427609908e+00,8.027532397823835542e-01,-3.286655139096092082e+00
2.887950227362773292e-01,-3.299209630049704245e-02,9.414831265087070244e-02,-7.938359103626979607e-01,-8.480987349888991389e+00,-5.361457912472405773e+00
2.037443352738846913e-01,-2.227958307519628534e-02,-3.211033759822415345e-02,5.753860723770529706e-01,1.296153844962532276e+00,-5.570253737149603701e+00
2.912735203441664256e-01,-2.907757600450810997e-02,-1.197281489245188846e-02,2.295937912082455512e-01,-1.478577481665185767e+00,-1.226124903505039754e+01
1.719500793588120136e-01,-3.183919833349913020e-02,-3.711341684606295210e-03,2.312395053150880120e+00,3.403292949733735195e+00,-9.631425254299845307e+00
2.866108747177917859e-01,-1.328288442086313914e-01,6.092070026925799908e-03,-9.794083380527621729e-01,-4.613199834941466015e+00,-1.034059844259979855e+01
2.245479910066650042e-01,-5.133724946799000932e-02,2.613672487264895317e-02,6.383789454144023212e-01,-7.218164319684639008e-01,-5.833225694573744846e+00
2.969740796904594138e-01,-7.865753088156091088e-02,-4.586736376650901725e-02,-2.781749711082635024e+00,-2.698622565993080702e+00,-1.408430288288296062e+01
2.082702709894870274e-01,-2.668590003293491719e-02,1.756377541416348498e-02,-2.343710238825421621e-01,5.644651136489545751e-01,-1.206039186636914096e+01
2.592590141850938945e-01,-9.904507922213889870e-02,-4.971332451168808397e-02,-2.754898965972085723e-01,1.020525802528587489e+00,-1.644628112252795660e+01
1.852162512859893972e-01,-4.714801454238803924e-02,4.645572897325439543e-02,4.669791565180813619e-01,-5.957266598556911319e+00,-5.853175655791816645e+00
2.509454215604070004e-01,-6.821326642335688584e-02,2.190617113984968944e-02,3.589867717719288920e-01,9.584229850110946858e-01,-1.398091466475348277e+01
1.474820851341034356e-01,-4.528757362111485163e-02,-3.085422518022677696e-02,-9.193684411827948155e-01,-3.254852594704259250e+00,-1.167858583366035674e+01
2.358332262816843494e-01,-6.011535019522895595e-02,6.841559977930107561e-02,9.350561292554964155e-01,1.609096103983891801e+00,-1.850976758417364820e+01
1.645948239517004419e-01,-4.673902527544226970e-02,-8.348686370829488945e-02,-1.335350899395441271e+00,2.373809391717382478e-01,-9.331163427089141038e+00
3.051699678369843016e-01,-4.738444591852342125e-02,6.561384236661760294e-02,-8.497522347548291943e-01,-5.297670241690996207e+00,-7.028046217191556089e+00
2.183976798645518858e-01,-1.556401265148943391e-02,8.668784802702902970e-04,6.609779220175752146e-01,1.938777968452472633e+00,-4.867791815759276552e+00
2.991338574134394523e-01,-3.606301715324167212e-03,-9.078712915752337742e-05,6.300922010385368033e-01,-3.188754087643373314e+00,-8.173689483096429953e+00
2.115459391256251376e-01,1.153823892022109998e-02,3.796644664799064817e-03,-9.945994668072276612e-01,1.925104314682787310e+00,-6.264453736557668684e+00
3.242359189722474611e-01,5.507011036948772364e-02,-2.564956727248760698e-02,-1.297406518954259402e+00,-4.944346812216550369e+00,-2.645452952175927130e+00
2.442483993898532102e-01,2.484910872992573960e-02,2.236515656300216981e-02,-1.403959048444964441e+00,1.830253244084677267e+00,-1.375158716513527724e+00
3.089495561708452964e-01,6.294308663607622867e-02,2.959808501246832813e-02,1.625771436894400956e-01,-7.206507957689080035e-01,-8.472257373452470042e-02
1.932519415756757120e-01,4.833450076996370637e-02,-1.518221424891516569e-02,4.176188520574830587e-01,-8.591004041346257392e-01,-1.806582810753428747e+00
3.152189697397869139e-01,9.710249397677930827e-02,-3.414984074146557025e-02,-2.490738301109597597e+00,3.928588761659258743e+00,-3.619222049438949873e-02
2.445762821837758061e-01,5.423133458915213589e-02,2.236285124275071493e-02,-1.180107877150409434e+00,-3.201202110681215629e+00,5.470526259920948320e+00
3.424996672145463883e-01,9.375998201886515115e-02,1.020477786600063053e-02,5.987531182066907487e-01,3.086567241506924519e-01,1.371641101553515085e+01
2.503810630823957162e-01,9.154318441284758912e-02,-1.781596063513649075e-02,3.031397518307930028e-01,-1.746614243248776788e+00,1.493113471088595112e+01
2.297556577647048570e-01,5.687524312604730348e-02,2.774808812766704769e-03,1.649593639669529432e+00,3.729682619941027122e-01,2.289887129699864943e+01
1.187513793433989662e-01,5.100817690483783196e-02,-3.228414130919080027e-02,5.800001752813008782e-01,-5.425536880840164944e-01,2.199239763239751255e+01
6.357621369944999046e-02,1.896693843006636016e-01,-1.049745101204643816e-02,6.241712201493389012e-01,1.686473425612776911e+00,3.117123475271637645e+01
3.868281582134669438e-02,1.763617007826310257e-01,5.983156758420357657e-03,2.976548555201673274e+00,9.420473575189480808e-01,1.925766288988927855e+01
1.239353305917529902e-01,3.052377737544045289e-01,-1.500618135456831259e-02,1.511756011883319095e+00,3.250797309720583894e-01,2.018749274545650252e+01
1.619756159115950389e-01,1.661702547829040366e-01,-2.586684749766167413e-02,-1.295217330872176831e+00,2.872090841419724150e+00,1.511567596374382916e+01
2.237967600721857409e-01,1.567424092567921701e-01,-1.769546515168142486e-02,-2.297841946581866246e+00,3.439746345026173380e-01,1.824919987642824282e+01
2.630777048507009219e-01,5.820081354765035964e-02,2.749770558152468680e-02,2.667802903021395888e+00,1.942612749927956184e+00,9.616726896759274723e+00
3.603464104113305311e-01,5.967953553697502578e-02,-4.558607327282532262e-02,-1.356821529826030548e-01,-2.296059590206537826e-01,2.802190731270447710e+00
1.946102843736843280e-01,1.978279681233852116e-02,4.483026189860439548e-02,-5.020835143960976632e-01,-2.461276744340993083e+00,5.060533616373835697e-01
2.975084467539470534e-01,-4.088736406139770185e-03,-3.461269305697664556e-03,1.526850900324337790e+00,1.425532997754626496e+00,-2.657168679964054814e+00
2.043826396535242118e-01,-2.919337766414809021e-02,-4.725643337640195174e-03,1.050170843739381521e+00,-4.095605993451906457e+00,-2.118592858145821101e+00
2.689728375315976194e-01,-6.839147918786156466e-02,3.255876808446873938e-02,1.488571921714018753e+00,9.400214754435488873e-02,-1.215234458962896547e+01
1.069936382720825252e-01,-4.881553583474262242e-02,-2.947044107728189616e-02,-7.591098528730404471e-01,-1.857640246637485948e+00,-1.524034108556707956e+01
1.525189237177088097e-01,-9.389959977314543682e-02,6.375395875472714136e-02,1.687485065406437945e+00,-1.289652360078483717e+00,-2.547196191224332651e+01
9.665864280535996222e-02,-5.475291699489448494e-02,-2.444037318089280902e-02,-2.124449324196596933e+00,1.579866968349917355e+00,-1.313693410742507339e+01
1.922856513238335452e-01,-5.649917525835579379e-02,-1.109712643647377261e-02,-1.492067672788085497e+00,-5.543674738803476387e+00,-8.768685079400585280e+00
1.678160216350425560e-01,1.590785446826414873e-02,3.556540244622090341e-02,-4.289197931144990150e-01,7.567708844349581021e-01,-2.934251275209089016e+00
2.650469792447183726e-01,1.161856838206853926e-02,-3.596014311161885302e-02,-1.555155051038541680e+00,-1.210327362091876857e+00,-2.151258772387422802e+00
1.820991655611385873e-01,4.135351654177132907e-02,2.266934350017753286e-02,-5.559005169697630588e-01,-8.196320118276197997e-01,1.153295459567514059e-01
2.512395996385330399e-01,1.277247633729958753e-01,4.476947965756594705e-03,-1.594823337007522435e+00,8.459224439255880190e-02,1.700237076690126514e+01
1.814221697614981643e-01,7.860127897369528771e-02,-1.622192939718852811e-02,-4.941170448899034895e-01,-1.043925172676145374e+00,2.212415318578146994e+01
2.247960293380890651e-01,8.594220977929745153e-02,-1.244541671503573976e-02,1.181317268614057836e+00,2.253185114162747027e+00,3.238756183329763871e+01
1.192343650694717427e-01,7.154104258613758205e-02,5.086094172929669921e-03,2.061613725119658902e+00,2.360467783086637183e-01,1.689751326357627192e+01
1.771587065440951014e-01,1.587785523356324280e-01,-3.258581196118807283e-02,1.524855265619524003e+00,5.192712638566077121e-01,1.537369858938842526e+01
1.631270096042787554e-01,9.930118796622888766e-02,-2.253118182864481678e-02,-2.221485663644378494e+00,1.636493886314632995e+00,1.318423532317934210e+01
2.370023931809202011e-01,1.398966481700194553e-01,-1.161014237438744157e-02,-2.063619642933970155e+00,-2.418307109945057931e+00,2.681926766524631489e+01
1.567410869718165733e-01,8.406145985347834859e-03,1.607107224420803449e-02,3.479649390856005997e+00,2.142349029456442011e+00,1.101613050092845825e+01
2.283510678940424976e-01,5.397130912790870649e-02,-2.200621474442923664e-02,1.501045961044414012e+00,-3.119909172011535059e+00,5.510552289248510149e+00
1.717458261288059840e-01,2.515536621759117963e-02,1.493356706945292434e-02,-1.382615792880266016e-02,4.816178517679879367e-01,6.046867020391545333e-01
2.049538258871402008e-01,5.826589254399106022e-02,-1.623780561437956904e-02,-1.247408810794266021e-01,1.267871825688126508e+00,3.599955920484037453e+00
1.325949852457341260e-01,2.974649048290145537e-03,2.551482303031500642e-02,-1.886408762952384244e+00,-3.216170681177477064e+00,5.010225752183672832e+00
1.619923635720502963e-01,-6.324740751256774374e-03,-4.450865224632517825e-02,1.307177244898815927e+00,3.462616382154710681e-01,7.693210880047802291e+00
9.463989741093520314e-02,-1.822509762983481885e-02,7.527889977382296038e-03,1.698003059212702670e+00,2.657105705835725917e+00,5.755053833098535687e-01
1.617612810356602870e-01,-2.222681282150640314e-03,2.183395500411458579e-02,1.103019456590804692e+00,8.122169858105887652e-01,-1.915865507548474955e+00
1.270264391311290986e-01,-2.870559086948631933e-02,-2.854193633806845903e-02,1.928403799214756908e+00,2.162193610855442927e+00,-4.137274501966484053e+00
1.934552766556718595e-01,-2.000666051802713064e-03,2.027313515520103027e-02,-3.459043519452354332e+00,-5.822228129505350180e-01,-2.612141383233304470e+00
1.562081245173431165e-01,-1.257824805534013546e-02,-2.584721729128644507e-03,-1.655717773092663547e+00,-2.043326718224693028e+00,1.598600009194222960e+00
1.817697891208365224e-01,-2.185301076724377456e-02,-1.633386385747886971e-02,-9.937727368502434766e-01,-4.957538411118600150e-03,3.329365542409790102e+00
5.208210521380807201e-02,4.644493583050635088e-03,1.766549002365690180e-02,2.090456741542986219e+00,9.770921063981125032e-01,1.643756858251627762e+00
2.104736666843765036e-02,4.233410246718860570e-03,2.493640135146302228e-03,2.082205406961194494e-01,-6.112488894010411622e-01,1.313895442465381258e+00
-3.470018915161299233e-03,-3.604459493105061085e-03,1.732314932959491682e-02,4.287147686557865600e-01,2.266683135189772325e-01,-3.720447392694476441e-01
-2.284473339344961218e-02,-5.370487522166400574e-03,-3.141955877779128992e-04,-2.950953258856491290e-01,-1.317286066246321719e+00,-1.638021957694149711e+00
3.059764288054989123e-03,1.627137217514729173e-04,-7.081967598063829139e-03,4.432949588905659155e-01,4.910538467838660992e-01,-2.819700436561499712e-01
-8.297207869368827815e-03,3.078125571993606258e-03,9.272627387903742413e-04,-1.846495005827248348e-01,4.551321441261367839e-01,4.967028175049195693e-01
-2.337816873676956675e-03,-2.089393815890461248e-03,-8.128348301687252087e-03,6.359843937644535372e-02,-1.637936700131676360e-01,-1.414838174929858861e-01
-1.285286682398179003e-02,-1.060397391334588768e-02,-7.309170378986068473e-03,3.417180306590695826e-01,-4.309182768292031396e-01,-1.076259241362285679e-01
2.221126136745077417e-03,-1.126093255307214491e-03,1.160920099171278141e-03,1.154318391794249311e-02,1.304860285936837172e-01,8.795871824131636096e-02
6.094034077861021359e-03,4.928677509923318212e-04,-8.933939358311951406e-03,-1.753612218446793172e-02,4.214857416534163459e-01,5.310142292557196164e-01
2.720950340875827322e-03,-2.244424037280423612e-03,-1.730361877082919886e-03,7.430465211532868985e-02,7.630640771764564401e-02,-1.929554415607828977e-01
-6.342924907534408518e-03,-1.636804176607242756e-02,-1.253791559252832866e-02,2.785007331969466371e+00,5.857923500833160935e-01,-2.045100654649195882e+00
-2.634616368418996046e-03,1.009586520365968187e-02,5.336606541002951454e-02,-1.156999915114853339e+00,-7.432476295892752605e-01,-1.598590625877454041e+00
-2.803844333884253359e-03,6.270749884841775312e-03,-1.131966282479244038e-02,-2.213342452580252306e+00,-1.861349081276195916e+00,-4.496800606677571754e-01
2.449283654381462227e-03,-2.115343158299909376e-02,-1.622819886375156950e-02,4.706927442004349427e-01,-2.686257598622893150e-01,6.587912058834978213e-01
1.533731694364881548e-03,3.227982694153697096e-03,6.137271597097759823e-03,1.947399587727275672e-01,2.951607439795116972e-01,7.882112198690870430e-01
-2.041081356876750519e-03,3.358592840956853287e-03,-4.531746309432996278e-03,-2.146313151090544977e-02,2.001282758223026925e-01,4.617102545158702220e-01
8.227523496983968343e-03,1.536333901655762002e-02,-1.176557162819417968e-02,-2.218121885320666620e-01,9.611947288250985988e-01,3.603146832660694687e-01
-3.161099931278110731e-03,4.142973357078028052e-03,9.257394849383038249e-03,-3.046201913278244744e-01,-2.949257057071018751e-03,-6.711789747550697127e-01
8.518150004403146625e-03,-2.581181458128689599e-03,-9.114396956245732206e-03,-4.869983861194837060e-01,1.968583033046873987e-01,-6.480615143585164439e-01
-1.055045152167144451e-03,-6.580651428864325858e-03,-4.494763904448334513e-03,-1.968986502295945983e-03,1.588459250919318499e-01,1.558513727118959191e-01
-7.273636732829658058e-05,5.605586342883661644e-03,-1.473765381985013556e-02,-1.148133879134667808e-02,1.391228806162386478e-01,2.904279113416298741e-01
-3.620461930505136650e-03,-5.977118765891908936e-04,5.624245453730705724e-03,-9.906065461525577487e-02,-2.210761048142732277e-01,-9.314616294034561150e-02
-9.942892456934249168e-03,-5.283689819911563390e-03,2.957196855862265217e-03,-1.582960839604082015e-02,-2.672221868342841700e-01,5.177667021987399261e-03
2.969137417804912360e-03,6.315540117295070921e-03,-4.665068321316453992e-03,1.300278198346783431e-01,9.748835152923547576e-02,2.482768994671539498e-01
1.267960732582218419e-02,1.431298839911665510e-03,-9.710835344139412406e-04,-1.368212749324114984e-02,2.582938382918985032e-01,-1.589415346006244345e-01
-2.313344004230888373e-03,-3.654309545857659103e-03,1.593831862944553035e-03,9.051158732452014091e-03,6.446308570251176040e-02,-2.372602258017992571e-01
3.721324535156389501e-03,-1.469946873424721190e-03,-3.136826244536511377e-04,3.511674700831555335e-02,8.909462896420725087e-02,-1.746088878106503636e-02
-3.343147870719320736e-03,-4.832891732170940813e-03,-2.598918533949209908e-03,1.604723486487563688e-02,-5.359733653165245360e-02,3.500336409837672691e-01
-3.972553548748480878e-03,-2.454175041558426251e-03,4.434911500147728503e-03,2.877832576636588785e-02,1.358918210896229994e-01,5.053080544265037277e-01
4.847405835554985387e-03,5.136494628146248687e-03,-2.965481594931068665e-04,2.072460160646302230e-01,-6.138095858997505427e-02,2.716819172310703245e-01
1.919849932024986217e-03,6.452953509742398452e-04,-4.436183390249121006e-04,1.434071499835733454e-01,5.828022308265967677e-02,1.191539027761610858e-01
-2.317921596688199415e-03,-1.392775732890316753e-03,5.554239152752299402e-04,-5.152540283388174630e-02,-1.616311792713140960e-01,-5.657919297278837800e-02
-8.548381298914664583e-03,-2.883002232202058757e-03,-9.307247335959001333e-04,-1.569912837776446524e-01,-2.431952822528203606e-01,-1.681938905586374267e-01
-1.046739734366197716e-02,3.707371521420088634e-03,5.752199128091078917e-04,1.105989883633725322e-02,-3.744882800609946605e-01,2.102051104595502040e-01
-9.527210857705359359e-03,6.590874758874543105e-03,-4.279340522266666946e-03,-6.965736010542260548e-01,-1.937489989400785137e-02,6.139020482149261104e-01
3.418970771382756624e-03,6.245340301018975637e-03,3.213596483466391041e-03,-7.874652605428313912e-01,-3.169798995651564866e-01,1.801278484075890807e-01
2.318284083789423633e-03,-4.870387294146460988e-03,3.948981871263995691e-03,2.036646226386239766e-01,-2.507967458352022283e-01,1.299429977434576056e-01
-3.563217833945087065e-03,-4.112616757261933209e-03,-7.688053037343017815e-03,1.026232022390680537e-01,-8.543496624137368600e-02,-9.833479874423504963e-03
