5.050942482550189322e-02,-1.564232726674172694e-02,9.732410818343788933e-03,-5.560737860554010314e-01,7.739099180482843510e-01,2.356823719967543751e-01
1.501581083555254825e-01,3.557436643926141506e-02,-2.384063623558422759e-02,-5.577616729134299289e-01,6.343959878413162334e-01,7.135279849310101064e-01
1.185569130436188723e-01,3.198394835509758144e-02,2.188447459898690273e-02,-1.046767576096578750e-01,-1.575937954331208868e+00,-1.711308349459532696e+00
2.112185127561510556e-01,6.216737907998533957e-02,-2.930304964520675376e-02,5.342264570142979396e-01,-2.426700612963477166e-01,-2.867310005063841150e+00
1.415799299966905567e-01,2.648753451294780237e-02,-3.709683590668584607e-02,-3.197544122449759163e-01,1.713069206268660549e+00,-7.042993282140097566e-01
2.710583508607796732e-01,3.834037251247424116e-04,-4.067410266326246249e-02,-9.419081941949557502e-01,-1.070907128128695929e+00,1.694950086329677585e+00
1.731199017968982901e-01,-1.260382276710769744e-03,2.432315236258070223e-02,-1.516107180568895041e+00,-1.613556744766404538e+00,-1.095390530080596392e+00
2.607485740500865568e-01,2.844376492862846217e-02,-3.859016294561554150e-02,2.931761757839972948e-01,7.415733495519195584e-01,2.963208268787828281e+00
1.857242945111268195e-01,3.393342426491935404e-02,5.687755163692051474e-02,5.300015403231272515e+00,-7.282132931437574896e-01,1.896706973556408604e+00
3.509974420700081588e-01,-6.330893280077451446e-03,-2.942676786097364605e-02,-4.945307753792795857e-01,6.754662362762633432e-01,-5.667400977766423154e+00
1.973242269428605589e-01,1.995337256077334143e-02,-1.713595902969658469e-02,-9.842121967229355839e-01,-2.569146905700045558e+00,2.352924977391436023e+00
3.124398801152312721e-01,2.612434835023347279e-02,-6.008265398744883079e-03,-3.532811536098191763e+00,-1.984398590742462387e+00,2.302893767431355876e+00
2.931066996296181060e-01,3.648352133426113753e-02,-7.887183308800127524e-02,2.609540372178059120e-01,-4.739691835772659734e-01,3.060640702820897729e+00
1.689915260217844661e-01,-1.208252811082272810e-02,5.335398679720104731e-02,7.187265880675428598e-01,-4.986876101881693168e-01,-2.422238299733647793e+00
1.596320197423217735e-01,-7.107662567836542378e-03,-5.895460126790968980e-02,-9.240555022251809580e-01,1.613903707345205163e+00,-6.557891390843709756e-01
7.511316403959078514e-02,1.511941341334699374e-03,-4.578425620317350120e-03,-2.349388901590531986e-01,1.888707756084858858e+00,3.123480410805833607e+00
3.485700505667210791e-02,-1.820484469810436032e-02,-4.357379706356795390e-02,1.017468983838524688e+00,1.378485512081846220e+00,1.318612537815054164e+00
2.702748397742249509e-02,-1.145986500867680891e-02,-4.674740710861796655e-03,1.143969130999600570e-01,-8.352638680811609595e-02,2.142439279530771734e-01
9.139254840783861411e-02,-7.756436831979893198e-03,-2.798643866884198417e-02,1.344466545861334072e+00,2.636909909926039131e+00,1.312286075182291123e+00
1.046893601928902129e-01,6.507946143069071043e-03,-1.425915427037729999e-02,-1.410193633233697563e-01,-5.564362275043683859e-01,-4.611557549598041539e-01
2.205948493561993295e-01,4.785150758741681110e-02,-8.149638109979706613e-03,-8.978066844284963155e-01,-7.822240119508543366e-01,-1.813340552179021348e+00
1.583318821113430808e-01,9.909227261441354295e-03,2.331938860641158406e-02,8.043997048298767716e-02,-1.660184264194913273e-01,-2.301507354188212950e+00
2.045404826368257822e-01,2.892719832828630211e-02,1.397821679201932676e-02,-1.342102269676356541e-01,1.693154483093030294e+00,-1.368549277349039306e-01
3.271033065424964192e-01,-6.298659289113126003e-02,4.132801848239008036e-02,2.189491562694125815e+00,-1.665566330323317468e+00,1.565943530491499924e+00
1.775301869367265084e-01,2.469001519122117003e-02,-3.125060553549113829e-02,4.296697200453376483e-03,1.964842646330121401e+00,-7.276478544762629008e-01
2.747097816115600111e-01,-1.846624683024306046e-02,5.297828266273953840e-02,7.961635230697993171e-01,-1.883624155533731859e+00,-1.097802166713242933e+00
1.763505651159746890e-01,3.379991820523509105e-03,-5.353275933149298504e-03,-5.246425138182907455e-01,-3.466122012665754371e-01,-2.861752487910677711e+00
2.787918732036729352e-01,2.354562869240678369e-02,2.853651560871617310e-02,-2.437972329689139794e+00,1.047378561782410067e+00,-1.733461561343342838e+00
2.256478950898248570e-01,3.903262418294928260e-02,9.816984354973697091e-03,-1.385023978342644790e+00,-3.224276171404718117e+00,1.625627153235056355e+00
2.609301903089953356e-01,-1.406154787297470010e-02,1.291540095345866668e-02,-1.171469027168835719e+00,4.874444357144901430e-01,5.442940590080048935e+00
2.010370671624821526e-01,-2.261642877125831508e-03,1.590403493767603149e-02,2.103186670816264314e+00,6.678487827912894526e-01,3.495162059478894023e-01
2.656510724715044347e-01,-1.613425196304235643e-02,-7.686341698369375530e-03,-2.686160642293651257e-01,-1.006412085358809883e+00,-5.280774883984352464e+00
2.362901913802941678e-01,5.974637994613901659e-02,-5.942567669675047348e-03,-4.866513279832028471e-03,4.535068335173906284e-01,2.230646039185430141e+00
2.054009575273152421e-01,-4.046507726850820386e-02,-2.608875773076058113e-04,8.300696170254004969e-01,2.797064351687628680e-01,3.039456804138704449e+00
2.393765998479358004e-01,-1.842952664580604916e-02,9.642424361906848373e-03,-1.995723904585409159e+00,-1.365981086794361365e+00,-3.731648413050018820e-01
1.282683448408050708e-01,1.208364892836541471e-02,1.454047974822192391e-02,3.179962238022832621e-01,-3.037582100313616085e+00,-2.355999459673161045e+00
1.646134876949734149e-01,2.289891822304593316e-02,1.029509078570944869e-02,3.009176054683713630e+00,4.890222490865405169e-01,-2.936744996316067891e+00
6.519857881556756496e-02,1.198208935610511894e-02,-7.523241201878971829e-03,-2.080551186456551793e+00,4.870738015774526697e-01,8.082201077134889555e-01
5.758294495658944356e-02,-1.087059442685273103e-02,-2.258666366925221602e-02,-2.595146884084886807e-01,8.215335723483402353e-01,2.231284125830253817e+00
2.347603641691797804e-02,-2.349627214135102671e-02,3.087296354574942114e-03,4.139448889947884291e-01,7.627106690558203006e-01,5.519242649326230321e-01
1.042524000698632491e-01,-3.162109775753096930e-02,-4.934391586999464785e-02,-1.064816277949258483e+00,2.047764629570924644e+00,6.223101203995318187e-01
1.393045745715530970e-01,6.790707297205743516e-03,1.117693639780578674e-02,3.619277707362606455e-01,7.890258715936266931e-01,3.243374501880285643e-01
2.747838844444370210e-01,2.508824046267251959e-02,1.443358713673930510e-02,6.766384454597180742e-01,-1.131866124519916639e+00,-1.460650395028198378e+00
3.077174457058697854e-01,3.352468760077914611e-03,5.847954533515270503e-02,-9.770326733376955008e-01,5.447460883128993903e-01,-2.485569044750459700e+00
2.390896970668663357e-01,-8.529821507698431837e-03,1.696587573554751011e-02,-2.269627814949012556e+00,-3.827178996051497695e+00,2.204566519707355621e+00
3.741868020532734818e-01,2.494313001984299616e-03,-3.885572700064543472e-02,-1.579395881737985619e+00,1.430121210779534469e+00,-2.970525211665332455e-01
2.454725612362214093e-01,9.367668070397183744e-03,9.629658596350121336e-04,9.698496467547795818e-01,-1.841082873123453201e+00,-1.812422193533375747e+00
3.393014588661280584e-01,3.554235875481304152e-02,-2.299584858823677802e-02,-1.984215519673949643e-02,1.703151025421535847e+00,-2.069232475355339052e+00
2.387923757394130320e-01,-1.326246510929807165e-02,-3.746109132116637319e-02,-1.725943301007586861e+00,-2.229116996386042882e+00,-1.233699973363443725e+00
3.664937879313967528e-01,-1.931002209925392066e-02,-3.537986678269211538e-04,-1.727328329771997018e+00,2.022462207205536711e+00,-8.649096779340639252e-01
2.317813321821571293e-01,-3.334083907261309321e-03,-3.191333407446100834e-02,9.654740503582421862e-01,-1.050811334634194072e+00,-2.887636358075500453e+00
3.274082968137648209e-01,6.917043137020462140e-03,4.170530961636875755e-02,5.138726779730489191e+00,2.243911124616832176e+00,-7.441719530130026072e+00
2.929536268132491017e-01,-1.044868025040246451e-02,3.827303290106481848e-02,-2.980389996997699908e-01,1.146263573126373170e-01,-4.178807376301365117e+00
3.305824543016946393e-01,4.057171950807880734e-02,3.286908736632626615e-02,-9.330616212216275018e-01,-2.828782129171635962e+00,-1.613261738132961032e+00
4.191264142133572790e-01,-2.794150381081994539e-02,-3.065080163524480650e-02,2.169899009765958731e-01,-2.946563631682820872e-01,-2.975444520540816207e+00
1.715946771608205523e-01,6.345057817871246897e-02,-1.063012678347754481e-01,2.213803362763072435e+00,-1.407856173413587264e+00,4.251076841383810923e+00
2.037942504920877695e-01,1.389100048106390872e-01,9.409977131672686568e-02,-3.538695023242739435e+00,-3.459156525720708864e+00,2.199521411918379599e+01
1.479878614203240517e-01,1.692094029285889645e-01,8.627142855415881328e-03,-1.407455254264150968e+00,5.358377083974082966e-01,3.545255196089399163e+01
1.160128436194387547e-01,1.212687800920777548e-01,7.370482820947921176e-02,9.160893684381126167e-01,-8.227731165306004790e-01,2.094420160578822632e+01
9.222590035756450533e-02,2.457678996159611273e-01,-5.304028084278900046e-02,5.146733297590768252e+00,-2.758682720534304522e-01,2.084629991587447861e+01
1.351874702166795394e-01,1.378777531399428824e-01,-3.599668422010660063e-02,6.082106364919839248e-01,2.058678071916192565e+00,1.095087043470172361e+01
2.477084341828222902e-01,1.424628820677398267e-01,-2.683436142230422039e-02,-1.160244962418782944e+00,-1.284211865460044066e+00,1.188812201750398145e+01
1.921275619586755301e-01,1.559032837705132124e-02,2.117699671972927966e-02,-2.396889018886469436e-02,-7.190141855067747612e-01,3.549837083586699915e+00
3.337584967714533057e-01,3.791120601018604930e-03,-3.650112672150096493e-03,-1.529604273532052527e-01,-2.352161085457115330e+00,-2.116589922777818877e+00
2.346717661437298652e-01,2.123700240785453275e-03,9.698845423296464929e-03,2.106788828316185913e-01,-8.322841794644721958e-01,-6.348952664568266790e+00
3.550944206644596757e-01,2.717107527127637923e-02,-1.750222895043507254e-02,-5.191603462606605435e-01,2.432109896878542343e-01,-6.797078372961860460e+00
2.886611014171611700e-01,6.689631148400820848e-03,-8.233166677724346183e-02,-2.003520420611596187e+00,-1.767160683328457438e+00,-1.052601421223159806e+00
4.193736838156487678e-01,4.122227129972522164e-02,-8.879093749267541469e-02,-3.643333983052736702e+00,-5.661394457841152361e-01,-7.050184306637495846e-01
2.951711721769894048e-01,1.318394403818601290e-02,4.577580662041125237e-02,2.451197067639353744e+00,-1.354326185241255809e+00,8.740523465191468722e-01
4.109825719950395140e-01,1.939744008303634359e-02,-2.689305323105362078e-02,4.096211162685581719e+00,4.141997225073974498e+00,-3.684355033708725191e+00
2.620889911958359519e-01,5.777831179116965643e-02,-4.157568881727891075e-02,-1.974441309608199857e+00,-1.852029918464976221e+00,-2.728018467617202569e-01
4.979151989450656401e-01,5.693918716208301589e-02,-7.683026617496668820e-02,-4.743368079276566895e+00,-9.353310186421538441e-01,3.027969153551645753e+00
2.048839170459118009e-01,2.637060522719991695e-02,4.320380857827821330e-03,2.268907727281733955e+00,-2.424839530361135420e+00,-1.911297812126476980e+00
2.513600336315020556e-01,-1.742845311559548804e-03,-2.252412764129907430e-03,-3.336103443266915658e-01,-1.732069955763679281e-01,-4.453220051417160263e+00
5.755057789728112994e-02,1.058429499819091291e-02,2.107927206465198822e-02,-6.021004277016226425e-01,-8.102458294201746458e-01,4.872087132509806962e-01
7.240885033947730420e-02,1.999153277115439664e-02,-4.966648339210921748e-02,-8.536237956064408605e-01,3.037500045812247862e+00,4.167270302885574651e+00
5.009268900530372548e-02,-1.386885435031004477e-02,5.859442953903837292e-05,1.572412009965862500e+00,1.588427177065899532e+00,2.193222194026652527e+00
3.304999332727476258e-02,7.122326651565202837e-04,-2.560827108498031635e-03,-7.903641931826697886e-02,-2.268586940786759543e-01,3.466883685265057746e+00
5.240005674099545985e-02,3.028735162046380935e-02,-2.921773311453290667e-02,-3.298530688130554139e-02,2.268205127615403605e-01,4.856085907192503548e+00
1.757527910941298899e-01,1.008268078779170907e-01,-7.325198035758462289e-02,-5.758403830960420189e-01,-6.087367196993710428e-01,8.358745206143586515e+00
1.021154194503939294e-01,7.600684349174890997e-02,-1.392044271040360215e-02,-7.691195113017280649e-01,-7.335943325525660086e-01,4.212834928959409808e+00
1.824639082035590665e-01,1.108846813527044617e-01,1.262178247952396859e-01,-1.863706043136911239e+00,1.358421172263957200e+00,1.169589839527401409e+01
1.740259549223975855e-01,4.867131433158888854e-02,2.184136517815327139e-02,1.985394115989099761e-01,-1.917356403566160772e+00,1.234934080628692854e+01
2.404836454857233186e-01,4.757282909096893775e-02,6.167859497155481208e-02,-2.754045607137894369e-01,1.880800887966681267e-01,1.450586746785723768e+01
1.924647535401371456e-01,-8.763477306210631923e-04,7.936463499637991248e-02,3.217284362782674378e+00,7.587986878046546479e-01,6.856826708642826063e+00
1.450411835101013125e-01,5.233583207690628569e-03,-7.306320822695333561e-03,3.423762980123602251e+00,-2.459930290285282872e+00,-4.692416803114295654e+00
1.950533789414556907e-01,1.133362329036913252e-02,-1.607326727270041999e-02,-1.244243066863006897e+00,-3.929155955655173615e-01,-9.716603281864324870e+00
1.153037067208169120e-01,-1.648329841244233762e-02,8.788584443239821908e-03,-7.425403842988077541e-01,-1.556189296929716637e+00,-5.497298515485323556e+00
1.842602046335986010e-01,-2.701443166139760876e-02,-1.268775708271729918e-02,5.408992791684161805e-01,-3.203895834329126280e-01,-9.324982525977715042e+00
1.118225104715634410e-01,-2.106574666109395366e-02,-1.791518657967805517e-02,9.345461783054942462e-01,2.462178326509010806e-01,-8.484531635644689374e+00
1.631136604311242966e-01,1.662783320929150932e-02,8.075623932145381545e-02,8.258992766648945993e-01,2.370980301384442601e+00,-1.732955031391675504e+01
1.035096757289570846e-01,3.244926715242257842e-02,3.181580028922215142e-03,4.758891825968772915e-01,5.685649994064669865e-01,-6.879414970657719230e+00
1.795845378494442812e-01,3.161910974937498509e-02,-2.361509610295797756e-04,-3.109204521779171060e+00,-5.083149004684207606e-01,-4.843848707301534162e+00
1.560465717501751115e-01,-1.575316209809862755e-02,-3.095195176316445362e-02,-1.297555133276399708e+00,-1.621297654465353233e+00,1.399768412762376624e+00
2.252373326937986420e-01,2.493237804585390904e-02,3.462222874995335431e-02,6.074973898894602264e-01,6.477777322245056313e-01,-4.393893969045303827e-01
1.353014776810566033e-01,3.865478429660917925e-02,1.039632149725999710e-02,-2.924773130842772684e-01,-7.486495614705337420e-01,-4.270470717730442622e+00
2.733039925856921570e-01,2.472058045482050659e-02,3.436995411915599874e-02,-8.145109201408584632e-01,1.567593479986493676e+00,-4.798499891322327571e+00
1.603532883538640874e-01,4.551809241231197234e-02,-2.790921234256504846e-02,-1.022671880881247386e+00,-9.726735014855630856e-01,1.283659223989542131e+00
2.671884894006844036e-01,6.805891053052626205e-02,1.590758436330852454e-02,-1.891814614311736253e+00,-3.358307858893219588e+00,1.097903654574941434e+01
1.678478837121639700e-01,2.686603963181610766e-02,1.048155604085376780e-02,6.671296139865411368e-01,3.445166332565254841e-01,7.153481185059460401e+00
2.531096724138581777e-01,1.045452557490946788e-01,5.604911845656257441e-03,2.049402849159973061e-01,-1.258485015743113777e+00,6.976800520334291100e+00
1.511032556336049382e-01,9.554570953747898443e-02,-2.043120404275278190e-02,8.964862648410332202e-01,-8.834971021827435766e-01,7.961019156647055617e+00
2.550165951522913588e-01,1.614088333789780449e-01,4.784840932687384196e-03,-6.384459987265849179e-01,-3.889909683180727828e-01,1.889856631163115352e+01
1.675031804058159657e-01,8.521289790363439920e-02,3.349211229991455596e-02,-2.121207184931158451e+00,-2.575154242397237336e+00,1.369901587260609865e+01
2.309328255129599050e-01,1.136152711900528800e-01,6.373891409689536047e-02,2.678166297332204016e-01,3.754089698440257750e-01,2.169004476963722539e+01
1.439066899361369778e-01,9.234932242741500374e-02,1.292785510460436882e-02,1.415225565268040997e+00,-7.919476480324912915e-01,1.024540288995865822e+01
2.384269380433430285e-01,1.615227180199134693e-01,-1.478739708067156045e-02,3.272113708025966350e+00,1.872909293059291935e-01,8.533117272450461144e+00
1.608909270731953001e-01,6.585473146371256803e-02,1.865047209393000394e-02,-8.328435818810829838e-01,3.808839538337013830e-02,6.238092135155800300e+00
2.548756821303488351e-01,6.600479176961382421e-02,1.495367066554287305e-03,-2.310418908980429009e+00,-1.308411418328261133e+00,1.302438933175605307e+01
1.863076443806672700e-01,-4.197409346891989301e-02,-2.040751779249294628e-02,-1.347863781132149219e+00,6.081155800588955440e-01,3.012766237212222364e+00
2.479649148460421060e-01,-7.702037291970054156e-02,1.330578314574548671e-02,4.586989043896015639e-02,-1.207086255984193723e+00,-7.596554122258098118e+00
1.630042944612313249e-01,1.617266788892113283e-02,-7.700644955264124292e-03,-1.294676673227151131e-01,-2.178723247468658808e-01,-8.990209132702670303e+00
2.536027186777776166e-01,-1.570389257293225427e-02,-3.170883924799028364e-03,1.852323992189362389e+00,6.731049424635493494e-01,-8.754453886852166633e+00
1.856374998331604687e-01,-3.242739687864037990e-03,1.640474094531851890e-02,-1.491695663140143457e-01,-9.864074099676607421e-01,-1.801011763686123146e+00
2.690411646070103302e-01,-1.061390135347206609e-02,-1.831540208001114500e-02,-1.689863818126917661e-01,4.769522541152811934e-01,-7.969844130257396353e-01
2.641967785612004960e-01,4.382421034677363991e-02,-1.506291942442206100e-02,-3.430929733221809164e-01,1.492973231275178003e+00,-2.339958450390969613e+00
1.833095196772704938e-01,2.494909560893798783e-02,5.022379938935328525e-02,-5.713958502719723026e-02,-8.556030459368332841e-02,-3.779718167458808953e+00
2.888999658104784984e-01,7.675731062472745947e-02,1.315970273045197203e-02,-6.040647209540445095e-01,-9.180474395852338265e-01,-1.102961203311215860e-01
2.267101334466943285e-01,-1.338714291163434211e-02,2.039265418489755177e-02,-1.862165185153014990e+00,5.285484530609915188e-01,-2.491695324721066307e-01
3.249873872762165661e-01,-7.285373279056095441e-03,2.592515905847792013e-02,2.851159245847980195e+00,-1.248782967723143233e-01,-8.702599886318060918e-01
2.062424502118522796e-01,4.199258730574317866e-02,-3.204282527464052954e-02,9.439492843845993519e-01,-1.032598026413809045e+00,-2.008179111274668749e+00
3.591472965623538904e-01,5.033268461903972479e-02,-1.370030897535734482e-02,2.401137168135851485e-01,2.667749100809357898e+00,-3.483762751628050491e+00
4.123301939021062346e-01,1.062017071817802361e-01,-2.396690959149250233e-02,-2.391597949826755887e+00,-1.246324452527633353e+00,6.851748229001766166e-01
2.954851872284520731e-01,7.851210557160026582e-02,2.730576101031445546e-02,-3.223735798799314267e+00,-1.538740757409183368e+00,7.294104978483766377e-01
4.364793878015178485e-01,2.501430335938792382e-02,-1.034482155323290797e-02,4.003093724586038960e+00,8.459018519201930708e-01,3.090172995398692835e-01
3.026438819168828509e-01,2.706425654067068365e-02,4.182979767702876828e-02,2.111088111995490291e+00,2.309385965252119366e+00,-3.209256179501001616e-01
4.551502613079221327e-01,4.069429218519626801e-02,4.859492139991594684e-02,1.664288286575966169e-01,-4.342554035368946685e+00,9.724489828031800398e-01
2.974237292825887558e-01,5.093918348939130425e-02,-3.439322362539276590e-02,-3.564488757872174229e+00,4.237993720680012233e-01,-2.376371102080900855e+00
4.148073830468491652e-01,7.404479945534703234e-02,4.627015987747729042e-02,3.000548429301183262e+00,-2.112882031874849353e+00,1.247242065449675863e+00
2.793065000554364463e-01,5.863923499756751312e-02,-4.707100916062301188e-02,4.922982775007823109e-01,2.447436376502827304e+00,-9.476386910118855811e-01
4.291738663989192459e-01,9.073479539332485189e-02,-5.015908767163956838e-02,2.061841598179681156e+00,4.619325049270821548e-01,1.539141487615532267e+00
4.633200616672511485e-01,4.768600889044893876e-02,1.124666358814563338e-02,-2.741273403024809596e+00,1.901465165787644018e+00,-1.591145335943574102e+00
2.839196519669775487e-01,6.126991263445713543e-02,-5.432751853092354644e-02,-2.669306699705995989e+00,-2.536634531257395686e+00,-9.978788619329007625e-01
3.792896355917086959e-01,6.181880559187202806e-02,7.439068712422480800e-02,1.293839554783865031e+00,-2.048455092349324325e+00,1.714715866096194974e+00
2.217344495675488414e-01,2.457468572791476902e-02,-1.393255794202152842e-02,4.567985620750821818e-01,3.830147735639090611e-01,3.527485094109876318e+00
2.739208551772600586e-01,2.440925237896074407e-02,7.834948588900236821e-02,1.106598397158731428e+00,1.553848063268654378e-01,2.010031812359936776e+00
1.385300764269564722e-01,2.653369936313065836e-02,-2.475385759250126050e-02,1.135910389975815504e-01,5.849431460691121437e-02,-3.625538620603017681e-01
1.757015086262099235e-01,4.183854892560567862e-02,-3.068245278450931757e-02,2.236245714538441565e+00,-3.806549617755027315e-01,-3.263757316120323715e+00
8.178771715264021580e-02,2.891847243336442830e-02,2.867505189551855516e-02,2.162873363892980461e+00,-2.823375614331583572e-01,-2.917340165043588396e+00
2.075568824086952979e-01,6.995457025541984564e-02,-1.016163586356699788e-02,-3.581611927084960900e+00,7.102232023411952921e-01,5.239074175034030389e+00
9.957242908045005336e-02,4.644755983538750854e-02,-1.095636175322844963e-02,-1.467840701953552485e-01,2.923687425223848724e-01,6.472123424065405750e+00
2.105473280277514458e-01,6.026898244024891937e-02,1.649430599146861631e-02,-5.157961410276961089e-01,-1.746983209685661675e+00,1.670662311241616749e+01
1.071610141646027747e-01,6.214052983402140740e-02,3.568390620206862707e-03,9.102863616024614579e-02,-1.698846888225806206e-01,1.374854481907740578e+01
1.528702774906118833e-01,1.415608428357009174e-01,-3.790710523738693993e-03,1.435581221615099379e+00,6.807312190173554489e-01,1.677917775403991385e+01
1.115143184064288917e-01,1.273151573637143485e-01,-6.196510210820571629e-03,5.413785022594446161e-01,-3.159239300722428978e-01,6.152305832282681131e+00
2.055265099493066572e-01,1.546871666933151701e-01,-8.272121044179625571e-03,7.885693872973803531e-01,-1.378918328515727154e+00,9.049369003822908653e+00
1.556591832649099061e-01,7.850285527243272554e-02,-7.697178872782872716e-03,-1.392108482494466060e+00,1.764165103308241278e+00,7.787892333411760681e+00
2.490179993284318272e-01,1.007422180166073211e-01,3.077930997022026993e-02,1.203205895880341270e-01,-9.854144252786419811e-01,1.037447643944759967e+01
1.800323445034353043e-01,3.958942580893953789e-02,2.491379177288921554e-03,2.681525646473309710e+00,-5.836666205308814748e-01,5.249329507135342965e+00
2.605099934848427168e-01,6.581227008553436342e-02,-1.398190787208553054e-02,-1.791477228513993769e-01,-1.167396615657327191e-01,1.827646773897662724e+00
1.744101246088902712e-01,5.307473278416185991e-02,3.418330917744905051e-03,-1.335947092838697114e-01,-4.491319431001924989e-01,-7.107551965428487994e-01
2.721090587932053495e-01,5.685048751431232006e-02,-8.661301648074104520e-03,6.413842675269217607e-03,2.713241981312949136e+00,-3.263889328461688333e+00
1.845945573715725985e-01,1.437558997467336397e-02,3.904227990420894301e-03,-1.705724817873273402e-01,-3.563486923611348112e-01,-2.902996185259633655e-01
3.234142382022202611e-01,4.364532152112476915e-02,2.266458046884389788e-02,-8.043117374006140130e-01,3.629213849665538939e-03,8.702253329380817970e-01
1.988515157774921605e-01,4.364058648425750420e-02,-2.733334347607629944e-02,4.391407507076621752e-01,9.600104677177255519e-02,-1.517277853181034031e+00
2.916040720986279311e-01,7.263668298451997352e-02,1.735381129691559998e-02,3.321917001522993296e+00,-2.029291744412712095e+00,-3.171699621579947781e+00
1.879324999687455033e-01,4.847313045081680372e-02,-2.130695243337821232e-02,-1.675221483280475265e+00,2.075633148391355043e+00,-1.242212940016255152e+00
3.304424764994506880e-01,7.979067901928393880e-02,-3.207322676353707713e-02,-6.102771752734011956e-01,-2.776336001005260123e-01,1.041509090055586562e+00
2.357297530339659275e-01,4.278351002173197415e-02,2.982757540520175610e-02,-4.047932857058089695e+00,-6.097220579815426644e-01,8.868774525007155907e-01
3.505779183345540950e-01,4.903031964724502423e-02,-2.154102005400870823e-02,-9.032731210883007122e-01,-6.907672764659374964e-01,1.720981825874123572e-01
3.557286978635154640e-01,9.080279712944383519e-02,-6.137445550321118937e-02,1.305893272229841306e+00,1.433863682329844291e+00,-2.390007708969302147e+00
2.320038804144100020e-01,4.930870949517385249e-02,5.177188431188639584e-03,-2.757232800737319800e-01,-6.025129311860407677e-01,-5.570935484970912510e-01
3.624035204557169987e-01,5.914303595235659294e-02,-1.834559722288497952e-02,-1.847192469417169969e+00,-9.136054074232551336e-01,2.638239995106008706e+00
2.291818746315816835e-01,3.344504395802805341e-02,2.805611180985345676e-02,3.939010029503529908e-02,6.052061697947284241e-02,6.903465418700761580e-01
3.795113234680156378e-01,6.998326067918170246e-02,3.639411398745218129e-02,4.114671952362137120e+00,1.052009703488632431e+00,-8.126708319975927131e-01
1.856052837466706240e-01,4.250489939688217866e-02,3.185209710250114234e-02,-5.314187045556567623e-01,3.723270486620972597e-01,-9.758854021515420696e-01
2.998780146650734668e-01,7.596081288516765007e-02,4.449049374019842240e-02,-1.779682976406105288e+00,-5.331871214074667797e+00,4.558579640705341163e+00
3.844251523826108796e-01,6.851874626465737084e-02,4.984148306142155427e-02,-1.349707498629499458e+00,1.220932305872521439e+00,9.613473215709932518e+00
1.887476181670590947e-01,1.119615026619049658e-01,-2.904281017159782152e-02,-1.060852417450182106e+00,-1.265836161840117935e+00,7.500987919010181137e+00
2.570085808078507172e-01,2.249856273480398405e-01,5.091468383266350983e-02,3.000514298232762389e+00,8.569747642266248855e-01,2.105932713487663932e+01
2.171970239970892336e-01,9.301283760227702091e-02,8.752642563124357622e-03,-9.532677374665987635e-01,-5.539686514771116066e-01,1.550902769281863591e+01
3.218764898551989551e-01,1.805848547642934232e-01,3.926969111623868081e-02,-1.436611720139807868e+00,-3.319575972545989906e+00,2.199807896139339292e+01
1.975413460304609736e-01,3.861248159744939956e-02,3.203179437957226483e-02,-9.077946801140804878e-01,-1.362484762632964141e+00,1.179252373341619275e+01
2.899675743659248517e-01,4.747167974162042059e-02,-8.743096056415033956e-02,2.667766192983317630e+00,8.127131246216517946e-01,7.718959850833726932e+00
2.147903048258266168e-01,-3.374916670374761285e-03,-5.349042804047865474e-02,4.695866135581551193e-01,-5.006812726415733605e-01,-2.182309661278596824e+00
3.846379680756901731e-01,1.434349191731543183e-02,2.849824563925040799e-02,9.310873052529824445e-01,-7.828530224804652882e-01,1.059726278835910751e+00
2.359772796560073438e-01,-2.242753732250804544e-02,-2.787080948762254984e-02,-8.172837842442123302e-01,-1.421358403651714841e+00,-2.726096218489413442e-02
3.057737064918948366e-01,2.914888525471773240e-02,-4.561376083529156134e-02,2.404704036631248876e+00,1.923043047746233469e+00,3.226897442416897244e-01
1.503205866124752710e-01,1.510877755686645951e-03,1.114203601381369424e-01,1.782673325304377832e+00,-4.153037994167482067e-02,-3.216992296434694421e+00
1.577813049384835242e-01,4.221042279053910384e-02,-2.721070252190971317e-02,5.102037852992510336e-01,-1.517860005780170551e+00,-1.289218277677877666e-01
6.429815946039285635e-02,1.352107414929387685e-02,-1.913737178422403318e-02,-5.881939962997385640e-01,1.172953086345722262e+00,1.725926858644222683e+00
6.723683173621508580e-02,1.617724540980625125e-02,2.108183622123993572e-02,1.812514541914380661e+00,1.583039674169254951e+00,-3.232518522704597164e-01
4.294093076251126462e-02,-1.055213742782362685e-03,3.108300183256718086e-02,2.438303468589670675e-01,1.076296069983982695e-01,-1.664620264924695503e+00
1.784558514617917702e-01,-7.805507743242845464e-03,-1.817185728386006005e-02,-5.911132018769711394e-01,1.207627320660711739e-01,3.392288037623685248e-01
2.199283314816300461e-01,2.650003296889874571e-02,7.614385144537383354e-03,1.888932271993896572e+00,4.630774711880887851e-01,5.763566793753835960e-01
3.423806102760300618e-01,2.328425736431141702e-02,8.962845305078648295e-02,-1.693724798204832849e-01,3.628631195142798527e-01,1.408519556287410435e+00
2.322191366130144097e-01,3.530285159958840291e-02,1.280576824863066676e-02,-2.406204659959329251e-01,6.237343242363106999e-01,1.505481296174534522e+00
3.490900761307291766e-01,2.524395223491754381e-02,1.174762771222039870e-01,-3.168494742225256844e-01,-5.025337579942070754e-01,-3.544110225033280326e+00
2.455834941731676047e-01,3.360955976875756868e-02,-8.517829619605343794e-04,-2.227964259448187434e-01,7.421696261231919278e-02,-8.252076097620805184e-01
3.396225936757315544e-01,3.748761096953867611e-02,-2.758643434580720921e-02,-2.139302994672547698e+00,-3.659427023279574254e+00,3.318342946338366684e+00
2.467124241208988877e-01,-5.733002705184009340e-03,-1.056148520080379960e-02,-2.069347047960711894e+00,2.827882442483658387e+00,1.329309427326968995e+00
3.307737800111567594e-01,4.840468684494025897e-02,1.535754323274085564e-02,-4.744691434334533803e-02,-1.981839008358913023e+00,-1.960130786878332643e+00
1.989555206856037373e-01,7.687882587314731619e-03,-3.097791546873063240e-03,-6.932458015157610953e-01,-3.462727332472536057e-01,-2.169693623493291312e+00
3.234096160046613377e-01,6.440019454168055546e-03,-2.444884014968962127e-02,-5.210997269759057859e-01,-5.476037658122353546e-01,-9.696047604305093603e-01
2.309444322657894233e-01,3.904826504641523144e-03,3.926506880564284430e-02,-5.526042425989164536e-02,6.384965375875628624e-02,1.411422995212128439e+00
3.150276233155677730e-01,-3.615201846512183792e-02,3.056564108525861023e-02,-9.631128471192758056e-01,1.160906509983039347e+00,7.039225607449415278e-01
1.984935502585036815e-01,2.269119181581535916e-02,4.779373081219473463e-02,6.553532406845571368e-01,-6.561706105209444417e-02,1.544424991975710482e+00
3.004594471415691359e-01,-1.147907358543587275e-02,7.643646739044385185e-02,3.025915772074399546e-01,1.547177111265627680e-01,-1.956094986748768472e+00
2.135158176103617578e-01,6.987853732779214511e-03,-4.107879705363060019e-02,-1.432514864951902889e-01,-1.684647627451000274e+00,1.134608311573789718e+00
3.303928232637289852e-01,2.480109956658260728e-03,2.956295912526063496e-02,2.067798016093964908e-01,1.940984995696175774e+00,2.403472617388296761e+00
2.117081607956210476e-01,2.601879676360632776e-02,-5.761754289306186827e-02,-5.883705195538196930e-01,-2.992004023228130860e-01,-1.396017095707090760e+00
3.030331483527257674e-01,4.015101287722599999e-02,3.862170876288129051e-02,1.328335260355061553e+00,-5.100238996069828001e-01,-3.403496928005909972e+00
2.098163782890392071e-01,1.569937233429574697e-02,-1.645395708326535811e-02,6.792698104937522352e-01,1.020920657509276408e+00,-1.576006271544472814e-01
3.686019266716584752e-01,4.318790286789553345e-02,-1.865629305271432337e-02,-6.385880933867053022e-01,-9.201371257015406036e-01,1.753607310006149556e+00
2.540502279149619014e-01,4.351654555604711483e-03,-3.519177688780406044e-03,-6.052016031164814125e-01,1.496943169094771209e+00,-2.029028707463596259e-01
3.431227669926979473e-01,5.128398498549613382e-02,-2.319768535983746105e-02,-5.995033274353320785e-01,-1.300663036084604318e+00,-5.476178662578470302e+00
2.045049164949528375e-01,2.403384868515900941e-02,2.828677338560625643e-03,-7.734365443780520932e-01,3.838656910730493532e-01,-4.739945359675267866e+00
3.195506043876381597e-01,3.096560901847622560e-02,2.719440961221675224e-03,1.255720007181404085e+00,-1.897628712965989228e+00,-1.836279771649206305e+00
2.341816959686990884e-01,2.224017425423996386e-02,2.779363818485647286e-02,-3.730287194277354335e+00,1.699652671367444690e+00,9.666862432914268277e-01
3.512007086695838609e-01,2.298152114966800497e-02,5.009798329946857365e-05,-2.405861045256541875e+00,-8.902108621003069766e-01,1.048891118338498574e+00
2.328751727191846754e-01,2.962223923848217311e-02,4.120211206875068477e-02,3.694103772066014563e-02,-9.353928908133274378e-02,-4.033572827624495538e+00
3.492458383714946990e-01,3.697958252690503045e-02,3.862381772825251858e-02,3.315377643371790750e-01,-2.084532352301801950e-01,-9.168272077896124639e-01
2.665285838499009685e-01,-6.183351458484143137e-03,-1.190429829340122758e-02,1.743119043847806582e+00,-5.010845090275951597e-01,5.479358814855407322e-01
3.768867892285019394e-01,1.778996343837091487e-02,4.898070653982555811e-02,-1.040109870083662236e-01,1.677166459465605719e+00,-1.703162113744533190e+00
2.474092248579857767e-01,3.511692471064531418e-02,1.719975848128985074e-02,4.729809212044887023e-01,-2.061347642159222282e+00,-2.244257500346514167e+00
3.330862988022431637e-01,3.518846965826671891e-02,-5.022843169310231559e-03,8.136746517081063779e-01,1.959367078294231623e+00,-3.812450567921165323e+00
3.336473002547197808e-01,2.117227719382430706e-02,-1.815125653443905307e-02,-1.204763639699811151e+00,-3.043446104317309331e+00,-2.206369430094881512e+00
1.957016230152408554e-01,5.529136082733643320e-03,4.008323814849501510e-02,-4.328723767704987790e-01,1.380792227141529604e-01,4.432410339190768211e-01
2.845428617457237408e-01,2.055948747262625886e-02,-1.372260995230578651e-02,-5.543559483661302245e-01,-2.493469099464348915e+00,1.517490572620456390e+00
1.596894941552076119e-01,2.653184030235777868e-02,4.204662028743411106e-02,1.314815865872510647e-01,-1.220175276131105102e+00,5.589296641180780512e+00
1.684997560109522396e-01,1.017733057095986382e-01,8.142658171040206838e-03,7.975016589419378077e-01,-8.873059346465946851e-01,1.740286065549204508e+01
1.415760756774346873e-01,9.754787687966975929e-02,-7.118086486134700408e-02,2.819290295233253918e+00,3.161262340563870232e+00,2.836708320616128987e+01
3.084269788392646205e-02,5.511402313156832378e-02,-1.562764436397954260e-01,6.494644326858980854e+00,1.982811291844725599e+00,1.578742518568316378e+01
1.976480718357009891e-02,1.227792236657787583e-01,-6.391541036988734881e-02,-8.152699139972907627e-03,-4.026749995601737742e-01,1.873168078714030216e+01
5.548528024795817970e-02,1.450859010906775381e-01,1.142485575014107191e-02,-2.164443716327971057e+00,3.139125859243431793e-01,9.702105363107037306e+00
1.182968193956881464e-01,1.826739640021131095e-01,-4.129172802001290776e-02,-1.806353314416481393e+00,1.404609395578543030e+00,1.265759250715982276e+01
4.793207527705245496e-02,1.216495801257870824e-01,-1.445913743917337513e-03,-1.240814008588169592e+00,1.532763168781764440e-01,8.657167670948561877e+00
1.278013003698119654e-01,1.366261437017488589e-01,1.227818928258095355e-02,-3.440037899263697074e+00,7.848247341192013948e-01,1.208051576968177265e+01
1.170262907595667201e-01,4.351118709295143105e-02,2.096303722241099621e-02,-1.416290055238406953e-01,-2.262122760332103688e+00,5.330935458140146466e+00
2.312225525709394880e-01,3.156050800201271045e-02,2.392570682092509671e-02,2.867675746161741479e+00,-4.178771259357477175e-01,5.228897172143534000e+00
2.155612525488352915e-01,1.555043241338260884e-02,-3.020836543708460553e-02,-1.258383560428372183e+00,5.045313849104636761e-01,-2.021014817774470784e-01
1.476747876439055140e-01,3.793009022984961121e-03,6.105667648200530095e-03,-5.225569344964134944e-01,-1.248551583369652551e+00,-4.329077536324844822e+00
2.561832866382225404e-01,6.365206421547142668e-03,6.500355105679922474e-03,2.049256956765984850e+00,2.247538414741288015e+00,-9.288760787458832269e+00
1.715961414586529843e-01,2.738278557423967641e-02,-8.875700324545654496e-03,-1.273724390568545806e+00,6.144686029278356720e-01,-6.108572603109111654e+00
3.023712803555936857e-01,4.301486983255209395e-02,2.253432408186117897e-02,5.075029047449769459e-01,-9.480467135302593773e-01,-2.769834433549227981e+00
1.843625298343938290e-01,3.926740598853406539e-02,9.205240376193524199e-03,1.088168922667573257e+00,1.681659302147045176e+00,-1.266842950828927838e+00
2.982464980566859047e-01,6.401176034580657870e-02,6.065449475048767525e-02,1.880652485835502707e+00,-3.255194284116740694e-02,-2.885610407742764671e+00
1.962333939984484132e-01,2.693404515467001659e-02,9.423777839980385096e-03,-2.471898020960427989e-01,5.963438882129588059e-01,-3.961157210989284749e+00
2.891064310955835381e-01,1.217193752613177082e-02,6.057003783119796481e-03,-3.114715015249425178e+00,-1.758709725914267663e+00,-1.634745352703218080e+00
2.113418942082470053e-01,1.623943097480839981e-02,3.079321261849954361e-02,-4.930500294694598051e-01,-8.593124643421435893e-01,1.541774323965940052e+00
2.943098268820998342e-01,5.227505551267697115e-02,-3.977665191240431497e-02,-1.757451480454363946e-01,3.037689803969405022e-01,-5.653427573535403372e-01
2.037237490737568990e-01,4.855026684136554138e-02,6.153339802019219817e-02,4.399374003689340284e-01,7.760858933498047119e-01,-3.120619842820012479e+00
2.615756480237871884e-01,4.751010584720027907e-02,4.611181624075211261e-02,-2.320268748838663075e+00,-1.621372725132580905e+00,-3.013407821153758714e+00
2.148641771370227715e-01,-8.486459551946268220e-04,2.817081386297237700e-02,-9.596636496017373341e-01,-9.451588631657540374e-01,2.218444466884096578e+00
3.128098639899459243e-01,4.319634417330497911e-02,-7.380409867157045056e-03,2.185998095508088213e+00,1.717770884976951296e+00,9.760248952492541763e-01
2.015734469588110755e-01,4.431582884251739074e-02,-2.708773641630379814e-02,-1.262479142994719084e+00,-5.470178819319241326e-01,-2.589978119084420105e-01
3.070298390970407354e-01,8.854009254886108238e-02,-4.185642570778291827e-02,5.828726878218863927e-01,-1.061419555405891613e+00,3.238883192294549129e+00
1.716116866324055579e-01,8.393232020733876197e-02,5.804328746081255375e-02,-5.607189035432764285e-02,-1.953522735824489764e+00,6.338932370972247377e+00
2.687996401912506883e-01,1.372738635591179701e-01,2.288391127861277852e-02,-5.809616273164738054e+00,-3.984499104492361887e+00,1.934181155228580451e+01
1.882937422427257701e-01,6.619580466214536330e-02,1.137063393537420808e-01,8.094556124265112063e-02,1.464521384232039036e+00,1.569473821703887140e+01
2.790318551226849131e-01,1.138404062326507926e-01,3.850997525561883350e-02,4.217036327953240793e+00,1.537763887900484572e-01,1.680828075620401663e+01
1.545527938436395132e-01,6.687737582425867799e-02,8.924998293597052879e-03,1.450859926012488144e+00,-3.043927265938546345e-01,4.058029720923379102e+00
2.615506254534833985e-01,1.493431680553651830e-01,4.049389267923775293e-02,-5.690456962238616967e-01,-2.995266907833668210e-02,1.026323788513075108e+01
1.571636358983159454e-01,3.723130712984357160e-03,4.563647850933083561e-02,1.138523755189504660e+00,-4.430841900016885937e+00,3.985190998384567695e+00
2.468021029899087893e-01,-6.809848084070857510e-02,-2.315676026900836959e-02,-2.026776332606791797e+00,-3.623221574149564361e+00,-8.290142708382733261e+00
1.312885106895853582e-01,-6.032321310322430463e-02,2.499630040802158781e-02,-2.118366809717659116e+00,4.996129940825122517e+00,-1.198924057049566372e+01
1.181231049541446865e-01,-1.168407958296011628e-01,-4.341715933234180369e-02,-3.044729965312396924e+00,4.380830186187323783e+00,-2.290663941259612812e+01
8.279727496633793038e-02,-1.009345595669763895e-02,9.202541179993417586e-04,1.787541233387586415e+00,3.420544427355877715e-01,-1.293177040567966074e+01
4.501778434355374614e-02,2.030021167050044539e-02,4.056417097313724796e-02,1.926722513522691749e-01,2.281962227943899357e+00,-1.109886541760776701e+01
2.009437195088725758e-02,5.415059449243031509e-03,4.653418515750917805e-02,1.013355418636268324e+00,1.467815289869317086e+00,-2.841215160561670228e+00
2.338956908475786634e-02,-1.032733062217516817e-02,1.847819310740295151e-02,2.990366656199184625e+00,1.115092940154706752e-01,-1.255938909210607690e+00
7.624906557794020046e-03,2.613007505649633799e-03,4.853892693088113219e-03,7.466283495899002087e-01,5.712415147328382403e-01,1.862585911690642637e-01
1.832245141167643254e-02,-7.342863866552917784e-03,-6.703122858500165648e-04,-5.187191836270901302e-01,-2.338054479967699162e-01,-5.291310268492638302e-01
2.048430217974406276e-03,-3.140715273476146763e-03,-6.550681183179918321e-03,-1.993075236460376265e-01,-3.501426776283513842e-01,-4.858317271763286649e-01
-2.736888254258218467e-03,2.850017682503036553e-03,-8.400809322017810388e-03,2.615390009957020423e-01,7.405992869656052857e-02,-3.568008437628452656e-01
-3.556944159679886752e-03,-6.428069918964496310e-04,8.135923011161949603e-03,3.697005970521085039e-01,2.201096904635596041e-01,6.224226817209708128e-03
-6.220971329757851720e-03,-6.352010648646100321e-03,1.255767736158852621e-02,-3.494268738397391938e-01,-1.538558146295943563e-01,5.027605564991129150e-02
4.655212345647363748e-03,-3.358084588285237260e-04,1.095727743462404646e-02,1.418833164536985603e-01,8.901020912649428019e-02,-1.321678401975042993e-01
5.388006962903979513e-03,1.423768205182085467e-04,1.535518658810630654e-04,-4.461019313115466844e-01,-4.007036702492425828e-01,-1.891535731321143388e-01
6.463308455029626032e-03,1.072154160628002728e-03,7.604329585926272728e-03,-2.029647732127788928e-01,-2.138351498817591956e-01,-2.080954314803027394e-01
1.001600229102717066e-02,1.757631092329958733e-03,-2.872802474179492194e-02,5.068581526036396445e-01,4.975178746897114257e-01,-4.432804703210473374e-01
1.176378427655144776e-02,4.545359035104112877e-03,8.364385335362101159e-04,-2.410190412550213823e-01,-2.306347476207258329e-01,-8.571403648178334000e-01
5.472839473218993334e-02,9.416607366540930002e-03,2.661148196214080386e-02,2.333347805679650000e-01,8.744810935787423745e-01,-1.573794998741017581e+00
1.893800117212602885e-01,-2.028252310530476166e-02,-2.335958188924869283e-02,-2.404575124442357659e+00,-6.137673942617388745e-01,1.933897086936964937e+00
1.554467542254149848e-01,2.824526127172433121e-03,2.862634820897991261e-03,-6.683168566467434339e-03,-1.964961767831512773e+00,5.393103825653509986e+00
2.956441449438997893e-01,3.899651722785257846e-02,7.525351060010709858e-02,-5.024924265473301732e-01,1.662144374116455880e+00,6.579045578198191357e+00
1.920591880869784163e-01,4.004130339064104760e-02,6.694857450354829709e-02,1.049027879658114282e+00,-3.247040791600875886e-01,2.891435633648810288e+00
3.172959642546695491e-01,7.388554875318753545e-02,5.649966162453745611e-02,9.409487936415426024e-01,-2.081951338601136126e+00,9.161971137488340133e+00
2.284019235539869186e-01,5.546443924676047743e-02,5.237379561354682522e-02,-7.349889554687860649e-01,-2.742009972171401966e+00,1.284245023106649874e+01
3.045742052776891917e-01,7.089135935749624196e-02,6.762829447305795938e-02,-2.171855489847718257e+00,-2.455452387682165671e+00,2.034502228052448558e+01
1.750960755263832880e-01,7.933940224582691769e-02,2.334263240684686380e-02,1.466442095660673850e+00,-2.943526275105599888e-02,9.909172118726159439e+00
3.077671179862817574e-01,1.230186158322243983e-01,1.914680275414770705e-02,1.693152795573832137e+00,-1.249985329523823019e+00,1.118678196598002472e+01
2.107819474146888084e-01,6.413624621049862640e-02,2.069194780087713070e-04,-1.358709208423651171e+00,1.499922181928544429e+00,4.299953252431710560e+00
3.566868979559290054e-01,5.327884949463168596e-02,-1.740811768417804828e-02,-1.012433209216968333e+00,-4.772119867195212528e+00,9.684122822006505871e+00
2.368225448358636243e-01,1.397765376109028068e-02,1.785084945257553457e-02,1.029607945007977587e+00,1.488117031248879174e+00,2.947657539749272804e+00
3.484208232926402360e-01,5.620712775001202033e-02,-6.005662384796828235e-03,1.731433125301488740e+00,-2.199976764989647116e+00,-1.986619042545070823e-01
2.308175203601621206e-01,4.261416301649667560e-03,4.902104647415339578e-02,1.575746510558559743e+00,9.012888125352880309e-01,-1.487018195443076340e+00
3.515966716016034610e-01,-1.671493723664241315e-02,2.292914831204861947e-02,1.491061891253601779e+00,8.613901938446584250e-01,-1.047860133531291371e+00
2.399730699136837231e-01,2.934024061228424074e-02,1.367179120771311318e-02,-6.295477333954023758e-01,-3.591879479960347066e-01,-1.401467832182816675e+00
3.693253634099882277e-01,2.120826218754245929e-02,3.182079078978938824e-02,-9.538736958153541945e-01,2.605255274265270704e-01,1.061505131461392581e+00
2.464542883669365025e-01,4.157911685249437994e-02,4.607229065383089406e-02,3.979092551469376460e-01,4.034824414607546261e-01,-3.368093794057569923e+00
3.493497005543373390e-01,1.888009998274853274e-02,-1.332532608396497231e-02,1.165159996372999496e+00,1.252052026448240429e+00,-1.667733478940363945e+00
2.421338637610723765e-01,3.087910218493128411e-02,2.905725028367389662e-02,-1.822433719861107138e+00,-2.161333920398608832e+00,2.246450426113864918e+00
3.713123622322926920e-01,1.085444642804578308e-02,2.051181651655431537e-02,-3.553850624251119417e+00,1.247239435607313762e+00,2.231501204945058436e+00
2.377118789814094413e-01,2.387116259799881846e-02,1.965498329837611635e-03,3.186585595306202223e-01,-1.683261371758875136e+00,-4.632840830657164455e-01
3.613293467220928257e-01,5.978404693797401137e-03,4.096381146809724427e-02,2.266968604488790451e+00,2.203471519924236510e+00,-3.378787558038512717e+00
2.397905892238156866e-01,1.433273458868900008e-02,-4.170221430774367910e-02,7.998903350496200382e-01,-8.837515486662472775e-01,5.630932563496281462e-01
3.847304982617161251e-01,1.963637532923634410e-02,6.775996049767751828e-02,-2.056344383420122046e+00,9.875576476231538725e-02,1.225372432244956178e+00
3.853255428457007525e-01,1.883970508111154629e-02,8.802348646415047995e-04,-3.826229299963427449e-02,-8.323620831720911495e-01,-1.041998559693809723e+00
2.509480979226270669e-01,3.347431128110844867e-02,1.606511569260438144e-02,5.766879190243529019e-01,1.679109377348181331e+00,-1.841872815315157563e+00
3.838235562164600267e-01,3.082240128125501855e-02,3.905358122312807545e-02,1.202632000259827416e+00,-3.062170884933991810e-01,7.317955565277856067e-01
2.710173004078302306e-01,2.230414990332718617e-03,-1.412353584787995331e-02,-2.351185048794176780e+00,5.508929905911147396e-01,1.048805111379641941e+00
3.922355731092059816e-01,-7.802430479655342310e-04,5.977764185973888367e-02,1.174930817353538881e+00,-7.215473781705407097e-01,1.009107365730458117e+00
2.537786605558121078e-01,1.862835941598550704e-02,-1.194726793449740754e-02,1.671948968466906882e+00,-1.639058278105354205e-02,-2.092950642530572836e+00
3.959141908259797282e-01,4.386575880553422735e-02,5.563643735621881525e-02,9.476632553760225841e-01,6.415538285308817201e-01,-1.888653140218203852e+00
2.897980553582339969e-01,2.442359829647688940e-02,-2.011955025908074290e-02,-1.359625332545643994e+00,-1.030262366295069176e+00,-1.964672342431073859e-01
4.101659283040021697e-01,7.131534685848883726e-02,6.887430419990248076e-02,-1.581488090776887345e+00,-3.937161373267527575e-01,1.817395976911335920e+00
4.323610746638539837e-01,5.734989169453008628e-02,-2.785490387374789378e-02,9.602204144769127536e-01,1.805474007279593840e+00,-2.071635067018900322e+00
2.561679237679921339e-01,3.285330301880051707e-02,4.180561590323272902e-02,-2.683590363909104104e-01,-1.515393830270682363e-01,-9.221615625746349965e-01
3.969778794481617634e-01,2.915591316175536463e-02,6.596451764645738791e-02,-2.819838135016790481e+00,-2.787320946386782516e+00,1.369833204073956479e+00
2.467367530343695936e-01,2.146854648469176396e-02,2.376589432360498577e-02,-1.016908153345620763e-01,6.137680399476651560e-01,8.587152643259248208e-01
3.741232406802548205e-01,1.061791635452813409e-02,-3.237732237958645953e-02,3.454412317994968618e+00,4.409786273771359455e-01,-5.639438694861374834e+00
2.112859778360007823e-01,2.837353591429625510e-02,3.451839539268508616e-02,3.194803226575500865e+00,1.070642744965662141e+00,-1.860951846747997740e+00
3.650706892362083344e-01,4.031595274241439597e-02,3.578196847123549240e-02,-8.778720874496828142e-01,-7.801071804177019814e-04,-1.198627123604607547e+00
3.372438441538365694e-01,3.917798021715412915e-02,3.698076754018964074e-02,-8.971467629728918647e-01,-1.609568601082025596e+00,-4.548778562499996347e+00
2.188716226438822687e-01,4.213962928958192578e-02,-3.069020101131791911e-02,6.671948306239098292e-01,-1.903221403626057961e+00,-8.075097554498949393e+00
2.812238338493093792e-01,1.118893064250947589e-01,1.663073051865415763e-03,-1.088949168344210516e+00,3.096615679520032138e+00,-2.937641437232429542e+00
2.262482303533728256e-01,8.917720075774226984e-02,1.801833865485868991e-02,-1.157402323573485825e+00,-1.352912187464681448e+00,4.303139297873689983e+00
2.405058271635951428e-01,1.090971555211686095e-01,2.427708145470708345e-02,-8.823719714608423137e-02,5.592942823479361003e-01,1.498799639457366162e+01
1.517868034826124202e-01,1.057360355588681244e-01,-4.193516064754598816e-03,-1.385080788362907267e+00,-1.230326478302434356e+00,7.263069846168037635e+00
1.554263356251892603e-01,1.710112903153913066e-01,-1.098406693630327169e-02,-3.908422833573253485e-01,3.552620834861020538e-01,2.111376930887825765e+01
8.835977642336723115e-02,7.235974879008821858e-02,1.308367840473723120e-03,-2.588933358719093469e+00,-2.335902848585403202e+00,1.921274102756576596e+01
1.307139677482662687e-01,2.166829596141885972e-01,2.141406748971874663e-02,-2.270094056467442556e+00,-2.297422976862086852e+00,2.954611492219516222e+01
1.067091391221088870e-01,1.597474878309865787e-01,4.548837998338317590e-02,-4.764024421708570878e-01,-1.473854362148294905e+00,1.223226806799440425e+01
4.302502524311968557e-02,2.356594321674752024e-01,5.867973113694313625e-02,-1.333652940920301289e-01,-9.361818492367218747e-01,2.093090492881225018e+01
1.044457020267284264e-01,1.493539486500758962e-01,-7.878152454932063620e-04,-2.051296081071061206e+00,1.114977020344877889e+00,1.639556781849926281e+01
1.427321244526504884e-01,2.385634877816551480e-01,6.903660328325589290e-02,-1.287375494388418806e+00,-3.807821816064725695e+00,2.559848610748198183e+01
1.449267124416637742e-01,1.223549888880679504e-01,9.821652926871315969e-03,-4.894272488436630653e-01,7.788357353789115978e-01,1.233991458921910578e+01
1.965545251698079809e-01,1.121208343940409691e-01,2.226449912981354196e-02,3.748183504149269485e+00,-3.857428199339784092e-01,5.292045930154437805e+00
1.617302976702008621e-01,6.172681657796097454e-02,4.656809213843282613e-02,8.096210092368876232e-01,1.832222753119863601e+00,-6.168821122766319220e-01
3.098413409345930347e-01,4.114203806168603705e-02,-2.580743818668063128e-02,7.100458520500023685e-01,-1.218166000424491413e+00,-5.626840611348622012e+00
2.187814971988411017e-01,-4.145761836931960431e-02,6.260258844247790222e-02,1.275359505348709455e+00,-5.026880814509143702e-01,-9.373987144224690482e+00
3.432370235660844315e-01,-7.312802579380228707e-02,6.309742306354948482e-03,2.389432289795328845e+00,-9.056014628405527622e-01,-2.031992728816047133e+01
1.934684250539744355e-01,-5.593394513745986174e-02,1.557223424966158731e-02,2.180123294270722045e+00,5.537660176636198528e-02,-1.570379238537009137e+01
2.320602089894236997e-01,-4.429137243244496425e-02,-2.540782042731670742e-02,-2.201705492936973041e+00,-1.479472061977155972e+00,-1.458203969675398071e+01
2.074035856172864456e-01,-2.655723737197213108e-02,9.473554182780086208e-02,-2.823623533848543588e+00,-1.986357018862045187e+00,-5.510538327900956546e+00
3.501061509480853928e-01,4.879741391402059314e-02,2.585647357672260505e-02,3.537484635395705901e+00,9.234920411356842829e-01,3.772772641481956235e-01
2.282243910758019467e-01,2.705975347448119628e-02,7.935380619531873236e-02,4.551546201915065204e+00,-6.081184528930240196e-01,-5.367741311320734177e+00
3.751164124519519305e-01,2.543774027344047894e-02,-4.770825443789417086e-02,1.025103542776188092e+00,4.457872606806629889e-01,-4.753862374888491615e+00
2.589111387501956685e-01,6.971752559140753647e-02,5.606439176304078842e-02,-1.538565398766038150e+00,-2.066776006690295375e+00,2.181519492323130138e-01
3.715943390015374881e-01,7.124332492749152479e-02,3.539345433380591821e-02,-1.358918262194579896e+00,-2.256132404206207254e-01,2.457238273000830198e+00
2.566136641895524484e-01,5.343546538149057668e-02,5.566496412596011467e-02,1.936652486957748387e+00,1.181750075523206656e+00,-1.280890413691671004e+00
3.808888000336483337e-01,5.513498465404076398e-02,-1.652930810610220291e-02,6.742966826480523146e-01,1.920927146475486902e+00,-2.100469459944894091e+00
2.680270882205242344e-01,2.746564381139160460e-02,-3.147439877147673037e-02,-1.596797307711225633e+00,-3.474308674554841492e+00,1.930354821556278244e+00
4.030905005888256731e-01,7.435206168045982444e-02,-3.429578614976058759e-03,-5.261920141440538323e+00,-1.213295918012508023e+00,3.259991361207584148e+00
2.512829137619929654e-01,3.875315142650426203e-02,-2.837470136218267491e-02,2.618691955789459458e-01,9.712701289555487894e-02,8.237179685905106075e-01
3.680659758405204762e-01,4.362165297572384581e-02,4.071645529004630504e-02,1.323505644091456546e+00,3.310520268872860772e+00,-1.349775045469619350e+00
2.215282225953016937e-01,5.165624813149727323e-02,-3.014625893675870749e-02,-2.515391470929573714e+00,-2.809439102384668097e+00,-1.652630894473049727e-01
3.317018275594445509e-01,5.284046513011153579e-02,3.382100360373740955e-02,-3.323824832077804547e+00,-9.749611634830515072e-01,2.463167151569520819e+00
2.347506656048234941e-01,6.712037535883008665e-02,4.710260690523426774e-02,1.832191014455540445e+00,-1.955807452387734735e-01,6.248427089354161579e-01
3.096435484798585325e-01,5.352983009500933420e-02,3.055723045958536055e-02,5.498293178999134057e+00,-1.291406646652637269e+00,2.020205396383189633e+00
1.019176673019257517e-01,1.237106444211688583e-02,2.534429258428660958e-02,-2.231836889172402472e-01,1.182847948884986566e+00,-1.342389439567440279e+00
1.010441436585077790e-01,2.225350122333047409e-03,4.492490367204959867e-02,-2.068555704184086075e+00,1.105551398391818180e-01,-1.287194448507406719e+00
8.885811611695992873e-03,-9.253210064619210584e-06,3.426629316195883845e-02,-3.681992534905612624e-01,-2.850210780504741637e-01,7.620554892521942680e-02
2.052836123697410198e-02,-1.084489905951557809e-02,-2.486897919725694628e-02,5.525557629215254174e-01,8.468075005533987065e-01,5.220131510348006154e-01
1.788357839475906985e-02,-6.828549191183475031e-03,6.521347164869295554e-03,-3.293781386170335779e-01,5.486077273440340685e-01,2.769189279292972802e-02
5.532090964557578872e-02,1.455535458512180469e-02,6.701683595099705570e-03,-1.517201356408758750e+00,-8.262172985781315315e-01,1.971134966381432374e+00
6.414108980425414774e-02,4.104131164596469539e-02,1.104416355794568538e-02,-2.043134663286491737e+00,5.930980023502682164e-01,4.971113420610905997e+00
2.057072711693554989e-01,1.122300358602044135e-01,1.105646459467202192e-03,2.014423650890772299e-01,1.834055562940168027e+00,9.276622729088893848e+00
1.632903831981789011e-01,8.021301056965934873e-02,1.581612681581634483e-02,1.089763165269850287e+00,-2.580860288362323729e+00,3.325734694444896444e+00
1.754270506769896043e-01,1.698326130661591549e-01,6.215830672208011443e-02,-1.950424426404343992e+00,-1.631275464782977025e+00,1.464644179593170747e+01
1.853410269174904368e-01,9.319098085749397131e-02,6.940688112415882571e-03,-1.004083465837266376e+00,-1.755431171020727099e-01,1.311407983565575108e+01
2.030744549105644725e-01,1.331178721239223428e-01,3.998911568659035964e-02,-1.989198857419422817e+00,-6.366288214082945096e+00,1.936931916177590196e+01
9.746768660816568230e-02,4.998147347653220107e-02,2.003741482758925052e-02,-6.417882430261733218e-01,-3.259339550335580982e-01,8.696464534447089889e+00
6.616783275767659789e-02,-5.800489577643619388e-03,-3.837832395977924804e-02,3.753152101243010907e+00,1.127430991456674247e+00,7.154805806705970994e+00
1.554284551335832765e-02,-1.581243523955805363e-02,-2.539554773235974672e-02,1.273229098464409903e+00,1.586999602982378521e+00,1.667340615429686590e+00
1.758441466198096270e-02,7.678547226910747980e-03,1.221993949633382037e-02,-5.586967568507559267e-01,1.886132508399067376e-01,7.824142809358181072e-02
-7.242882408556250429e-03,4.288948018590310607e-03,1.667632771151628113e-02,-3.933303168304034259e-01,-6.342189014434443939e-01,4.854030837873295479e-01
2.538580913954038842e-02,-6.892197406554112504e-03,8.118998508732211405e-03,4.983261357647351675e-01,5.121067231003442188e-01,8.525782425033384682e-01
2.020775097043575608e-02,1.283518441127506904e-04,1.420034814086590380e-02,1.786522108780588536e-01,-1.035100727271721782e-01,7.992264253993930367e-01
4.647042560191907978e-02,-1.614235213323989004e-03,-2.227208996065366264e-02,-7.236676518632875199e-01,-2.823460780852522500e-01,8.156006481867191793e-01
8.110475750024853658e-02,4.870012236281529017e-03,-3.871541045438897655e-02,5.964271395809228604e-01,5.880308103888962634e-01,2.291091415502056083e+00
2.000408782168560662e-01,3.889183750102925829e-02,5.859689460655292947e-03,5.633817971862705928e-03,6.937930545220896139e-01,8.548474185741129494e-01
1.803034531122197359e-01,2.573766864153814726e-02,3.380963729297636888e-02,-1.282763932709037880e-01,-1.681951030041381356e+00,-2.149936999591697706e+00
2.646242253043787351e-01,4.160677923876543449e-02,-6.944223750927558392e-02,-7.379311049021912705e-01,-1.898442324616047783e+00,1.197771204751323593e+00
2.059246464626836026e-01,1.549134961959791612e-02,-6.433898020303385756e-02,-1.034067907874949510e+00,-8.075622476941958228e-01,1.255784229515589934e-01
3.737234640320229451e-01,8.648608433444171517e-03,1.905146366121157619e-02,-1.669801707957426773e+00,-1.697401448924744205e+00,2.257208338373198231e+00
2.071062089287549757e-01,2.731189782444815028e-02,-8.330557238428459854e-03,2.061260540102573202e+00,1.801587856996102577e+00,2.447175802506093678e+00
3.468059602259010443e-01,2.485842185521830450e-02,1.673676275768221089e-02,4.258891105876093874e+00,7.318460383144345105e-01,-3.154857228799662572e+00
2.053146245076222787e-01,1.281875049290503998e-02,-1.858325255410053778e-02,-4.066239722138700885e-01,-2.039856507491261128e-01,-2.379485479514502178e+00
3.574141683068607911e-01,2.398908462748489123e-02,3.901352241238287277e-02,-4.045873331589884270e-01,-2.957525227187676631e+00,3.881159703230757096e-01
2.452366697942491847e-01,6.928806455178793122e-03,6.011715350646018585e-02,9.797698110890085132e-01,9.077811831620162808e-01,-3.984840773360877608e-01
3.253228570792230379e-01,3.893543716254643794e-02,5.957879551877587332e-02,1.680845105303022446e+00,-1.746007893624979268e-01,9.230903328145408926e-01
2.155830984263653605e-01,5.966199241788228136e-02,4.816869458296602069e-02,1.433379018116423431e+00,1.386886823088999687e+00,-1.128774199185217819e+00
3.447899805999319334e-01,1.306134513581225232e-02,5.718021125122652037e-02,-2.092729807540426368e+00,1.106215647822678116e+00,1.175879656179944499e-01
2.364916534184717811e-01,-1.354106770374619018e-03,4.415187075883952872e-03,-3.163854142284506565e+00,7.140301577197760707e-02,1.667792932332832212e+00
3.231400829590995727e-01,4.976144891252032298e-02,6.713182522511962347e-03,-2.212346869085489942e+00,-4.375748605546181946e-01,1.197194519559906301e+00
2.181267379280260599e-01,4.606456207951847848e-02,6.269841335120895920e-02,1.657753618179054478e-01,-1.291182538608304675e+00,1.758884992440279627e+00
3.191966777135348821e-01,4.764660852426566562e-02,4.852120159359007978e-02,-2.084245927816079202e+00,1.322911387548166839e+00,-2.041347869598732157e+00
2.455639701649836582e-01,1.489628014958721547e-02,-5.978107070714622218e-02,1.245855166093573940e+00,-1.154425419174340606e+00,1.997187503213936788e+00
3.928008486539198429e-01,-1.816831280038633256e-02,1.025122603073098659e-01,1.078881856101990389e+00,2.211703031052599133e+00,1.322800492129061034e+00
2.139129546353801814e-01,-9.838119998616501327e-03,-5.512742776575429993e-03,1.485731065456689981e+00,-4.264821142518679942e-01,-6.658237356726165457e-01
3.358666505655847345e-01,-2.853868953085642035e-02,6.908702432094282475e-02,5.551866692015784643e+00,2.144665410326596522e+00,-3.023277294603859744e+00
2.039516592643906279e-01,1.365169677480382315e-02,4.744651944497257912e-02,-1.134371297220641228e+00,1.730204783748020281e-01,-2.982547395012033586e+00
3.289757730759106380e-01,2.936140452103863652e-02,7.677259349433795954e-02,-1.954425662395618435e+00,-2.373651381893329582e+00,3.422517524594996807e+00
2.241742324341915449e-01,2.635109057467266425e-02,-3.634533871537237726e-02,-1.073907076637969027e+00,-1.771911341228006032e-01,1.227951678340212016e+00
3.236610689596037815e-01,2.652050576389552994e-02,-1.107607376332608862e-02,9.132816242309881316e-01,-1.190195136136191101e+00,-2.915202608030382336e+00
2.936262189609335493e-01,7.849809425241849326e-02,1.651257400890027149e-02,-1.992035475134086298e+00,1.682500241785122030e+00,-1.846911621226027922e+00
2.200082340920186397e-01,2.771838271456661396e-02,3.555414551719593419e-02,-8.463741094069446858e-01,-2.494463708788586143e+00,1.549101193766263096e+00
3.356215735519514354e-01,7.230909292857967685e-03,-1.848627343336239903e-02,-8.621004737697686160e-01,4.997618594615998999e-01,2.378209041982578764e+00
3.072958912094438944e-01,2.164535343477291818e-02,3.257818768835729628e-02,-3.445036946985943760e-01,-3.533104594208703042e-01,-1.484319549230443958e+00
1.832043693551472785e-01,5.256065197623471796e-02,-1.214465660822106052e-02,6.656386146212309729e-01,-1.852758071325128278e-02,-2.675778161316318293e+00
2.857351586847531877e-01,7.458738235141115780e-02,4.351352054300128280e-02,6.772443245033914483e-01,1.286298483285222449e+00,-4.204141957334923962e-02
2.277080847535177810e-01,3.798443026682551960e-02,-5.922327273017302662e-02,-1.880814435719966315e+00,-1.643089792088578305e+00,-8.298959018369442830e-01
3.078315656406829248e-01,3.546512677449475959e-02,5.823919501056118442e-02,-1.074326224711743105e+00,1.312978101615520199e+00,1.760561869923358280e+00
1.939856239547204098e-01,2.263492706964576051e-02,1.392648443086641485e-02,-8.710927443644030932e-01,-2.468519957996789138e+00,-1.092417627848893735e+00
2.803401207258158223e-01,8.090674913651652034e-02,1.143534360977560560e-02,1.422883592263534780e+00,7.533253750558824846e-01,-2.228856916674034849e+00
1.995697681689225789e-01,4.506395767207260761e-02,2.765779672946955259e-02,-2.266232508064192908e-01,2.148959977110548869e-01,2.854305705919534808e-01
3.295601826232061882e-01,3.876904328005181810e-02,-8.006139550926993920e-03,-4.182813347081921762e-01,-1.537273086212755713e+00,3.513937763325205577e+00
2.639120142550623882e-01,3.808461084174830091e-02,-3.054110011845323491e-02,5.439761212574220073e-01,1.734130586317501166e+00,1.490222041314952228e-01
2.133669847681876064e-01,2.240831993159408952e-02,2.027855493903185646e-02,2.713461828040717450e+00,1.191330930741880012e+00,-1.146876778504521965e+00
2.925821905281633661e-01,7.288182985796654023e-02,3.355051319672464061e-02,-3.423488700306180355e-01,-7.938993146272883550e-01,3.377987532192167741e+00
2.073597097174140202e-01,7.644216603037956581e-02,-9.537662232703802978e-03,-2.109234187307622133e+00,-1.157535474809596510e+00,9.764410940069073064e+00
2.710911225068670660e-01,1.495611771159904291e-01,-2.148106179430020468e-02,-3.464628423325264883e+00,-3.442877047748462149e-01,2.112485657272327444e+01
1.604552492947046716e-01,1.226753035823655580e-01,-3.577979047388235578e-02,-1.050753851194871080e+00,-1.111617200499393388e+00,1.431796208387539160e+01
2.724397012932833206e-01,2.395323112840932467e-01,1.800301273084059517e-02,1.899275305927818902e+00,1.342850715384524163e+00,2.159761718054101465e+01
2.222738808478856853e-01,1.248845295734142269e-01,-2.795501286396073759e-02,-3.003397165495844234e+00,1.458669149520756214e+00,9.191947619814646586e+00
3.516619049777975903e-01,1.405401377924011541e-01,4.190583325691243921e-02,-5.790846855097155021e+00,-3.686105222074310905e+00,1.016460034035153548e+01
2.223153846636174436e-01,6.156602029154356615e-02,4.002270246302730428e-02,-2.261738484647354552e-01,-1.158141462672807265e+00,6.944915978482447017e+00
2.911054141035642751e-01,5.154787922241510500e-02,4.718292223356934656e-02,2.401329759486587445e+00,-3.305247162250199988e+00,-3.959843886009450920e+00
1.335703165539237069e-01,1.508415780314464882e-02,1.623148948831909522e-02,1.920490876730089225e+00,-4.530632142684807295e-01,-1.425056815424841083e+00
1.093903227798995736e-01,2.370746412017865623e-02,-1.565637934199948234e-02,9.373003085354816299e-01,2.390929581675180771e-01,2.022732521512697446e+00
4.873129156766831116e-02,1.174555317144942990e-02,-3.172979537835840524e-02,-3.387748317641178786e-01,4.022447785551837574e-01,5.815536569455419941e-02
3.051422709601725458e-02,9.211269966694857203e-03,-4.888851311265862698e-02,-3.059398480357573002e-01,6.789887147348996344e-01,5.947508488832092821e-01
1.478197951198545468e-02,-9.883459070660904899e-04,7.145669865864512360e-04,2.093059560918275330e-01,6.548550691854365668e-02,-5.663438876553467116e-01
1.474137252813267907e-02,-7.353283083466166659e-03,-9.139137282708098553e-03,2.066089855869615022e-01,2.667270314891085348e-01,-1.193029054284471951e-01
8.989535806719128885e-03,3.147953730650243642e-03,-1.598684726075738638e-02,1.029559007650348995e-01,2.456969779380805685e-01,4.053050482950890099e-01
-1.166767209114594195e-02,-8.799829877352394192e-03,5.063151623155404124e-03,5.853598091841610146e-02,-5.629500796045854294e-01,5.869547060262468585e-02
-7.989216757190220619e-03,-4.650357911710756298e-04,-7.839151916511077900e-05,8.683558789337545922e-03,1.461170350973574339e-01,-2.270216227085138649e-01
-4.673166642376269664e-03,-4.892580630961873567e-04,3.922818744836131799e-03,-2.422779469375048733e-01,9.383135679380365246e-02,-2.648626960459531388e-01
-4.045990717202574416e-03,-1.226779324079885214e-03,5.835441480555259020e-03,6.893954421931487719e-02,-7.212378460382444512e-02,-4.814034499059756389e-02
-1.035529453489258955e-02,-1.401359662310142085e-03,3.810719145092456017e-03,1.118704574194581518e-02,9.164168395408875400e-02,-6.201242954942025598e-01
-6.564201420682369559e-03,1.942509702992367693e-04,4.485830457952921790e-03,-6.373938607021684133e-01,-5.719896407346453104e-01,-5.862324729920437294e-01
-1.189109757874140527e-02,1.133654550692853036e-02,-3.513782459797898383e-02,-8.254436867894628937e-01,-8.901645888143847607e-01,2.623684170039551344e-01
2.501158810450654357e-04,8.397335333937050450e-03,2.312297516593453395e-03,-6.834646163701771360e-02,-4.853953961810082707e-02,4.172023911959806264e-01
1.404214397479286447e-03,3.120580118762816824e-03,3.643668717620229813e-03,8.506763003801136591e-01,5.039796658184989564e-01,4.622520074413725144e-01
-7.880072312869579321e-03,2.799343702227119479e-03,-9.251225707170629420e-03,-8.404875054761890008e-02,2.068450276415408420e-02,3.072163591302935481e-01
2.070159329051923791e-02,1.759625681268772723e-02,-3.320143369938488576e-02,-7.021453937825405944e-01,4.161719332308036479e-01,3.657515488327033881e-01
1.720191532130765921e-02,1.139800268868640387e-02,-1.387153140263386319e-03,6.366646999761806092e-02,1.302386010639925151e-01,3.549441022324213990e-01
5.964144535397020164e-02,1.156742494167239954e-02,-1.585045568360143875e-02,-5.833434892572862962e-01,2.411145710404645648e+00,-5.108067868436241277e-01
8.924313132278749450e-02,1.982511236354511652e-03,2.546853396974135819e-03,-6.284767006419667013e-02,1.200185931127195182e+00,-4.147418874556819679e-01
2.495347265644936030e-01,-1.434263172875205328e-02,2.374153728128192142e-02,-8.475158355084991824e-01,-4.405012769983573051e+00,-5.193411423299152396e-01
1.941457965732662494e-01,1.301613932446521460e-02,1.134453497716325643e-02,3.815084047586546068e-01,-4.270335932856793582e-01,7.057604492986173650e-01
3.199150158251060638e-01,1.629395244583875524e-02,5.509870721272802641e-02,-2.270792027443699013e+00,-3.361581231571477701e-01,1.055650764756079996e+00
2.251433241432465593e-01,1.456753461801518768e-02,5.620087750894953160e-02,6.169476938432268964e-01,2.764880291489015679e-02,-2.425405637926366875e+00
2.710871463779742641e-01,8.275348928089520939e-02,3.248482942372588056e-02,-2.845545013122314226e-01,-1.662325444455972079e+00,-3.893154071630868795e-01
2.074730971095783971e-01,7.498118455239755065e-02,-4.902131960194244797e-02,-1.750987271738350337e+00,-4.830472148117330722e-01,4.356644587715854833e+00
3.280292296853719591e-01,1.071213910568307170e-01,-5.376405691066121761e-03,-8.901178818105061064e-01,-2.443365673907044400e+00,9.601395936012734111e+00
3.794175481423893714e-01,1.011661790771611891e-01,3.499452821296378247e-02,1.397086481444831385e+00,9.674834381375704284e-01,1.172999186221120382e+01
2.307549068814406246e-01,1.145972182050289945e-01,-2.232157416712166054e-02,1.392643969157792316e+00,-1.379548959941132136e+00,8.346764659924875929e+00
3.452630597660977241e-01,1.470755262075069680e-01,9.492535513638822309e-02,2.730010975174922194e+00,1.133223615925787797e+00,1.785462896522754050e+01
3.423220987214405930e-01,-7.715766969370818629e-03,5.479465014214079943e-02,5.487429605606130023e-01,-1.624860299053567214e+00,7.990496447634349408e+00
1.795943849896781686e-01,-4.643418383873587629e-02,-2.601997126676147687e-02,1.997851499301372513e+00,-4.457836711793121687e-01,-3.662776393317626944e+00
2.321587541410892186e-01,-8.959899752133360096e-02,4.488768657631836412e-02,1.127533600655638235e+00,1.917256693378756927e+00,-1.661772063663827836e+01
1.581489847714637742e-01,-5.286025061853472096e-02,4.908479145948030364e-02,1.156564457004845670e+00,2.189986016497507126e+00,-1.212194080514637662e+01
2.413759006676219343e-01,-5.477781331596887071e-02,1.119631499579956113e-01,-2.138991810936833105e+00,-3.932867195678143024e-01,-1.130168357127391232e+01
1.705401971310038789e-01,-4.635923240410733115e-03,4.147839045007950531e-02,2.014106151577953696e+00,1.197431924665857794e+00,-3.890200484841021211e+00
3.205625154684028644e-01,2.812556345683070447e-02,8.880488816164833210e-02,1.811537271866497711e+00,5.932542134132162692e-01,-4.490706258555534625e+00
2.225028296889837165e-01,7.620427376713045931e-02,7.709282559661778667e-02,1.828528474850300567e+00,-2.534380762663449721e-02,3.710668326894750013e+00
3.505362819146595754e-01,1.538825567654669157e-01,3.311218330045034852e-02,-2.459118737419261791e+00,-1.036116829402342399e+00,2.028811262514431846e+01
2.177273916038950929e-01,8.901284328637615317e-02,4.197316117693805637e-02,-1.535390681574457128e+00,-4.070286369986566566e-01,1.790072080288637935e+01
2.757768296703738686e-01,1.355628014137035819e-01,8.096678092852793718e-02,-3.583861603581187882e+00,-1.847012890811587038e+00,1.858415292635688232e+01
1.985296704443078042e-01,9.296113562075269954e-02,2.700655079871161490e-02,-2.644279354895741285e+00,-1.138707532190417204e+00,7.240027289244663322e+00
3.144952636694604564e-01,8.290151348066387982e-02,1.773280639618901589e-02,-3.217190738715815512e-01,1.045690971054365481e-01,1.207137750798913167e+01
2.448651192212647487e-01,8.895030666185022028e-04,2.951201982942874835e-02,-2.148468967397838547e+00,-3.139658969091410512e+00,4.846963293187461552e+00
3.544728821885536618e-01,-9.101987551090040540e-03,-2.681427921973922324e-02,4.144965589538160966e-01,1.096650850881845995e+00,4.971535027544253360e+00
2.196179756941578631e-01,8.966995851400483275e-03,1.040914833572159637e-04,1.721488794234229847e+00,-6.226496511785984955e-01,-6.903376306930913975e-01
3.489191390916310809e-01,1.494159695585484116e-02,6.661981955285489754e-02,4.005673298025161699e+00,1.128613225448541701e+00,-2.628731336860559153e+00
2.300104693775706366e-01,-5.487665663710394881e-03,7.793394406372389227e-03,-8.514232692493846066e-01,-3.806640150472024309e-01,-1.011913214844222919e+00
3.949064306457534812e-01,7.576748625686136052e-03,5.435165629763338835e-02,-3.228595684616313299e+00,-1.332685122787466980e+00,-2.955383203639283529e-01
2.516056439983440640e-01,2.403346004315043416e-02,5.111350085118915310e-02,3.283936318397352450e-01,2.046312818463853489e+00,2.010684196545502900e+00
3.652357575794935585e-01,7.589446552432743687e-02,5.788636972805849545e-02,4.016712300434859828e-01,-9.784010061892720600e-01,-2.377982347871586022e+00
2.306412537257527262e-01,1.187711772602462190e-02,3.262055010517772580e-02,1.544042554938553691e+00,1.961132316856743607e+00,-2.200044389793228916e+00
3.772773942411582482e-01,-6.229226648346042339e-02,4.010405010565620820e-02,-1.684391211748405004e+00,-3.388064157331263093e+00,3.849690614341698680e-01
2.342171233297225541e-01,-2.522582135750184307e-02,5.960383941023139620e-02,-1.783284112023440615e+00,4.958214211800018867e-01,1.399708896646884693e+00
3.617107271678348113e-01,1.672650955821541885e-02,-1.993522043824924594e-02,1.918201599514337774e+00,2.534940379280862799e-01,2.450913396702394942e-01
2.506741125592686359e-01,-2.220241042309112345e-03,6.099023822656057803e-02,2.785952485149465474e+00,1.391829227951493442e+00,-1.676682594449510733e+00
3.607716025143319349e-01,-2.197755087128339113e-02,4.552091726028373309e-02,3.128139535799183690e-01,-7.937981909714821871e-01,4.809795846893623050e-01
2.417870169443956385e-01,8.986902346430625244e-03,1.679360903584292686e-02,-6.109457125594287552e-01,-2.548294710946045871e+00,5.026327589375124916e+00
3.546959486716412258e-01,-2.759162123799896449e-02,-2.719234235081380291e-02,9.259080549096807555e-01,2.104666837319780104e+00,1.952675649826656867e+00
2.408091853391458592e-01,-1.442199123426135543e-03,1.264400902909645907e-02,-2.135975566107843449e+00,-3.730040978250772632e-01,-2.708512368917115776e+00
3.659117700435894349e-01,2.577245670849404036e-02,-5.350907902139434569e-03,3.882642843474895522e-01,1.916814011500366233e+00,2.254218960651630965e+00
2.511366159637740125e-01,-2.812449986083453979e-02,-9.834520840709348732e-03,5.833937619816478293e-01,-2.545138479948659604e+00,3.197693282830990746e+00
3.780406800286315594e-01,-3.899032217068665318e-02,2.792929398827692644e-02,-1.932576638802354863e+00,1.121745953768258364e+00,1.810173641230257813e+00
2.362194566158426490e-01,-5.220825168492737589e-02,-3.700035720851868604e-03,-3.845124483210169419e-01,-9.305861075170319685e-01,2.318194672000146658e-02
3.594262542345156852e-01,2.024232117243318640e-02,-4.882516367270106628e-03,1.888168739243267502e-01,9.151441677946005049e-01,-6.969529472862042496e+00
2.263878611281664455e-01,-8.979271936878419069e-03,2.866149337037104949e-02,2.374013206720919367e-01,-1.554319907325270311e-01,-8.699979647738967925e-01
3.475164291296988228e-01,9.789867069298630042e-03,-1.672774443095548236e-03,-1.291335146570756542e+00,-1.748057460110879591e+00,1.574307372067480504e+00
2.363939055261807809e-01,-3.442703037477468087e-02,1.306091746018678279e-02,-4.009079540968142896e-01,9.901908302052174760e-01,3.997926875040553885e-01
3.063159364174938837e-01,-3.809515444539623985e-02,-7.582112501835824858e-03,1.071534453765753847e+00,-2.954858075732685219e+00,-4.314089502572696411e+00
1.299657704199505548e-01,-2.204797185666595993e-02,-2.699024783357817370e-03,1.486270815374119536e+00,2.197189299860025535e+00,-6.582110004415789861e-01
1.117508031574474536e-01,1.245748266616519828e-02,-1.358089559265129864e-02,-1.408502383812693992e+00,1.861782236157440540e+00,-3.669076313735872286e-01
1.790900071526733972e-02,-3.091338771979135203e-02,2.852284332157650759e-02,1.018404947469238042e+00,1.645788797230624545e-01,4.590063219982152276e-01
-1.053003920165918560e-03,-5.379193888956024239e-03,-4.789889452345263976e-03,-3.498808640005215964e-02,-4.535195472900701574e-01,-5.810080860970978645e-02
6.971940483291605775e-03,1.751132559653534315e-02,-1.068209368269412707e-02,-2.824675814668719531e-01,1.765879768994185195e-01,1.071158887515408914e-01
4.261724960113077304e-03,1.447519990910617338e-02,2.590014698289189177e-02,-1.209236577991091632e+00,-1.397290128383263275e+00,7.619847300415921731e-01
3.592534307445244268e-03,9.175727180648962644e-03,-8.497455040536339155e-03,-8.010193929880482511e-01,-1.989914174418276338e-01,3.585556122661052170e-01
1.039695683173327834e-02,-1.561507691501518025e-02,2.592476045136105078e-02,5.093931249837313491e-01,1.919059713854544547e-01,1.739348443237453135e-01
1.016030965832276367e-03,-2.754346621939518513e-03,-4.625205524507292054e-03,8.624736009017767990e-02,-3.423470516415296622e-02,7.577262640635722135e-02
7.099500842832867642e-03,1.842007197227601978e-03,-7.841152671114404171e-03,-3.641898754076428654e-03,3.070957371664749525e-02,1.757453848166183608e-01
2.627613731046529733e-03,8.952770381561947488e-03,-4.246198369253439964e-03,-9.720705050932999802e-02,4.797886106731241024e-02,-2.083631182492041711e-01
-2.320844661644616558e-03,6.247820989178087814e-03,-9.750578207109894535e-03,-1.274124999819634396e-01,-7.538530193333850549e-02,5.410278243125527659e-02
1.968649546322337462e-03,1.070869765421811337e-03,-7.182580123603177213e-03,-3.435474454407393824e-02,3.199909873947753142e-02,3.075605240933545342e-02
9.471906513655869997e-04,-7.816611753002966623e-03,1.143092985581617427e-02,1.730904270160981973e-01,2.702663004002561764e-02,-2.839331865668269228e-01
1.340528015337363876e-02,-6.189192128882581301e-04,-8.330339480163040378e-03,2.260320658326530896e-01,3.378679418511599253e-01,-3.056937623731406095e-01
3.580158340864200706e-02,3.254757814801312321e-02,8.582882179202666606e-03,6.967653922573320280e-01,1.325803233587391272e+00,-1.511490315782094251e+00
4.484527522595344040e-02,2.973610664957426764e-02,4.589998541753015360e-04,-7.893215028342230877e-01,1.122165700770020313e+00,-2.827059064052541704e+00
1.616418863638598991e-01,-2.198052977196152113e-02,-3.951631894267526590e-02,-2.506486625388555822e+00,2.539120701605058206e-01,4.429060355480316513e-01
1.728905497472440489e-01,-2.535372103493394036e-02,2.738043853272809081e-02,-8.086567071601601375e-01,-9.050186248782027265e-01,5.102308198840654896e+00
2.588909058276424591e-01,6.017119847800689314e-02,5.360843269359705232e-02,6.512977054134453381e-01,-6.624392879163908399e-01,1.002076715283264363e+01
1.820453188994103355e-01,7.424868243251658839e-02,-8.750570589745709782e-03,-2.673251127817853900e-01,-3.613970033923436520e-01,6.349213609324444896e+00
3.443945624453972343e-01,1.445626473420391633e-01,6.162495888670349586e-02,-2.213842286135857318e+00,-4.426168309131579548e+00,9.306774499075489260e+00
2.501230607637636716e-01,1.107169720159060233e-01,6.945350602197475354e-03,-2.298305940078007925e+00,-1.522351641405179201e+00,1.412730990022950905e+01
3.994114150374432626e-01,1.881326932475957392e-01,3.304321917559160937e-02,1.723943407126535377e+00,-2.634864207567235272e+00,2.539186331577063171e+01
2.490672690114443810e-01,8.843305557923786253e-02,2.135374495211794788e-02,-4.835456233263766279e-01,-7.042300400214536182e-01,1.257158438878607853e+01
3.632738077518515851e-01,1.163116629488141207e-01,-2.299023981332304345e-03,3.956426745714701543e+00,-5.239709089031587830e-01,7.815039512252710985e+00
2.531596413386960620e-01,-2.300609816120768869e-02,1.590662347932814136e-02,2.177981970299008641e+00,2.058359873982626542e+00,-1.345740160791303097e+00
4.042426008268291682e-01,-7.745160016491081656e-02,-7.293196626532183480e-02,-1.072929750548222705e+00,-2.396253750346022837e+00,1.359348007222364041e+00
2.758007232811285903e-01,-5.036480080011784821e-05,9.002393961376919940e-02,1.493418109534368821e+00,-5.340283380074438702e-01,4.737443570171887330e+00
3.738575543979729687e-01,-6.006820870078755092e-03,-1.462044837269549369e-02,4.718210197228115410e-01,4.469424503494304202e-02,3.681126337759997313e-01
2.562138424020634631e-01,1.577145927226220046e-02,9.515100618919802855e-04,1.949020355942246763e+00,2.067982302284000262e+00,-6.280470939746090053e-01
3.374750852039438698e-01,-2.791021787519798458e-02,-3.411032393478063973e-02,2.871178007922192132e-01,-1.317468664710529813e+00,-2.569700218852359441e+00
3.967478905015382473e-01,2.012375366256891063e-02,-6.339662164286830048e-03,-3.844944344531715519e+00,-1.093456457396143389e+00,2.096261751713022647e+00
2.679875842135053254e-01,1.353503267275346644e-03,2.371071038659144925e-02,-2.382342501337434415e-01,-4.623493816843012860e-01,1.753572458666311729e+00
3.933604295815031904e-01,2.617785701998021075e-02,-3.226423237615838602e-02,-2.771842031750693991e+00,9.071448865084664748e-01,-2.222976834933899859e+00
2.450014016143442497e-01,-4.411446558609810609e-03,-3.919938232370290265e-02,6.973113781094264496e-01,5.972275003679540228e-01,-1.061120278207808854e+00
3.749481656899060766e-01,4.747966043321172336e-03,-7.658585887841962148e-04,-1.274992613943059627e+00,-7.947300818877688355e-01,-4.995040987911723851e-02
2.667717190092644408e-01,2.900187244260132857e-02,1.175332909736392928e-02,5.103713133146735581e-01,1.736177841822507117e+00,2.747747476141986667e+00
3.534332878347030693e-01,4.464633907446602379e-02,-2.569566762246378033e-02,-7.854641426522199765e-01,-1.199322928905542707e+00,-1.676414938056798531e+00
2.449333401479241168e-01,5.288606761432212977e-02,3.833852048208430396e-02,2.962517035104680896e-01,-4.057720267151696536e-01,3.178530250705560611e+00
4.105108307057514505e-01,7.583244551129952882e-02,9.648102705874550544e-02,2.004978389004645756e-01,-3.803078400292893235e+00,6.105321494066229704e+00
2.740838815780668458e-01,-6.261986275325481799e-03,8.916230582864503873e-02,-1.625314769920000790e+00,-3.984122263653359086e-01,-5.141348987595968367e-01
2.729895637602246516e-01,1.002025531368833100e-02,2.133428192830377768e-02,-2.861781900818999302e-01,3.328179539734144043e-01,-7.967628889450175222e+00
4.640374501883748337e-02,4.171291493714257559e-02,1.810035622343630912e-02,1.319516041663399530e+00,2.245637815815565430e-01,2.685402395732571224e-01
8.956081160884354908e-02,-2.423507309732175763e-03,-1.264544889603258504e-02,3.551217643397641677e-01,1.908701858035202203e+00,2.826051282911415941e-01
2.997955304995780779e-02,-1.297061033458157819e-02,-2.103740360600458992e-02,1.169166727925430527e+00,1.480428302776469085e+00,3.613558581265712277e-01
3.457969259003029761e-02,-1.684449977555813049e-02,2.575436491726534882e-03,1.129839467993709379e+00,1.329088348117216212e+00,5.545772579516141665e-01
1.372666607862349508e-02,-6.325839992958104396e-03,-1.420140839107175701e-02,6.319689313060483649e-01,-6.253987438806447585e-01,2.051214108236683320e-01
1.291004576589072084e-02,-8.354917046606624709e-03,-1.129855832620219047e-02,-7.928186786084321369e-01,5.195128614641100206e-01,-3.997773712722227368e-01
5.200318582696927816e-03,1.098544944093227116e-02,2.604651942422764321e-03,-8.343569527268815955e-01,-2.705657712837289397e-01,5.650649618551707443e-01
-3.435719095693845482e-03,3.205157981819184432e-02,2.310756763616983456e-02,-1.368321473955569578e+00,-7.903624392765109530e-01,2.778597149184974135e+00
-2.170424831993644776e-03,3.707484907737013113e-02,-2.663950171575280024e-04,8.175878292061699026e-01,-6.175709205246318612e-02,5.122369111977016054e+00
4.809188034337008588e-02,7.473148036038401720e-02,2.364709127335040684e-02,-2.093623591927022687e-01,4.785684068134082314e-01,9.497261504924399134e+00
3.616302454713649084e-02,9.975636120328024159e-02,-2.946145459905569197e-02,-6.808537135751442371e-01,-9.094717944880107430e-01,5.007121116943704209e+00
6.579015260228437967e-02,1.803829937543496020e-01,1.881961411436128273e-02,-6.164530638544614138e-01,-1.290859101821439925e+00,1.509693847824108026e+01
1.685263149614411038e-01,8.902232597523372648e-02,2.432578273221830401e-02,-2.877761403409322405e-01,-7.430687659450301297e-01,1.511874464501043924e+01
2.731572184511912860e-01,1.408867488706395665e-01,4.842154624085104331e-03,-2.268056799870525886e+00,-4.649314602514810879e+00,1.904683870875789609e+01
1.883708632359231139e-01,-1.981976672355501012e-03,1.736134264015731787e-02,2.066010300053263471e+00,5.890984285570839002e-02,1.137029580383805261e+01
2.882685126514809015e-01,8.258072044935726996e-03,-6.016068849086808612e-02,1.813947596825039588e+00,-5.550426621775474967e-01,6.077615244172885234e+00
2.133050680422585166e-01,-2.408293643949871443e-02,-5.971257531034224186e-03,6.995614643428196833e-02,-1.538390987978913049e+00,1.617777537915932928e+00
3.148141281869533126e-01,-3.136102956053071766e-02,-8.281236735393848747e-02,2.593157948270667479e+00,1.472054780258518658e+00,1.744984465973344445e+00
2.316648247372430358e-01,-5.052011908321620004e-02,4.350522448648419527e-03,1.086223681051722290e+00,-5.916338414127794154e-01,-9.476361240472980230e-01
3.565324413570478690e-01,-4.861896227047822483e-02,-4.859163690136125702e-02,-1.757204053804773125e-01,1.851256241904200461e+00,-1.002599096167018367e+00
2.175490430067119618e-01,2.996298408062460228e-03,2.053194185558271379e-02,3.175873459859078207e-01,-1.876336836027540977e+00,-1.168624040337753689e+00
3.379396138455255105e-01,-1.683600181384353744e-02,9.622562375479759567e-03,1.006208267819646451e+00,3.693428463293715325e-01,-2.975473695274446495e+00
2.318168179517221539e-01,-5.488975021854913816e-03,-1.997647844923666760e-02,9.456562602572124998e-01,-1.114616549363063980e+00,1.149051056902664847e+00
3.557076832717105397e-01,-3.654615933381524795e-03,3.869260023904641521e-02,-8.474462482785639628e-01,-1.334660902562139650e+00,2.018164651875400395e+00
1.916443298549630470e-01,-1.354125423452338939e-02,-2.053991527547682772e-02,-1.235732006620924972e+00,9.796596388409897216e-01,9.979648092671612458e-01
2.761817573428624328e-01,5.717836850734858006e-03,3.868182793525187790e-02,1.044973470255013526e+00,-2.133734732866100270e+00,-2.406785301457960546e+00
1.442326278064238743e-01,-2.559105155099021534e-02,4.022232559270166874e-02,1.386676763450491734e+00,1.714227069754420407e+00,-1.622372219751637701e+00
1.161615274218186222e-01,-2.201158555360234470e-02,3.795581406714454431e-02,-2.006390772464220706e+00,2.271648294378642297e-01,8.632820013031926587e-01
4.070812811347757076e-02,4.430137769885489352e-03,2.279734177876702184e-02,-2.236272370944417109e-02,-7.036090899231078888e-02,1.879833041886166622e+00
4.055813101146199529e-02,5.305166984817859255e-03,1.672160052329729751e-03,-7.462433526095214875e-02,1.025167412835466418e+00,1.892809528601420599e+00
3.070489165485579264e-03,-3.723734953896579158e-03,-7.094117190552973184e-03,2.030467558236048742e-02,4.328302016532489249e-01,8.339766906350960518e-01
6.814020818996180395e-03,-1.371960501263450039e-02,-1.859693004371809621e-02,5.755811775377116246e-02,4.744409082420121826e-01,2.103281069667712333e-01
-7.186474469152326350e-03,-3.518629176945703430e-03,-8.917315674932480007e-03,-1.027712841937472761e-02,9.342905716977087383e-02,-1.286222481338763490e-01
-4.705585837003312122e-03,7.079125196001401221e-03,2.351255365843973877e-02,-4.261675676984640060e-02,-2.044548796223530363e-01,3.244720076087846961e-01
3.057621336681748403e-04,-1.057550445043381471e-03,-4.881753031718449876e-03,-1.870144797344477222e-02,1.823601964495214639e-02,1.308902366412421636e-01
-3.514297829440682364e-03,5.987197032295304977e-03,-1.033364903981093263e-03,-4.192463757395032548e-03,-9.464554648656030300e-02,-6.193939446114691272e-01
6.127839059770767705e-03,6.754535715819437458e-03,1.644789548507441523e-02,6.950937959540509636e-02,-1.205254134827844076e-01,-2.219218562939082595e+00
9.787045401300265013e-03,-4.475253353785515337e-02,3.735465171744722923e-03,2.161165485161270716e+00,1.467982830802023075e+00,-1.099403667644364369e+01
3.573530574543193339e-02,-1.183573036252825172e-01,-4.674843123574512482e-02,-1.284684757740637284e-01,-3.371590409400720967e-02,-1.271519118616735788e+01
1.504624212963761032e-01,-2.033972942250947824e-01,5.219240168133865154e-02,-8.811944354845775429e-01,-1.730844090490514464e+00,-1.742035573804873749e+01
1.657307039058553144e-01,-8.985972809774889214e-02,-1.841184399612716405e-02,8.925582516906788166e-01,2.000046734470477094e+00,-1.059719055397337328e+01
2.684677282334506643e-01,-6.841619071205329305e-02,3.459629555578636051e-02,4.439436258998552098e+00,-4.682212739840210802e-01,-1.808934492713722264e+01
1.615182250538400588e-01,-1.797440495115854020e-02,-1.893770992318577484e-03,2.548019592653588017e+00,1.733609944811180581e+00,-9.779807122348268322e+00
2.755482941264186802e-01,1.037612422460831851e-02,3.299105976617933145e-02,-6.201103549463761411e+00,-2.554178280451406380e+00,-9.756759932576306582e+00
2.168535353636797947e-01,1.343456488904504198e-02,3.635943541279940128e-02,-1.496656694470393179e+00,-1.907534612746999425e+00,-2.162329346177985112e+00
3.368994474803959083e-01,5.043339571098748308e-02,2.085751699741478227e-02,1.244036091739348260e+00,3.720922869461160132e-01,-3.574654296366926332e+00
2.092671505892629291e-01,-1.062002155614383270e-02,8.531356759331032436e-03,6.620975377013836594e-02,-3.940510532879710204e-01,-5.270233458496606183e+00
2.518687021368786194e-01,1.626586643527438980e-03,2.442178390449134540e-03,1.403841408354731923e+00,4.718859523023622993e-01,-1.952563557870627742e+00
1.857818885171216294e-01,-1.455228928195584359e-02,-1.477677967595769637e-02,1.547908211345065399e-01,6.144579563250138765e-01,2.201425160620493759e+00
2.483601312468597389e-01,-2.880910528084257294e-02,-6.888103313793525473e-04,1.489277753410125138e+00,1.659370257825785622e+00,2.713350091097525674e+00
1.510059183919567616e-01,2.048410741910355881e-02,-3.933013978511645803e-03,-3.083294882570403739e-01,-1.404930001978097032e+00,2.007313723394005045e+00
1.909645429448278975e-01,1.212383796989215945e-01,9.092550474656180270e-02,-2.448739829669514201e+00,-3.441423621045807568e+00,9.179743795039049914e+00
1.138736595991565181e-01,7.395713136115222852e-02,3.171467381225978599e-02,-6.410688488137632202e-02,1.366915806985493087e-01,1.523526886878756947e+01
1.475978420608736741e-01,1.215675867029437640e-01,-9.531843331089140392e-02,-1.504838387060360105e+00,-6.746075882460529638e-02,3.487878804258124177e+01
5.706180762365775649e-02,1.119813098862675466e-01,-2.491949439006857503e-02,-2.810598890760883428e+00,-1.189509705286880381e+00,2.306692570586642077e+01
1.290631235267980514e-02,2.153301384789085837e-01,1.308333093570035466e-02,-2.309525226523582164e-01,-1.472174014417565902e+00,3.226196002139272423e+01
4.129225146888471087e-02,1.853759592535757506e-01,3.586287294429180150e-02,-4.290758160384845477e-01,-2.295218548510232104e+00,1.484416534488424055e+01
1.398896187010383318e-01,2.560617420200372862e-01,1.578148434603088290e-02,1.313524721954852925e+00,-8.603494833543947617e-01,2.247325731482407818e+01
1.464550946220466998e-01,1.465214561471075427e-01,-2.998594339647553397e-03,-1.478003515903577814e+00,1.598873682595644885e+00,1.227218814130702107e+01
2.810207294369039266e-01,1.211346176628698146e-01,-3.187050187661966127e-02,-6.221303657635323114e-01,-2.933954620651706868e+00,1.521594245308651949e+01
1.960182931135709961e-01,3.077445570871528702e-02,1.364217294069680619e-02,-6.057422026926650993e-01,-9.132857482498245583e-01,4.424385361550811524e+00
2.703142910567595258e-01,7.060717231511137726e-02,-3.428986179222448527e-02,-1.241037341723358001e+00,-9.373967713013303671e-01,4.620599703838349726e+00
2.015021502517466701e-01,2.991368834031726820e-02,2.344159626422959164e-02,2.555884220668742657e+00,8.201255172809394089e-01,-1.117109095208207004e+00
2.907818762710532301e-01,5.045594426680288791e-04,4.860614093305182237e-02,1.126549630360762722e+00,1.526944482607588194e+00,-3.797601467159875011e+00
2.166789250082004070e-01,-3.654414837622432799e-02,2.496122848785620185e-02,2.575253371055520601e-02,-1.710083483176215946e+00,-4.663092761590941770e-01
2.074519952882125651e-01,-2.755539648074556425e-02,2.676526189692829405e-03,2.811802041345334846e+00,5.140682030499430510e-01,-9.601374347984823032e+00
1.506593522464216850e-01,-5.045017701736753679e-02,6.343350056153385097e-03,-3.104515759881347758e-01,-2.071077895964556215e-01,-1.388326591123855458e+01
2.386223616294353977e-01,-9.039801640907452196e-02,2.192717503564201031e-02,2.356020179559784378e+00,2.943406201192015459e+00,-2.481176455165479666e+01
1.833813885654844711e-01,-2.316090627684141978e-02,1.187305176463637757e-02,5.967887923746030276e-01,-3.015544873396837744e+00,-1.201511753075334177e+01
2.824676650270530054e-01,-2.877561835220721065e-02,5.590572372271562784e-03,-1.825544698113122033e+00,3.326758764710370797e-01,-1.148159746726253516e+01
1.663041774074152102e-01,-1.358457676344793086e-02,1.535444991826118155e-02,-1.575685955255528015e+00,-2.165323014611103269e-01,-6.555501973437364072e+00
2.841207328891099948e-01,2.750891040132674714e-02,7.301424426429381498e-02,2.082522103419163884e+00,-1.714840687257587870e+00,-1.127609884214716018e+01
1.490219131923300466e-01,-2.416228836786063483e-03,2.369570309943602737e-02,1.593196045305215469e-01,4.052841356502037695e-01,-1.487110506735170423e+00
2.769268490770713242e-01,8.153051968636443325e-03,-2.311089371870522768e-03,-5.050434268597238097e-01,2.275678660953368848e-01,1.503321903608359156e+00
2.004148590997747448e-01,-2.175217048964697697e-02,6.227644359883277581e-02,-1.724379617968231360e+00,-7.557232941705381846e-01,-2.470875533665436719e-01
2.800555439077418995e-01,-1.724278034513290758e-02,2.183066700275282379e-02,4.194165657013806774e-03,1.508499864199480234e+00,3.400676875171212976e-01
1.750053480770317194e-01,8.693032561303604133e-03,-2.545741860466743667e-02,-6.037448662677105116e-01,-2.222588684415483851e+00,-1.008430646495160232e+00
2.431104278816356157e-01,3.992471165031055702e-02,3.170608259362173165e-02,8.205775975531255373e-01,-1.991642850678181809e+00,-2.849693206350597308e+00
8.574233594947511250e-02,1.882085036406611067e-02,1.191876307221884090e-02,1.816622783632539373e-01,5.990817067672564722e-01,5.023515516619994070e-01
1.013731792959644551e-01,1.565310310579381969e-02,-1.175178796611953125e-02,-5.284568606269705038e-01,1.997107711895257154e+00,1.891903583370345920e+00
3.989716368724227635e-02,2.621617320939684248e-03,-3.439752142370933186e-02,-9.706337584849263067e-02,8.461768409084496900e-01,-1.117314062500223804e+00
3.284247271940543556e-02,-1.791523424379043439e-02,-8.764381951169575302e-04,-4.929345473260261096e-02,8.551881671781652594e-01,1.105105701679808122e-01
-1.001146625355708863e-02,7.045730195710531163e-04,1.060085309756053640e-02,-7.688920215504483346e-01,-1.374079561800629401e+00,6.498477971928862118e-01
1.074823554152803951e-02,1.357808095309237517e-02,-3.590326651795328061e-02,-8.280179279588145702e-02,1.020318798528018628e-01,1.915853613891711937e+00
-1.160850182667427788e-02,-8.651815067541590576e-03,3.800352400678175258e-02,6.249377180230543116e-01,-1.030849462202768185e+00,-4.321086108439459172e-01
-2.514393585799190589e-03,-1.491288361046172461e-03,-1.510829371371258389e-03,1.463524944081631363e+00,9.290008274070398198e-01,6.018292036062674599e-01
-9.677317751100922294e-03,5.937261996285567167e-03,6.396036801185722709e-03,-2.439124952947843150e-01,-4.183042309556218585e-01,2.352971666342922319e+00
-8.336390063476528667e-03,2.051695990980312301e-02,-1.505133988485685137e-02,-3.805620309512451893e+00,9.261909218385422360e-02,-8.696041878820305604e-02
7.398728164055512480e-03,-3.812638556230235620e-04,-4.850061159657359511e-03,2.178686290987915886e+00,5.286914123227866025e-01,3.338458745454429555e-01
-7.709766415103125325e-03,-1.433458278007676556e-02,-5.866513218945490493e-03,-2.947243673643397122e-01,-9.094173166250784091e-01,4.088331567355041329e-01
-5.297148103759141691e-03,-3.159491051516416515e-03,3.798569273777707700e-02,2.833036603029829847e-01,-4.916424102378896821e-01,-9.161870788482488759e-02
8.665745812424852090e-03,-9.443921338456173764e-05,-3.264635516810310278e-02,-4.839912142280485829e-01,1.507594513226364175e+00,5.590439355372498476e-01
5.490370790336207563e-03,-3.637242973151821879e-03,-9.445728964347477330e-03,9.914091620649731484e-02,-4.792856979722340260e-01,4.707372605139904798e-02
-1.070066305631733883e-02,4.206573591671314283e-04,-4.589547803722116015e-03,-6.856058015662579441e-01,1.472191940118639242e-01,-5.042296175724442220e-01
-6.235350145300522229e-03,6.198117283719134507e-03,1.147037307558163022e-02,3.574514953259018135e-01,-3.394737949503446317e-01,9.933111203353854612e-02
-2.186245394222297023e-04,2.039005716814340508e-03,5.455895762434881391e-03,-8.312596960482748765e-02,-3.844143514185830446e-01,9.503263075936484450e-01
-8.307067698059000804e-04,2.076541739880310988e-03,1.346336152553151422e-02,-3.851611146461821414e-03,2.307141539388165297e-01,2.466211357653129155e-01
-2.043763250826469147e-02,-7.475202008464354453e-03,-3.387684759236231358e-03,1.198423056678465715e+00,-1.369547679291629461e+00,9.274025830730944220e-01
-1.246115679354176109e-04,8.726338362068541965e-03,1.103519269714037243e-02,-3.182824550183045442e-01,3.465407095122230441e-01,1.694726544587731976e+00
-6.060606331805828972e-04,3.187576305390849019e-02,-1.370682416534618753e-02,-1.453553630375040262e+00,-1.648837715650442348e+00,4.692802468445146369e-01
-5.250242095625523575e-03,-5.238191179878115555e-03,-2.649197545284764921e-02,-1.532853830159666524e-02,2.617310014953715958e-01,-6.193660105308673725e-02
3.913196679292241242e-03,-9.277171379804549645e-03,8.210223397991489591e-03,1.439538641018516030e+00,1.084877870245548159e+00,-1.111715539424195764e+00
8.546747862769876747e-05,1.565205848967021751e-03,-3.880807318410672835e-03,1.541788036433343334e-01,1.358722305573156763e-01,1.786473158684081033e-02
3.481428350572635111e-03,-8.434871837174062748e-04,-5.635278600534920912e-03,1.664174685369384510e-01,2.955420422554816962e-01,-4.640680037951119274e-01
