1.162246006055976666e-02,1.549268936138894007e-02,4.390734262842036634e-03,1.573880390654345263e+00,5.790742483064125201e-01,-2.010425417793914871e-01
1.291302484157642594e-01,-2.369727607526157798e-02,9.276040365735205295e-04,8.424696298820096851e-01,2.011038529142608500e+00,9.501410625625074102e-01
1.231182627379647232e-01,-1.944770495091019402e-02,1.092200707151072189e-02,-2.706833173470369669e+00,-2.274083163037876609e+00,1.291143258246224335e+00
2.328085643751795497e-01,-2.764352705273650374e-02,3.249035900127578147e-02,-3.826370659062215684e-02,-2.421130503239072418e+00,3.644826702010241615e+00
1.631218240275652542e-01,-1.842102042949923801e-02,-2.072052545490317074e-02,1.607272010651257688e+00,2.256247270534886162e+00,1.537233420208688583e+00
2.756214754482644302e-01,-2.474870633321960001e-02,3.942733369480259237e-03,5.227109108972081142e-01,-5.235639291344204582e-02,-4.597067613168076328e+00
1.909494616566793646e-01,-1.724982639256561479e-02,6.209670467311374092e-02,1.952732104169066396e+00,1.197271373058165445e+00,-2.171095941893750325e+00
3.362598268133247803e-01,-1.602757365006257650e-02,6.669190011110201488e-03,-1.864472312097480655e+00,-3.216413050224656178e+00,1.649523977500781724e+00
2.124715567037018804e-01,-2.073978811147977885e-02,1.588500508931011204e-02,-1.892634388169655679e+00,2.600331821114913733e-02,3.448066738268714904e+00
3.095137683156106156e-01,-6.068658843093219235e-02,-2.674804787397867811e-02,-9.632880179283853650e-01,3.064367433692419596e+00,-2.247360376461873532e-01
2.125344050441224653e-01,-4.355132340075301700e-02,7.180722964127575492e-02,1.305162778150010361e+00,-1.081327420880689441e-03,-1.614740588588291947e+00
3.081952790995439173e-01,-5.821315278408367710e-02,1.087556900339675670e-02,2.225232131782588496e+00,-2.158599318846521065e-01,1.099119760241677568e+00
2.156853313395141747e-01,-1.153751861513940824e-02,-1.084036202853438935e-03,-8.712537665487650740e-01,-1.333346370403153180e+00,3.834253355390617735e+00
3.197788218173092112e-01,-7.034178153908321462e-02,5.400077837538980186e-02,4.016403204870181987e-01,2.058486323807445229e-01,2.695010082483739300e+00
3.005901510111219643e-01,-3.032691991554492539e-02,-3.658906307268189328e-02,-2.837611747216134628e+00,8.350082999433302566e-01,-3.379636999751921334e+00
1.873356884499490782e-01,-1.088737474733114663e-02,6.782138409541266233e-02,1.440239235931072503e+00,-3.430484035487478600e+00,-2.269428617119263247e+00
3.329324275923148946e-01,-9.886103437248938697e-02,-4.049285059044499535e-02,2.117662113666535895e+00,2.106410392916820307e+00,2.563109019333595473e+00
2.271637498673442224e-01,-4.904529875909025005e-02,2.919803715240149034e-02,4.932145813244923072e-01,2.773114485099132387e-01,3.891384065928672253e+00
2.973929372453270048e-01,-2.159708520553249578e-02,2.349921361895931926e-02,6.753735833793947929e-01,1.880025536543973974e+00,-7.961227243270069254e-01
1.905609941811263752e-01,-1.381147215829936492e-02,9.984740708686601351e-03,-2.951909022779192759e-01,-6.501139131581974706e-02,-3.530945936698422383e+00
3.870524242923245595e-01,-8.462251210481608332e-02,6.080072236007205699e-03,1.318856936530847790e+00,-5.347197573880705379e-01,-4.712044165309310806e+00
2.136420441091262390e-01,-1.988306130467015764e-02,-7.458530368233518004e-03,-1.967102703934095365e+00,-1.410152225644036417e+00,1.422723719400794007e+00
2.838185474159278243e-01,-4.356250095800662248e-02,6.842112779053557969e-02,-1.024862334873152925e+00,2.010555183650785394e-01,-1.145387145427617437e+00
1.881909585229344373e-01,1.138013769731105462e-02,-4.129769509798886240e-02,4.964634751905174226e-01,-1.786222804812481080e+00,-3.251018384255961902e+00
2.640797437943431802e-01,-3.403566847649103222e-02,1.148712038979532724e-01,2.624842460831819935e+00,-1.538928163776101199e+00,-8.325939789716818140e+00
1.865176342646188701e-01,-9.869594771910961128e-02,-4.076780149611353155e-02,-7.858428741425795838e-01,8.123842960000182689e-02,-3.663704347426639529e+00
2.820295963413057549e-01,-2.098233922991910028e-03,2.955545364404051079e-02,5.602217220093207439e-01,-7.359262114961201418e-02,-4.082007909081386998e+00
1.953534130012934966e-01,4.093417654220443680e-03,3.377618419965713187e-02,-1.257101142341241484e+00,6.936338378690138917e-01,-7.944058529877552566e+00
2.260975720880677997e-01,-3.738003975230297371e-02,-1.684822415305384236e-02,3.083207100539127679e-02,-1.162097572147324342e+00,-1.334521217459918319e+01
1.302099299361190177e-01,-4.069780775240872117e-02,2.978253362297372461e-02,9.943055997367189480e-01,-6.991026493004058873e-01,-1.203068860426147957e+01
2.153221616025335905e-01,-8.388031522793504280e-02,-3.675312382805681621e-02,-6.334403774691314826e-02,-3.529177170056562174e-01,-1.363643978819901825e+01
1.802738164152222211e-01,-4.957265993944393045e-02,2.650940449154727541e-02,6.845610197975038336e-01,-2.445925717437971603e+00,-3.216418745866789664e+00
2.565328667382487104e-01,-7.490290764440565852e-02,-4.254417116553099731e-02,2.042882731144585406e+00,1.886957997579274293e+00,-4.906724350499096943e+00
1.837631245116075895e-01,-3.344134825567035563e-02,-6.968473173324496450e-03,1.277142559167639302e+00,-1.099181180591288109e+00,-6.117769295332340818e+00
2.640414798005372710e-01,-3.705313450993230617e-02,2.824284098550922106e-02,-1.252433873353100635e+00,5.461483776592312989e-01,-8.135713818292332533e+00
2.822293033016527453e-01,1.526509276114751401e-02,1.876932330356934076e-02,-5.840649315300918687e+00,3.637561381392088178e-01,1.857542468317392170e-01
1.788970050868075035e-01,-6.172642430361818811e-02,-1.752514651876035945e-02,3.369978784384857762e-01,-3.407346375345772671e+00,1.137239687879633143e+00
2.656979903066969406e-01,-5.354020896653555184e-02,-8.810895522626146364e-03,7.184396375018529124e-01,2.359379772521296381e+00,-1.201160535866212742e+00
1.781093865671841137e-01,-2.743152274297688820e-02,4.934794341032017195e-02,-2.857627311913110146e-01,-1.466659750190189904e+00,-1.948239953683664316e+00
2.832540362812467905e-01,3.196204455921680676e-02,-2.046602019652479787e-02,2.417442494328502445e+00,8.245090274727958635e-01,6.955344021113655240e-01
2.002363188391851345e-01,-2.128291899317069635e-03,1.366903488600224037e-02,-6.755202600717279404e-01,-1.531233584430069739e+00,2.554987603931157647e+00
3.029134836636879768e-01,-4.656156430436819704e-02,-1.359177892361801421e-02,9.543755785880439491e-02,-1.653191536254253302e+00,3.862552246247214605e+00
2.993688235898019911e-01,-6.718088700857727247e-02,-1.229532831568402873e-03,1.302359949867006317e-01,3.772342022211071288e+00,-3.527180062742348188e+00
2.066947000047569816e-01,1.451043906361793034e-02,2.243331737080824645e-02,5.518088352652329442e-01,-2.124689756457127654e+00,-5.435970624292763453e+00
2.809466657737980100e-01,2.135628741032657985e-02,7.022175805396213555e-04,1.898614113695123784e+00,7.617060302021916307e-01,1.291411709068204683e+00
2.153582170718477684e-01,-1.168481298390133816e-02,-3.770127990359195547e-03,-1.627275797200926855e+00,-1.626309346179552584e+00,4.446469095078081857e+00
3.127316808957036898e-01,-5.570374695627222650e-02,-1.979177423814110215e-02,-7.802794982908010102e-01,3.088621480230457017e+00,1.210706959783640180e+00
1.930137669823643876e-01,-3.446462466023270110e-02,2.702297809822115301e-02,-3.746366504996619384e-01,2.828629872819233282e-01,-8.742824799072023145e-01
2.854902494568243299e-01,9.986885131203493415e-03,3.256909190472563609e-02,2.718930351196591655e+00,-2.669422131419175059e+00,-4.073246805867054121e+00
2.029048674386126905e-01,-5.699768055616338813e-03,-3.657860777175603317e-02,-4.860840018520143357e-01,2.100400412617367873e+00,-3.641528703110226139e-01
3.307052628397642025e-01,-2.559893265145163355e-03,4.408480680489409997e-02,-5.931063159741128743e+00,-8.215848249968139561e-01,3.982845660622368555e+00
2.955308474675755193e-01,-4.990788291467396220e-02,6.348976332510691822e-03,8.224739255795674442e-01,1.682728026878987482e+00,-2.826549509871236765e-01
1.772120656678861650e-01,1.568399687528998498e-02,-1.964681009756208407e-02,4.108351946450837788e-01,-1.893534471401121966e+00,-3.729419320455663378e+00
2.989813798107210374e-01,-1.063467290212214422e-01,2.957650044595061534e-02,1.345978395401687511e+00,2.166678261223959068e-01,-6.023135654234418324e-01
1.950710196454181755e-01,-2.848320174455842846e-02,-1.510048017770931894e-02,8.484068517024268008e-01,-1.991613099752101768e+00,4.618717089159429356e+00
3.100100613707201802e-01,-2.405862966181704365e-02,3.286863859414743128e-02,-2.493048022517556361e-02,-8.672663074969804153e-01,7.201495997057067555e+00
1.960990015777781537e-01,-7.227302847550021170e-03,-2.062808134892885059e-02,-6.936992336212454910e-03,2.959627944007226397e+00,9.020604456070936417e-01
2.888274618517741033e-01,-3.777482669215803668e-02,-2.150435928471589042e-02,-1.814163533573066811e+00,-9.578182481115735669e-01,-4.567910121532441359e+00
1.931022890321028029e-01,-1.553486629251032980e-02,2.590063920620402915e-02,3.627573844469779818e+00,4.751558357508551267e-01,1.133758322817075337e+00
2.881147075355450227e-01,1.126363470958136048e-02,-3.904750861392372596e-02,1.415261528524728973e+00,-3.106015912288219716e-01,2.114255754007737131e+00
2.125017150169341562e-01,-3.388878556296681666e-02,-3.145401012650639316e-02,1.907400492131205105e+00,-1.328783132414567802e+00,-2.506325527378240603e-02
2.625024460357092693e-01,-3.983593969267396062e-03,3.600843136329756611e-02,-3.051268116279698628e+00,2.225110658572361899e+00,-6.061757386383593627e+00
1.766808414093592461e-01,2.223584811149770246e-02,-1.057672376275502202e-02,-1.399024163503664431e+00,-1.882305206470366254e+00,-7.453863942165618539e+00
2.478966764074925777e-01,-3.111838006873313134e-03,2.214236410013617484e-02,3.233814688825736638e+00,1.478931589458695739e-01,-5.056885451372124862e+00
1.661604117584900564e-01,6.735167653264539922e-04,-2.446985659807465741e-02,2.680898556096933394e-02,-5.011625434521593814e-02,-2.191863949150347768e+00
2.608900307567232346e-01,3.544395274868605838e-03,3.112931635342963688e-02,-1.726600369152768488e+00,-1.405627902512320171e+00,-5.274897523183620152e+00
1.495290024377586846e-01,-2.913478769217547892e-02,4.167453046798885730e-03,-8.115615589316756140e-02,1.560476354321088444e+00,-6.119801947444712731e+00
2.452751163727571182e-01,-5.436973895542251967e-02,1.560432684509155399e-02,5.336982092119600951e-01,-8.385417181549823518e-01,-1.194926900919781332e+01
1.348420854839709193e-01,-1.891725903928076491e-02,3.666672736361031859e-02,-1.079077807058582028e+00,-1.945034710916249410e-01,-5.601458958798949617e+00
2.210989392898241590e-01,-4.062824836540990248e-02,1.088956193539547534e-02,-3.854828781644873970e-01,-1.824694938210882356e+00,-5.165873073428386419e+00
1.820322236165314855e-01,-4.322112283957402212e-02,1.225979326340997932e-03,-2.701071562453255304e+00,-1.903134624477901271e+00,-2.315066848487868256e+00
2.406562005079804223e-01,-7.470564305974924935e-02,1.079322271994226368e-02,-8.743604722363114146e-01,2.032138707840636993e+00,-4.110512601561932655e+00
1.628834582942273457e-01,-4.787363680689082912e-02,-2.604073979739868205e-02,1.708976404225327261e+00,1.986922729830839396e+00,-5.314667656993171896e+00
2.324870146679658411e-01,-8.396026347306673188e-02,4.164598758862583794e-02,7.191613538194361333e-01,2.070829295365279599e+00,-8.687102540397782846e+00
1.697319613948312100e-01,-9.860726313513978880e-03,-2.694170996330193940e-02,-3.611174372178141412e-01,2.388808798090269470e-01,4.166182424528831474e-01
3.065554003471686051e-01,-4.599920266383961120e-02,1.962466739053068954e-02,-2.039892161531699166e+00,-4.445161213293879143e+00,9.266161354391577731e+00
1.897960881691937995e-01,-1.781504350798179814e-02,6.075660270607896596e-02,-6.405358404905373004e-02,1.327256884640570345e+00,7.469405266280586986e+00
2.986165059077769968e-01,-8.323080179796704670e-02,2.387401676994316269e-02,3.731412927455866502e+00,1.666906157303726488e+00,5.843324927558109394e+00
1.879764401579473443e-01,2.421253240342124968e-02,3.874227437064444585e-02,-3.610108807382881313e-01,-8.863824763965983955e-01,1.808355777390846963e+00
2.732574390830180278e-01,-1.082951544340815531e-02,-2.759717277216138659e-02,-1.403375981078383017e+00,-1.390622167907850981e+00,2.679291752721673969e+00
3.159604612011328584e-01,-7.611637848531138673e-02,-5.492307542910494778e-02,1.090517012001256614e+00,-2.072110248187958970e+00,1.314045327138452901e+00
1.323116847217908898e-01,-4.217170303620498828e-02,1.988122858724122866e-02,1.953411947081235445e+00,-7.885561520825833115e-02,-1.099960714930593442e+00
2.199435586225639838e-01,-6.862709589107041097e-02,4.287340509267123512e-02,-2.357525151638705796e-01,-7.757045147626380199e-01,-1.063701608375829899e+01
2.392066630916636072e-01,3.672647695116815214e-02,-3.870271567439842464e-02,-5.053150678565878628e-01,5.466545082112355715e-03,-1.022575154099375183e+01
1.799749279777520528e-01,2.488949110311544644e-02,2.652740496886463184e-03,-1.951939420833495309e-01,3.241467705448760617e-01,-3.253656353106332055e+00
2.948604200684092902e-01,-7.340224318896915179e-02,-1.478458777266744573e-02,6.952643368415301062e-01,1.758977609317713686e-01,-4.770773225117872940e+00
1.929837006847190395e-01,-5.958364261904414150e-02,-1.898099358217386623e-04,-3.347278372312562967e-05,2.869192704064488453e+00,-5.839996062846394942e+00
2.812643964226262394e-01,-5.086382441359305062e-02,1.807002571243787603e-02,-9.980242317598859714e-01,-1.874468636667381283e+00,-1.016309387822791344e+01
1.812345367143693986e-01,-1.055755537819536016e-02,3.397223567972768032e-02,1.825942211762075829e+00,9.744979580121421181e-01,-2.614875660138032742e+00
2.806395992399088879e-01,-3.603047560490679757e-02,4.914203447783149770e-03,5.413888007825974347e-01,-1.761674996524364545e+00,-1.322094552599780926e+00
2.049740169329172801e-01,-2.927040772007138969e-02,-3.277145940280568048e-02,-5.247367206835426012e-01,-2.171620860452497803e-01,-7.769048878488195309e-02
2.738004159201081755e-01,-8.028573527618654282e-02,-4.327688506552518355e-03,-8.791578751580032547e-01,2.206447418726444010e+00,-3.479264024119801402e+00
1.762834316462094097e-01,-1.667412818422420173e-03,2.075947601379335428e-02,8.273159087214350116e-01,-7.710353502715271423e-01,-3.965950472941274896e+00
3.612857674545000286e-01,8.344684003050772958e-03,2.409011672660676950e-02,-9.049586584998262628e-01,-4.811225503926299107e-01,-4.677776916812173447e+00
1.951725154764725190e-01,-1.751544276537586597e-02,6.455405226070354274e-03,-8.012062518673962463e-01,-2.539634962439677235e+00,-4.992421058933521061e-01
2.803276969745565061e-01,-3.581806997993730590e-02,-7.118184653524381456e-02,-2.790422676331173246e+00,1.966272528179116685e+00,-2.126983048945455756e+00
1.764912886479965692e-01,-3.841066568076989540e-02,3.716936284575564353e-02,1.826113104310944923e-01,3.518014462468055936e-01,-7.006410939323111542e+00
2.767746107152584401e-01,-2.691854360908330079e-02,1.947709626076563061e-02,2.867266189580795821e+00,1.902108426416271980e+00,-9.484841532989557678e+00
1.847339031625914174e-01,-3.071322807448595427e-02,3.845115108851993035e-03,6.221039593684988267e-01,8.247295618982167231e-02,-7.210212824976355961e+00
2.772477114582274638e-01,-3.923960177335494848e-02,6.470037506243864200e-03,-7.054480154904161360e-01,-7.467035718789145626e-01,-7.671875583021218858e+00
1.467420799591980796e-01,-2.831713960214798931e-02,6.517355823434156648e-03,7.759753541116781728e-01,9.366281892497607675e-01,-7.781702380630662219e+00
2.110382020542473924e-01,-1.079174805603573262e-01,5.421538074087461911e-02,-3.341060696326958457e-01,-1.309958907061590683e+00,-1.404811881710294408e+01
1.682421157051052774e-01,-2.041225356456521922e-02,-1.381423413286730906e-03,9.362247350806297552e-01,-5.875031061176522185e-01,-8.837847940533062996e+00
2.766741197832907062e-01,-3.506205743448420620e-02,-2.595608120555081832e-02,-1.298671845580981810e+00,-1.914685482702243924e+00,-7.262238439021932557e+00
1.960836228255420366e-01,-2.877214450647480604e-02,5.365539428659011484e-02,-1.626702000118913416e+00,-1.556255976569846267e+00,-5.665869644731030830e-01
2.574165158625820737e-01,-5.473806349749943401e-02,-3.583254140108810271e-02,6.643254291112400400e-01,3.140941247984562867e+00,-3.624380692655464919e+00
1.985336743915837587e-01,-1.849768199801427038e-02,-1.525954832494613722e-02,4.770945882373831548e-01,4.896250152136216727e-01,-3.685389482076394163e+00
3.104128445497291722e-01,-3.747784709184609486e-02,-9.596168390168524631e-03,2.848122084574593593e+00,5.180860556140011175e-01,-3.272874396379201301e+00
1.965572849124956889e-01,-2.998388699104982680e-02,-8.621384146287713879e-03,-1.596715356589828660e+00,-7.308151444678192554e-01,1.692334423884830796e+00
3.430891957354109678e-01,-4.695949420859668599e-02,3.439326491850103196e-02,-1.759502649319270473e+00,2.229341880969899048e+00,3.373547991414859837e+00
1.952490926908705404e-01,-6.365608954506551953e-03,-9.370263837374714910e-03,1.588390036545758166e+00,1.386639311610806891e+00,1.587035896722267303e+00
3.097684805770999361e-01,-6.051577857665624283e-02,4.423968457086779882e-02,-1.478860885190490970e+00,-1.203013257098592748e+00,-4.114678352802688899e+00
2.857893313648602884e-01,-8.628926698770411630e-03,1.792188025711416444e-02,2.486036103482442083e+00,-4.457641612726668257e-01,1.384633776897957524e+00
2.077904401144117230e-01,-3.235059797667066972e-02,-4.372029413437839018e-03,-2.919677311170972844e-01,-2.524506766389412071e+00,2.354085750739868477e+00
3.063657497409417729e-01,-1.733510977507657369e-02,9.308296686090758443e-02,8.593814601523604990e-01,8.359376391715213073e-01,1.572634292512471665e+00
2.159214507720870202e-01,-2.021955567075461868e-02,-3.710273206513772792e-02,2.085014140972573371e-01,1.877664020783100129e+00,-2.304337646172793352e+00
2.735437055060039313e-01,-4.667525141773332109e-02,1.348024590538793310e-02,-1.429884536542371132e+00,-2.275701281526566755e-01,-3.428036381695127144e+00
2.189483975459793896e-01,2.824274939224993841e-02,2.241264894339328739e-02,2.138027679583799079e-01,8.204687952398379558e-01,7.951469549927759894e-01
3.115325791259015986e-01,-3.315645488438495603e-02,1.460026951298365461e-02,-2.241758664818652491e+00,-2.946746218597597444e+00,1.726948278150400640e+00
2.139962193045015226e-01,4.288731648015742248e-03,1.491572330803098145e-02,-1.363386894077834033e-01,7.209141870594808488e-01,7.163709497092820566e-01
3.199407493668608993e-01,2.694538878840191387e-04,-5.462562969718548489e-02,1.985031023546110607e+00,1.202587188211822422e+00,-2.963912642608987014e+00
2.667072865381205915e-01,-6.547870053930882062e-02,4.734879806912917211e-02,3.863091813923356987e+00,1.228470292933144248e-01,-2.169883853627636139e+00
1.971797904905878696e-01,-9.478086676488750584e-03,2.463287602115388220e-02,1.321874408924156030e-01,-2.197192490124283692e-01,-6.753800807583172361e-01
3.080948516972696893e-01,-5.041367531151763615e-02,7.222110367413714371e-03,-1.303203279876661069e+00,-2.350343239468964729e+00,2.195341572575971067e+00
1.922451729094314388e-01,-2.534517075376353790e-02,8.828709513320695534e-03,1.056543086227712758e+00,1.506287486282605670e+00,2.479745625602870207e-01
3.064217081603093362e-01,-2.895486896219835043e-02,2.092716249595324984e-02,-1.709302411933251831e+00,-6.467406486989437653e-01,-5.792868922893085859e+00
1.712691434798356838e-01,1.441670889804702593e-02,3.139197773132998415e-02,-2.838655780758524063e-03,5.969238767637282672e-01,-9.900355639858164913e-01
2.729590086695736773e-01,-4.566917547992821458e-02,-2.073939273785857518e-02,1.648781228694752021e-01,-1.737603493633288476e+00,-4.224351231072905222e+00
1.967771499104689070e-01,-4.323641916658638173e-02,-4.387217810726207201e-03,1.226096664106034739e-01,-6.715875663733611445e-01,-4.092768811887621538e+00
2.258329128753953086e-01,-1.563084327132722162e-01,-2.407959137586936083e-03,-6.386188900572669080e-01,2.168773589343758079e+00,-1.095924457170869282e+01
1.268563143957823769e-01,-1.014423058604640993e-01,1.495040163304853231e-02,2.545136579005419453e+00,6.789142741703146910e-01,-1.288858267470233621e+01
1.618553038450962767e-01,-8.009550177283042416e-02,8.385269376477821890e-03,1.906413901658435828e+00,1.000845310099339747e+00,-2.295530676345501675e+01
5.568531953121436118e-02,-5.029795903232425758e-02,7.464609050029241688e-03,4.540216078040594239e-01,-9.244337600142730205e-01,-1.544596777440370339e+01
1.363637572330079206e-01,-1.089980599643487480e-01,-2.577390949092269595e-02,-3.585460822578124818e-01,-1.854443689010436325e+00,-2.237193918884511845e+01
1.079667666782333502e-01,-5.687177419924260846e-02,-2.918134103771576754e-02,5.149862749830111941e-01,1.510418402021285744e-01,-1.273899007370128977e+01
1.797874684030080772e-01,-1.123154086703639365e-01,4.896812656462747049e-02,2.960585640583655920e+00,-6.407936301427379355e-01,-1.838704325961522912e+01
1.154158657876092064e-01,-1.866976640066608795e-02,-1.537820015878343938e-02,1.438529013518676569e+00,-2.770905350766781350e-01,-1.109978549679445869e+01
2.305967716826851088e-01,-2.680626525020879392e-02,-3.458548837129288289e-03,-1.811719441774674033e+00,-9.768977477046146829e-01,-8.878197620340218421e+00
1.972391809082276737e-01,-1.458276574693440075e-02,4.904693438889731749e-03,-1.749064277882732332e+00,-4.533058515184482107e-01,-4.654543937609952664e+00
2.484930038942589903e-01,-4.586312093204847340e-02,8.313151007672029639e-04,-9.373626672557236472e-02,2.028130948699891078e+00,-3.540982794863757999e+00
1.821708000096062818e-01,-4.212545606523887542e-02,4.506961397663877822e-02,-4.616339138894188232e-01,-9.111867771731771981e-01,-4.835450542122915252e+00
2.813394358856555755e-01,-2.820224013543435465e-02,-2.612577383121132690e-02,4.685740096493934970e-01,1.052379275956076166e+00,-6.101643975466848779e+00
1.897485372179250618e-01,-1.862707585125522591e-03,2.081792596465811829e-02,-6.093304247392188067e-02,1.710094761239130956e-01,-8.500071119755077120e-01
3.072587475839512194e-01,-3.385272977324083055e-02,-1.977655257127119981e-04,-2.037784531458371351e+00,-7.493693610836551500e-01,1.565406730561037518e+00
1.935168386110568406e-01,-3.008123063919443396e-02,-2.209100069889469165e-02,6.891268962697567613e-01,1.996213983262553837e+00,7.217959287667726764e-01
3.200763589010069410e-01,-3.839246269055196503e-02,3.678694324566333940e-02,-1.185375288749478617e+00,-1.385344406381401328e+00,-1.710211402509712375e+00
2.152041558382675746e-01,-1.112514322531499289e-02,2.423438333782190757e-02,1.440118324987510467e+00,3.133127154273167014e-01,3.715285856718888002e+00
3.302527918722271139e-01,1.948970667544833169e-04,-3.811783994147099897e-02,6.681004636688353537e-01,-1.923679483750196262e+00,9.258918731005980618e+00
3.065373982557400012e-01,3.503926615396446564e-03,1.516488978566499224e-02,-9.124485716570094329e-01,-1.007876491075009762e+00,1.087938069230395577e+01
1.851995115236606537e-01,1.628821741991970384e-03,-1.129968622168932291e-02,9.460617632292487311e-01,-2.426697198952539880e-01,7.810437425373875975e+00
2.841608789655527545e-01,1.690469148483808581e-02,5.912665604292113852e-03,4.672436544770425804e-01,-8.758417395419652030e-01,8.656547973856367761e+00
2.659725182794829834e-01,2.593441897981030309e-02,7.574040201497905800e-03,1.014028675050470563e+00,-1.160098899344804479e+00,1.493226530250469253e+01
2.045984543437633363e-01,-7.224616832328223381e-03,-3.630947006605350635e-03,-2.779888240529590604e+00,-2.102169160548876370e+00,1.139673185270890521e+01
2.518313084231884602e-01,-4.123266853199858417e-03,3.110834669885675918e-02,-1.178589264920567731e-01,9.433953696656944832e-01,1.500334930979429870e+01
1.576354387173330984e-01,1.095644668479778261e-03,-2.757017576692666339e-03,1.036512447737547166e-01,4.483531114671418516e-01,5.057067021381009830e+00
2.778028339770757249e-01,1.749272100834353694e-02,3.936295943311973744e-02,2.498460394256204753e-01,-9.481334520540470878e-01,6.364090010372581929e+00
1.696018621983848007e-01,2.203583594136127033e-02,3.895054074140336109e-02,1.295004132247884687e+00,2.613386716403193200e-01,9.217640096399414062e+00
2.681575323957580137e-01,4.028471297142388607e-02,-1.741644180566193079e-02,-5.475966215764963563e-01,-8.169785656652611694e-01,1.653819678197840659e+01
1.685542828749757582e-01,-8.025049337593515020e-03,-7.612733851464270618e-03,-6.127867132929143423e-01,-1.112207356512991963e+00,8.045489743158542595e+00
2.050464289383304717e-01,1.543887701318347183e-02,9.860736979083739584e-05,5.174615540679035064e-01,-2.709638788115240407e-02,1.060313592763385415e+01
1.503523507597961384e-01,3.236671066724561285e-02,3.381964683305666020e-02,-1.824525716803715447e+00,-9.538401225864087118e-01,2.688294653012161195e+00
2.028818295972190100e-01,5.259666958884512411e-02,-2.033900594793969230e-02,1.088781974942170244e-01,-1.795433587575750334e+00,7.248147253935874446e+00
1.652337939428818459e-01,3.103723786499390513e-02,-3.106862234254009758e-02,2.215004831481511172e+00,7.180613327907829913e-01,7.065206556906785451e+00
2.973072455232612654e-01,1.205020394668210315e-02,-3.983959191843244874e-03,-4.153276177748335685e-01,-2.308131134684307195e+00,1.024587746332865912e+01
1.865629274776043900e-01,-4.736246870693960886e-03,4.877954315328746765e-02,2.078058906414955997e-01,5.435746005343423254e-02,2.718521713834038067e+00
2.673489863182902937e-01,-4.029130202024333585e-02,-4.386660872377817072e-02,2.358358144858718308e+00,1.484611727588186270e+00,-5.047388975239914366e+00
1.610118865853191750e-01,-2.118171891717235411e-02,-1.310843652895632427e-02,1.347563126274531342e+00,5.313999695997658756e-01,-8.867415892931179044e+00
2.250219374216628765e-01,-1.916546309246047741e-02,-1.060434010918411864e-02,-7.863059921496058369e-01,2.484356110742276691e+00,-5.550633597230460126e+00
1.640956433929461333e-01,-4.849024006711388779e-03,6.810136142367084755e-03,-3.959143493737338204e+00,-1.565582053681697783e+00,1.522924947036466969e+00
2.820198539865694798e-01,1.256413617175944353e-02,9.607475080543492751e-03,-3.755610480561447861e+00,-1.258963947657692373e+00,5.286692397693496304e+00
1.878419844810457207e-01,-4.676649773839969271e-03,-1.384198494298027882e-02,1.134085645928284869e+00,1.201367196968488926e+00,1.083838694601463315e+00
2.397213552252903668e-01,1.757599052770419945e-02,4.901774301829309177e-02,1.453216023021116410e+00,-9.453056440415730233e-01,2.236933368570684699e+00
1.482551432209682218e-01,2.245598137468540756e-02,4.136068291684003029e-03,1.913393184504767364e+00,-7.071998959380941807e-01,7.178316752412075452e+00
2.780469351291188218e-01,3.314360022410145490e-02,-5.146679208010429551e-03,2.611127398906489816e-01,-3.418734720867571575e+00,1.384357348240916430e+01
2.800553374232874759e-01,-1.262777291654781919e-02,-2.977791972105703344e-02,1.245906416509251047e+00,2.002094100517078257e+00,1.192155344607756895e+01
1.666812405079483028e-01,-2.753633402089850080e-02,1.532699214200750060e-02,2.494562823451136335e+00,2.089777746187850394e+00,6.676441193755124459e+00
2.324241449689585792e-01,3.476344646839168995e-02,6.100389754048307633e-03,-4.203910619354417122e+00,-7.018548342775171589e-01,5.728734938376273789e+00
1.599673360713849135e-01,5.276845299876731232e-02,-1.119331661544092915e-02,-1.145704995151601624e+00,-1.683261642411024717e+00,1.086395934088819892e+01
2.846919683241937449e-01,2.150589126315329003e-02,-9.713485608006522387e-02,4.893400916892463592e-01,-1.980851736186394652e+00,1.474904130877873953e+01
1.870199687577267511e-01,-1.973005134849659115e-03,5.763473286141168606e-02,-1.353217306628621719e+00,-1.263722968983516548e+00,1.027814351114503388e+01
2.463765065795708864e-01,-2.171457373233343091e-02,5.670910465461383859e-02,-1.667528654699342583e-01,-8.521846069560943260e-01,1.005195225715461582e+01
1.881910300580837969e-01,-8.100650841255774282e-03,5.638442957478423390e-03,8.077089200426409432e-01,1.665302988527740669e-01,2.520956836996388173e+00
2.800560973592283176e-01,2.791286174632423567e-02,3.380927623426138728e-02,3.374936533508776648e+00,-8.751944287503947428e-02,2.621062368301543710e+00
1.886494694991336374e-01,1.380195024111241509e-03,-1.383717131714173876e-03,1.663594107802036648e+00,1.010346470391860985e+00,3.987794520541866561e+00
2.813713465935592239e-01,-2.521061446171701803e-02,7.835014140426005413e-03,-1.525960277974178547e+00,-2.823788621205475469e+00,6.074089155268628915e+00
1.836440991687329216e-01,-4.252689692249811415e-02,-3.288226172225581362e-02,-1.087929586680990296e-01,3.208448677491016365e+00,4.871713105329040783e-01
2.561852735798848535e-01,-5.909448801436045784e-02,4.940143145099797073e-02,3.056410698632501255e-01,1.849356453836595193e+00,-4.748737323752513007e+00
1.843833242998602628e-01,1.689054937086842401e-02,2.989206943579282572e-02,9.729516688597629193e-01,2.530645139826437698e-02,-2.177620165166573585e-01
2.568501755807215403e-01,2.684661735292781515e-02,1.583414614145545185e-02,-1.890405857402842171e+00,-2.010166970517414387e-01,6.560261211033014739e+00
1.771576380351427282e-01,-5.448638467611566227e-03,7.037198001897473215e-03,-4.737148781008544418e+00,-4.225064276723337287e+00,2.112540884883763681e+00
2.623202644382875981e-01,-6.564534798501986401e-02,-2.830176379523435815e-02,3.297199628565732343e+00,1.676911041789064027e+00,5.318463461880392984e+00
1.703429483547010681e-01,-3.751617253851646794e-02,2.974764132342376521e-02,2.307254295175839243e+00,3.074610919860343294e+00,-7.128102341134158193e-01
2.766463171110294383e-01,-7.074219963405070644e-03,2.939820016973147473e-02,6.508876783393382492e-01,7.020649288625154805e-01,-2.524028325947003104e+00
1.479951627064736985e-01,-3.670586538754161410e-02,8.978274419193382760e-05,3.389736771506893565e+00,7.512161389845580794e-01,5.911580024212991225e-01
1.972681353339865717e-01,-9.006597226548818114e-02,8.867218949692159957e-02,-1.305426567857899789e+00,-5.005647346650957452e+00,-9.292461206920727079e+00
9.380514229600012133e-02,-5.851871699358479617e-02,-4.345358739647198210e-02,2.476723103077147936e+00,-4.316764890467592042e-01,-9.186275917437667360e+00
1.058850721659536642e-01,-8.909147513120840856e-02,3.693075611343737963e-02,-1.407617320303278241e+00,-5.032603813065396059e-01,-2.014807017416484314e+01
1.659281494641622334e-01,-7.305733187890339764e-02,-1.365967225939823670e-02,2.755067512589460144e+00,-1.399703027699842783e+00,-2.061647510784075976e+01
1.211637091572743685e-01,-4.637971952783725982e-02,4.120855051436042582e-02,9.109949116024768090e-02,1.082577676103040343e+00,-1.154432012812644892e+01
2.335748750159636344e-01,-5.073425748038129512e-02,5.641549557363123579e-02,-2.766163619559713904e+00,-3.736781135523243425e+00,-8.255175137785448314e+00
1.579185921457595398e-01,-5.180258505465340502e-02,-5.271451110551724634e-02,1.191876993519489059e+00,-3.305216080523576405e-01,-1.478716869733996964e+00
2.531037742040642691e-01,-9.016785983370123603e-02,7.206381001540931863e-03,1.077901753842607224e+00,2.460957415820369310e+00,-4.735805394756760656e+00
2.070888411966533837e-01,-2.582581819884943730e-02,-7.720126779279828932e-03,-1.439724364921434407e+00,-7.942163046505350543e-01,-3.891113435219679673e+00
2.264543223870583155e-01,-5.859536880493160238e-02,2.953205568502396960e-02,2.326637618852347433e+00,6.243035616597625292e-01,-2.887204285309809215e+00
1.975242659008207280e-01,-5.063616892532740721e-02,2.163671514604009749e-02,-5.413163902699671404e-01,-3.517544301052519806e+00,-2.900546351126989109e+00
3.030176037328962124e-01,-3.498882913152287499e-02,7.056199871204922591e-02,1.452347149405784688e+00,3.647453004052905179e-01,-2.979607393562893058e+00
1.783025452090896135e-01,-4.872260629076030636e-04,-5.836023886962653229e-02,1.884114180334305888e-01,9.961526073639234147e-01,-6.565186943188204616e+00
2.263785983902564247e-01,-2.413634145466073133e-02,3.220443980513932464e-02,-6.739958898546695165e-01,-8.962625037799332173e-01,-1.419169345849623198e+01
2.201908530427726385e-01,-6.280644639848736999e-02,-3.123598105644821363e-02,1.116901453905461139e-01,2.440093181990223403e+00,-1.278235177759278685e+01
1.689849221848226390e-01,-3.759048476017390339e-02,-3.538783084713603005e-02,8.524685402325568040e-01,-2.990797048438430750e+00,-4.769156516400892443e+00
2.565100636560305736e-01,-3.942540436323416220e-02,1.116835321293281891e-01,-1.845573773299658438e+00,3.988715428947735009e-01,-9.211000267257544394e+00
2.337287471620202450e-01,-1.556379574947175382e-02,-6.623343314816776406e-02,3.067265822782299090e-01,1.548180677144623596e+00,-1.302783471433453677e+01
1.841575616133988014e-01,-3.696033300108658715e-02,3.820948692556078163e-02,1.948528849237954219e+00,8.551499167289509096e-01,-8.343580525925005986e+00
2.862891135457149572e-01,-1.501360663449502475e-02,-1.998469952922077991e-02,-1.013386201906903705e-01,-1.183628188112392676e+00,-7.393337895602461352e+00
2.151999094210912400e-01,2.540632992583347072e-02,9.473409437317176218e-02,-2.005217688767539030e+00,-2.416892187476229026e+00,-3.053518856251785429e+00
3.020738441579995381e-01,-2.594410966702520582e-02,-5.042834247482835819e-03,9.209935407179986600e-02,2.729080187392536327e+00,-3.515798699073866107e+00
2.150905336012807201e-01,3.678998469761346479e-02,1.309212467357231957e-02,-1.497888074262723190e-01,4.758944323280425159e-01,-3.540555310316325865e+00
2.685368997673212021e-01,-3.395905031412466135e-02,-1.303471791549497272e-02,7.559797105169177023e-01,1.520466692719521395e+00,-4.239078990913077050e+00
1.755590001733744465e-01,-1.077718977800723454e-02,1.145307391103186911e-02,1.516925316950626046e+00,-1.013283397973001154e+00,9.091379484681607615e-01
3.284658686567638597e-01,-6.124770570998960828e-02,6.400052523663660176e-02,-3.144706722754537331e+00,-2.669193872419561409e+00,3.366328210774139240e+00
1.642995993768141538e-01,-5.741621817187814170e-02,1.359336682848788502e-02,1.136199741778655348e+00,2.854492512316946229e-01,2.322205692669349619e-01
2.488290157746932962e-01,-7.710911401155096101e-02,4.193344529977210966e-02,-1.823960763882789049e+00,-1.846380209729219901e+00,-6.464027268327678044e+00
1.957103923097101017e-01,1.534853127089907954e-02,1.513139973471371025e-02,7.733380211757554523e-01,9.969266968469885359e-01,-2.228165642435142146e+00
2.797524643422710788e-01,1.128421989913178103e-02,5.096588816306049652e-03,7.786210181188970569e-01,8.083990887555223548e-01,2.104812464660771987e+00
2.048442237586436399e-01,-5.846288486351725044e-02,-5.522334136025569551e-03,-1.887513405744745409e-01,-1.796559393304625774e+00,2.669728757603043512e+00
2.885712339915440516e-01,-7.704517044560743599e-02,1.714260216506865997e-02,-2.621779560905684869e-01,1.645358753325782519e+00,1.214962150824369314e+00
1.687288806002427144e-01,-4.432428054818893237e-02,1.423717070193050716e-02,-5.845079151540631957e-01,-3.086111898888161953e-01,-2.057749598103645994e+00
2.935840978196351259e-01,-2.628050992905628380e-02,2.048478575425100034e-02,7.037149811482202866e-01,2.483788538709254534e-01,-5.428701361835554628e+00
1.789082912660564517e-01,2.384631560933200833e-02,-4.659755838593460098e-03,6.410984127958339052e-01,-1.723923230745939006e-01,4.038374628376857900e-01
2.949917145013687403e-01,-5.569273779439040672e-02,-1.705274831500031008e-02,1.860812990551215185e+00,-2.230642819512346886e+00,2.223248405769970848e+00
1.976837220993781230e-01,-5.651066430472478919e-02,-2.643807366798336250e-03,6.762794448648873358e-01,2.081720864461616749e+00,-1.960567144599012768e-01
2.803072423913191002e-01,-6.725149492029675047e-02,3.655621033479256043e-02,-2.374053168350648502e+00,6.184671596527528958e-01,-6.662581791982369772e+00
1.897817878733398800e-01,4.381425042185901897e-02,1.165291912007976327e-02,2.015009552875615562e+00,-6.279003421989878264e-01,-2.274837422652891572e+00
2.887229221438856186e-01,-4.788634995700419283e-02,1.552500196381784159e-02,3.446186033170979268e-01,-1.443890912347408906e-01,-2.654166242372903994e+00
1.852431718807165950e-01,-4.902687119553628126e-02,-2.511943389057505471e-02,2.384173353625202552e+00,-1.135053800033773319e+00,-2.400294684104691711e+00
2.722363776342477948e-01,-2.025687303877143908e-02,6.520466123575430206e-03,-2.813954881948233844e+00,2.487840310846394676e+00,-8.039855572937526063e+00
2.517144494413230404e-01,-2.390205273381162954e-02,9.950205687951130251e-03,6.635011721683876651e-01,-9.413562312727778991e-01,-1.156173753760079315e+01
1.425440321498969709e-01,-7.750001216384028169e-03,4.408195735799835813e-02,2.416016865946240877e+00,1.768194186071490481e+00,-6.586827809207830065e+00
2.663873871610888955e-01,-9.874856425476075117e-02,-1.427188314876565167e-02,5.124694906262962091e-01,-2.042589786916756966e-01,-7.681237552226524379e+00
2.047010196637426560e-01,-1.398314480509714741e-01,3.179593355666721077e-02,-1.576787453959649088e-01,6.013821528410046025e-01,-1.064560197781814743e+01
1.520065203017528788e-01,-7.688243852748133378e-02,2.373421673869557935e-03,-2.497245916946041477e-01,8.926709153829304189e-01,-1.043033640573664123e+01
2.585474314806122109e-01,-8.471572118485770631e-02,-4.167102007152700960e-03,6.338573564497044233e-01,-3.282239092884756015e+00,-1.231084571435047970e+01
1.781322024245635127e-01,-1.275803026800303996e-03,1.526599147102314369e-02,1.027452968730064420e+00,2.556700353308695384e+00,-2.598801915414517882e+00
3.163428607458764752e-01,-3.100307354085263256e-02,-2.345633204040933895e-02,8.471363251105974712e-02,-2.438307623752923592e-01,1.946948918400955408e+00
2.916457659330982111e-01,-9.040233235066441608e-02,8.384809964689068917e-02,-5.435586772135190398e-02,1.714256357246574103e+00,-4.093025586942014571e-01
1.941291397469107061e-01,-6.998262495250173743e-02,-4.448354053272962627e-02,1.089992052723627536e+00,3.441238135440573553e-01,-4.069243144470770623e+00
2.876258685288544115e-01,-5.919237673881205808e-02,8.513970085053468306e-02,-1.304806228477910945e+00,-2.388860401997824123e+00,-4.508407613653288237e+00
1.958562846375775379e-01,-2.013721889414110677e-02,-7.802727700306710812e-03,9.123653969790771479e-01,-7.888983423274620668e-03,3.956389133359930810e+00
3.388452798048890990e-01,-8.262587141397936819e-03,2.807773344697367390e-02,-3.096730467016097332e+00,-2.074217728794411908e+00,5.249884261689480525e+00
2.179694691293079245e-01,-2.744416280886241566e-02,2.975764005768821718e-02,-6.342311300607139657e-01,1.918071100258160966e+00,8.782834692946343835e-02
3.105819820050150781e-01,-4.509462201460134878e-02,-4.244542041218835049e-02,2.538468011292028592e+00,5.813404334546365959e-01,-5.091688830357868234e+00
1.957136479852694677e-01,-1.772845419541013712e-02,6.220942885986474602e-02,2.658516386597403081e+00,-6.616641403646454922e-01,4.051503304918246950e-01
3.290666026213351358e-01,-2.927207357492989104e-02,4.947847340259159399e-03,-1.243031431160165567e+00,-2.144995302867445386e-01,2.580298052626210037e+00
2.305054034016444930e-01,-3.748269378674340402e-02,1.127933773451139654e-02,-2.684591621573918285e+00,-8.243486182881880620e-01,4.463615431813929835e-01
2.969705861347726739e-01,-6.138613298910389204e-02,4.288398795417297515e-02,-9.483716009087251875e-01,2.642342086828060044e+00,-2.323234876243814195e+00
1.900782867552468502e-01,-2.077768127702661616e-02,7.397925400423055464e-03,-3.727755198327608599e-01,-1.887387437595947182e+00,-4.319235037741790073e+00
3.097107225093376215e-01,-1.529298209382723428e-02,1.882338194619193050e-02,3.781772794605995802e+00,1.525877215158534028e+00,-6.277904422996690714e-01
1.971847868660967507e-01,1.838191826772384019e-02,3.449571131508877286e-02,3.428797371956748136e-02,-2.619699371567757673e+00,3.039743345628191484e+00
3.009944525242085334e-01,-4.910895177136076484e-02,-1.916752242787672644e-03,-2.487675650496228297e+00,-1.608435876967952094e+00,2.017485281614933790e+00
2.026819437497575649e-01,-3.325919629084417295e-02,-1.539313123549823636e-03,4.147433970737822162e-01,3.134560371086840380e+00,1.082994758753267339e+00
2.924884290864682157e-01,-4.728306405280857661e-02,3.709260372239053805e-02,-8.351264463420624562e-01,-1.054129685136951267e+00,-5.048016303964552698e+00
1.913471370599379995e-01,-3.301103338687383371e-03,1.168711376563824622e-02,2.829157196984219524e+00,1.046002752877601000e-01,7.949261567914817084e-02
3.133981553954914290e-01,-3.743469558624035187e-03,-9.894603451279959661e-03,2.631609244063571329e-01,-1.786605761716002716e+00,4.771142266805784793e+00
2.064966494486659698e-01,-6.251278417195660353e-02,-2.423683648439894922e-03,-1.477140429902094265e+00,-2.718419172222526492e-01,2.155636755780739655e+00
2.810880186681217197e-01,-1.033380192834041367e-01,1.484681410355095932e-02,-3.184330320998915553e+00,2.337483751043095914e+00,-2.017342453930487167e+00
2.031826594272860831e-01,-3.433648677603606814e-02,-1.319271990476478251e-02,1.584111583345485741e+00,-1.826425750886553789e+00,-3.769005471243793703e+00
3.030280000069733859e-01,1.333237944071985481e-02,-9.317540997027640159e-03,2.886320038242265351e+00,4.772636610457011708e-01,7.362175530611489993e-01
2.196072722348851869e-01,9.602367911551112911e-03,6.741146922861263047e-03,9.218658295563499916e-01,-1.286000312293196446e+00,3.758572963081949769e+00
3.275973513806285098e-01,-9.894641572920548356e-02,-2.164875201334490185e-02,-9.591671439687203815e-01,9.193693505720910153e-01,8.956872437137549658e-01
2.018721542789094769e-01,-5.564314531396430397e-02,2.112473735701583810e-02,4.015059271577162137e-01,1.997052377081856234e+00,-2.694658951789983270e+00
2.868817537766314985e-01,-2.013207242145842457e-02,1.916088085024914012e-03,2.990141127390947062e+00,-1.617494457031680710e+00,-8.490000949893648396e+00
1.859404043132784068e-01,-1.044931075341981597e-02,-1.584404088237997832e-02,2.638491222207623998e-01,1.645944438424464362e+00,-3.468629600363509535e+00
2.581742795097667909e-01,-3.957338438786184298e-02,5.319821749744228084e-02,-5.293402703262870546e+00,-3.109474719514258023e+00,-1.543209945450542353e+00
1.657309695404372007e-01,-9.354865264090861388e-02,-3.534959742321036602e-02,-4.974944202652296088e-01,1.436186659863953219e+00,-5.085785270798566238e+00
2.408976668354227968e-01,-5.251746216043073900e-02,2.502383837568744607e-02,-9.705344909251643060e-01,5.704118930474033622e-01,-1.414295593741037926e+01
1.718515580472024240e-01,6.799433547364230890e-03,8.869395877853403221e-03,7.330130757127942820e-01,-7.392311650493851305e-01,-1.112533284089488994e+01
2.000957260314688568e-01,-9.869965203979091939e-03,7.585616997242694559e-03,1.231056250379296557e+00,2.052331076391753939e+00,-8.201506088733834687e+00
1.537521554005580882e-01,-5.156007654082195302e-02,-2.877499145142337067e-02,3.600805245079481409e-01,7.306690967831270221e-03,-1.193133897510679331e+00
2.298095625170804013e-01,-1.053741183329517384e-01,5.016746954863338104e-02,3.389427751369104014e-01,2.558937488335250698e+00,-6.168177250857803884e+00
1.566037751102911102e-01,-1.110280086795611965e-01,1.087103502360631246e-02,1.673858964109459002e+00,1.442312697294893864e+00,-4.767887171722524187e+00
2.637266303782743737e-01,-9.733853772397793591e-02,6.411867049204789115e-02,-9.764945706808303427e-01,-2.079218497016146916e+00,-1.725275646698305687e+00
1.926878044651433308e-01,-3.557339642905965604e-02,4.457735506052074026e-02,2.097341396453892504e+00,-1.212748866402661108e+00,2.410721046189122863e+00
2.606744067827109212e-01,-4.196186236699084304e-02,1.695218506558190952e-02,-5.251606443901416732e+00,-1.060460564971236419e+00,8.142179634481792050e+00
1.715097014600805991e-01,-1.850953527456589143e-02,-1.140855075120561501e-02,-2.124653637709252585e-01,-6.460736027409552662e-01,1.067608599824189142e+01
2.245522936595927277e-01,-2.164490439958122181e-02,3.586797142420472539e-02,3.541231875430524423e-01,-1.594366445602649618e+00,1.514624772645687578e+01
1.991125157439590510e-01,4.730209279291130997e-03,4.904057774514636314e-03,-4.346101362307011606e-01,-2.073394432755737427e+00,6.941180017046478135e+00
2.767971354509413118e-01,-5.598637377923942893e-02,-5.480058380033991927e-02,3.562553369452364560e+00,-1.551188626702391327e+00,7.709294406439382463e+00
1.977940184173796467e-01,-6.048179702983169648e-02,-5.683072199726184326e-03,2.057930868022742832e+00,4.137502475487681575e-01,2.993855557110497223e+00
2.683995157703567003e-01,-8.105142452661429076e-02,-1.752803047736670172e-02,-1.327550003268374690e+00,9.272165942608387446e-02,1.043046245630534052e+00
1.605889301517375856e-01,-5.666037787175604024e-02,-2.033722307707863663e-02,3.890989877041105549e-01,8.159625978732422125e-01,-2.521766662244469437e+00
2.701263085146585752e-01,-6.089667755437577767e-02,-2.397084181516449808e-02,1.265504301082046812e+00,-7.040378889345810798e-02,-1.179342778157090521e+01
1.489937818439965866e-01,-3.449232397160706398e-02,1.219833260953163967e-02,2.627641359939377086e+00,1.029364398088972621e+00,-8.116406441808964090e+00
1.789675231122185295e-01,-8.905924748456506279e-02,1.709322101625387891e-03,6.023383020834975898e-01,1.723249553940357391e-03,-1.303441901072461917e+01
1.201631443154083101e-01,-5.330330849425557460e-02,3.631979679184516030e-02,-7.060001099227083410e-01,-2.420460939351946617e-01,-9.208713327406508498e+00
1.687315668674873592e-01,-9.441637001788372174e-02,4.710839403128189162e-02,8.834487347689587988e-01,-7.313427707431418082e-03,-1.439943809379574624e+01
1.452529639763917579e-01,-4.554644918861150416e-02,4.329414561215261248e-02,-2.837512817758895411e-01,-1.043155989453057542e+00,-1.000384153892245820e+01
2.845748585551592935e-01,-7.510200914863141008e-02,1.133946769452665038e-04,1.610806181199774256e+00,5.253508808242135508e-01,-9.041559232386028100e+00
1.939495884227979694e-01,-6.291928075736485937e-02,-2.866264786845651447e-02,-1.673041579487825059e+00,-2.379696073751239871e-01,-2.379034691964110326e+00
3.211494343013032715e-01,-3.634459618173835338e-02,1.784246136643735658e-02,-6.450994513797453367e-01,8.178093265677430224e-02,8.728735588681977298e-01
2.121612550811926567e-01,-5.647968693251748107e-02,9.139890135502259927e-03,-8.128719987886229292e-01,6.143791909983199462e-01,-1.803729125078596729e+00
2.847307932407958653e-01,-6.375134592995301830e-02,4.282955020721156136e-02,7.325972487939733657e-01,-2.805539950931704940e+00,-6.657527591313384008e+00
2.118415566200964051e-01,-3.145511008637136285e-02,-1.165114426123389779e-02,2.095522097047332333e-01,9.710642433071104973e-01,-8.130105800610067934e-01
3.221971837294823615e-01,-6.650172904755713432e-02,-2.091887466494249392e-02,2.058062748682848664e+00,-1.207838685152987201e+00,2.079766341950243458e+00
2.066845475746381666e-01,-4.643465235718302608e-02,3.478832269064224825e-02,-1.353692361968661828e+00,-1.378701822119668297e+00,1.981848392944469239e+00
3.024238450928433686e-01,-5.226386064913413065e-02,-4.451575886252970293e-02,-2.800336036691613018e-01,1.933399206597787856e+00,-1.216625543542579457e+00
2.033013632539772964e-01,-5.916719996967856332e-03,5.408406044411553926e-02,1.575903939616665472e-01,-1.120132552032913287e+00,-4.068165035084764014e+00
2.694941856347472520e-01,-3.677510439904096984e-02,1.695208816924997919e-02,2.400698621306173397e+00,1.201196199464917180e+00,-1.609614054204802525e+00
1.825900393394850330e-01,-1.803706081504863334e-02,-2.128896551220826883e-02,-2.980872555718378503e-01,-9.422677008530153664e-01,-6.479371248063001687e-01
2.907376387486404479e-01,-5.624452765794174525e-02,-3.166240142316145700e-02,-3.939124747589675124e+00,1.014161839788548791e+00,-2.178074819751930402e+00
1.605452272478871123e-01,-4.307270745149338609e-02,2.344905252349230307e-02,-5.814640420801552301e-01,2.050545037250078306e-01,-5.614018889513656241e+00
2.455383202388277120e-01,-6.419808934755977248e-02,-1.192846628667093567e-02,-4.107493064498423524e-02,1.907628439301569445e+00,-1.166704033037888877e+01
1.558092920092581934e-01,-6.043323308984582809e-02,8.855183009346484502e-03,3.211273706420826102e+00,5.864701855201975844e-01,-6.140432770232599147e+00
1.952742703858465489e-01,-8.319574840263754822e-02,5.781941442662941189e-02,1.577146828979295590e-01,-1.257268588243710239e+00,-9.588712581559690307e+00
1.485333453544477322e-01,-7.406202826090435565e-02,-2.684918844290734574e-02,-3.968828816708364626e-01,-1.211916807786479061e-02,-4.282456182599195138e+00
1.992055519754334370e-01,-1.323504606289738206e-01,3.871041149479670374e-03,1.943875000404024778e-01,1.312349669331980273e+00,-1.128106705822054323e+01
2.156970441142576078e-01,-3.978817163890724373e-02,4.500706177807639596e-02,2.033104740518326459e+00,-6.424259950557431598e-01,-1.564480942595068313e+01
1.594871884552286900e-01,-1.703816703116922682e-02,-2.738864913175098614e-03,2.167690806928545655e+00,6.069319962836658977e-01,-6.152575890962281413e+00
2.427240440581872605e-01,-1.950612293466269520e-02,-1.508525410274064171e-02,-5.158670048202543823e-01,-2.675256447685094852e+00,-4.197000921463795997e+00
1.859858863771215454e-01,-2.518741993293360792e-02,-1.166992433424496323e-03,2.227151532709677362e+00,9.040512381212709725e-01,-1.794167662815225883e+00
2.904680048834133999e-01,-5.355740653787965933e-02,-1.927816862138331810e-02,4.203160195764343854e-02,-2.175071902617079500e-01,-3.180697340341364754e+00
1.900623602759647923e-01,-8.972896425509468976e-03,3.782222032789017696e-02,1.107546278293592534e+00,-4.886838852304477010e-01,-3.638045444635248149e+00
2.926694861380294554e-01,-2.873992993129181883e-03,3.168830079550433165e-03,-2.741164880862720477e+00,8.474544808717274780e-01,-1.970223753613240092e+00
2.092914504013698718e-01,-1.249140812264030315e-02,1.699765771074901455e-02,-3.877022042934605395e+00,-3.005501341011623140e+00,7.197986155190333468e-01
2.780179264670845640e-01,-8.380709900660296419e-02,-2.618826816154713050e-02,-1.278625126864193717e+00,-2.477036947424653690e-01,1.055772857087554639e+00
1.902044327313863192e-01,-5.446424302237656834e-02,-1.504776257647057539e-02,1.510801618971521432e+00,1.560234897761795470e+00,-2.244645568106474531e+00
3.145837867088197015e-01,-6.003851360335271670e-02,3.096403853347817758e-02,1.453381247960313205e+00,-7.954935886054107508e-01,-1.775014456427066900e+00
2.094387750356663247e-01,-5.494209785736337004e-02,-4.100594725541309438e-02,2.691526264876828445e-01,2.051633796724631420e+00,-1.167035765089629445e-01
2.935026192577083748e-01,-1.204946039613526976e-01,3.256282254402514953e-02,-4.830034395234621830e-02,-2.600008523535416671e+00,5.832859039739348717e+00
1.933512914932009608e-01,-2.159053672616543379e-02,2.031583032065659156e-04,-6.934622529453164652e-02,2.023646459210743487e+00,2.281911070600393998e+00
2.667130828819850308e-01,-5.321753417360880478e-02,-3.600155729936893589e-02,5.883677081296923017e-01,9.660231434298452990e-01,-2.288842788133243822e+00
2.036406122084999382e-01,-3.958527348258709944e-02,4.843589863830927156e-02,-8.266632045699615627e-01,-3.602682345225187710e-01,-2.575146182184076871e+00
3.054485835810183403e-01,-4.073593381640400191e-02,1.676672344496032974e-03,1.750843010738207361e+00,-9.738626410620164764e-01,1.233739199992490487e+00
2.201973933980188036e-01,7.941592241928585594e-03,1.677302109067640989e-02,1.665688217175998465e-01,-1.718342621555925653e+00,4.422856508914267515e+00
3.300816089523044283e-01,-3.397485336775835085e-02,4.245848070870653079e-02,9.976430686510807944e-02,2.300190615684958750e+00,8.654602763159043866e-01
2.265786171113850500e-01,2.157543110681225951e-03,-6.720743954676855481e-02,1.590815340261218624e+00,1.400654461442158771e+00,-2.405318307989321003e+00
2.969040536172533606e-01,-2.953708742838990348e-02,6.512873539636915288e-02,1.617701370402669037e+00,-1.155323262026513031e-01,-5.523463694375628563e+00
1.909372001960099041e-01,-5.870610471713144651e-02,6.620621552246630515e-03,-1.300242132322207755e+00,-1.234789733508284915e+00,-9.983129039722634657e-01
3.113759546216607887e-01,1.369897976106393411e-02,5.416259455337862905e-02,-3.832950755354909422e-02,-3.371585786484301295e+00,3.423521730598411583e+00
1.889665337966413006e-01,-1.194186286639714600e-02,2.806297176808475458e-02,2.368624220023047566e-01,4.178124043258738318e+00,-2.175034268982605656e+00
3.279409910652368865e-01,-2.723735690982376223e-02,-5.328533392526085821e-02,-4.835206973877974324e-02,-1.182964484051520770e-01,-6.236851400440408533e+00
2.092283277867563740e-01,-1.169622904949263464e-02,6.067763693179201168e-02,1.798619677295043351e+00,2.720612741118630384e-01,-1.233079181606235197e+00
2.860664631913563127e-01,-6.162625175835789726e-02,-3.058500053939483543e-02,-1.356798867524840135e+00,-1.951592047999568313e+00,-1.685210227022966523e+00
1.944869355968448232e-01,-1.979486249745532334e-03,5.894150347251805866e-02,1.467563661048800483e-01,-1.364675240923133970e+00,-7.660675395788392184e-01
2.369852950625972454e-01,-2.758877850473129278e-02,1.648974862940766339e-02,-4.103728075967271738e-01,1.007329913116442377e+00,-7.494200511093404238e+00
1.380666904641496551e-01,-3.143990504553961784e-02,2.500358003484914882e-05,1.103726380166729193e+00,-8.891998963316312399e-02,-1.234564049287895493e+01
1.689198769718096571e-01,-1.017239735450510274e-01,2.867320742865335503e-02,1.310411148978879670e+00,4.866752639758780696e-01,-2.428177856622377107e+01
7.803646025345711834e-02,-7.567800172957594995e-02,1.820637882862578480e-02,1.841889348674109750e-01,-5.685653929993361722e-01,-1.159459638064516973e+01
1.595774548350141764e-01,-1.289308894670710970e-01,1.196833372036180954e-02,2.922539872832859320e+00,-2.413834557598861785e+00,-1.670523643694861349e+01
1.093399303646120924e-01,-9.686085488253137754e-02,1.104079998668272555e-02,-7.131128288688667327e-01,1.148762601454128340e+00,-1.303249878573076259e+01
1.972884376754255875e-01,-1.013179261852354962e-01,4.916351677732627712e-02,-1.264400238611856242e+00,-2.906162819277964271e-01,-2.074474844426211462e+01
2.174032508394891927e-01,-5.468334370761729346e-02,1.860489169230206130e-02,3.075720823143079485e+00,8.126582145703244997e-01,-1.684665085219525693e+01
1.474306035001227144e-01,-3.548958094044074585e-02,-3.118529473796199936e-02,1.372858866602379324e+00,-1.830639404869050857e+00,-6.806032446801194347e+00
2.322558563191403636e-01,-7.689584015627337621e-02,1.092149845257539553e-02,-4.018491607215363137e-02,-2.693954504233879443e-02,-1.045389128365846787e+01
1.657048439981112509e-01,-4.036039267523983121e-02,-2.410950989456700500e-02,1.228713772341948063e-01,8.346783761675530267e-01,-7.222829033681525068e+00
2.477059120514208956e-01,-3.508860983806699751e-02,2.847106009265082394e-02,-4.277237533866400931e-01,-1.222658524911469202e+00,-1.248266370692392613e+01
1.922341346064575518e-01,-2.497291172736937348e-02,-2.425881346550329276e-02,5.079333081934249705e-01,9.248833629147932278e-01,-3.472422823576433615e+00
2.815575615456911152e-01,-1.250465142327317203e-02,2.915824668839811507e-02,-6.688655716604406942e-01,-3.071923110988609373e+00,-3.062267471903600824e-01
1.965157366162095798e-01,-2.116673049686079722e-02,-5.970955818908260659e-03,4.395425621954217599e-01,-3.976028283374827832e-01,4.512301609279033010e-01
2.949418604327620486e-01,-6.417631287563785314e-02,-1.466005391968204508e-02,3.878231464843373555e-01,2.793844499399639414e+00,-1.779950263745672334e+00
1.840040251961907458e-01,-1.135847684041246808e-02,1.929557649062424440e-02,2.653470002409737405e-01,-1.153990466436748186e+00,-4.230863829594909475e+00
2.728828855608869119e-01,-6.864349151840531960e-03,1.995972759273914598e-02,1.374794921682477744e+00,-5.847341893871136342e-01,1.060518672047478628e+00
1.880526326270963722e-01,2.004844982726927682e-02,-2.574590579249566580e-03,-5.234828159684373539e+00,-1.732679861064719828e+00,3.575032667212131088e+00
2.921373329772380956e-01,7.612351785024173978e-03,-2.479013905105056925e-02,-4.804337865400114538e+00,-1.429807026655384838e+00,9.750395532800162357e+00
1.935197711692282496e-01,-1.750795972002960887e-02,8.490873105121178599e-04,1.023398320829438157e+00,1.357498128773658053e+00,6.150938376490824311e+00
2.826140589398935532e-01,1.434273137711428170e-02,3.844363287814603347e-02,2.964825639852523675e+00,-1.106332303575140452e+00,5.465350365886511241e+00
1.721648028422393395e-01,2.619844050490383047e-02,4.443245443094392955e-03,2.172252484052568988e+00,-6.689179483010672111e-01,9.555823382291903201e+00
2.941152057550757704e-01,4.286102063750174551e-02,1.512725672100348473e-02,-6.716138548475604209e-01,-2.180667113063230467e+00,1.563828973326456939e+01
1.870093995169694878e-01,-7.360190634316587932e-03,1.826816546240414563e-02,-2.256628475482094665e+00,-4.669999844245036336e-01,1.068954596616774211e+01
2.870694588045799023e-01,6.059012728730017727e-02,-2.237943933466862712e-02,-6.474560296091211864e-01,2.190757334746999518e+00,1.307824416443117421e+01
1.992957942164341745e-01,4.585403160422352187e-02,3.428561884088471290e-02,2.740440603000505668e-02,-3.044866937979642252e+00,5.743424203481378498e+00
2.831917184832093426e-01,6.169107529009920654e-02,9.829801451921343913e-02,2.971875001338336819e+00,-7.783470780834619296e-01,1.173027240265016147e+01
2.083540033944033532e-01,6.357152710345204127e-03,-4.578644783581101163e-02,-2.058415507496737185e+00,1.603084985256667330e-02,6.968202158109921385e+00
2.917276122694056895e-01,9.469041702889313683e-03,2.167237707897473609e-02,-1.600244431143689638e+00,-1.081965411195530580e+00,1.226596673844655427e+01
1.869110845098560514e-01,-1.820579218997231408e-02,5.029783021938127874e-03,1.361995869960099137e+00,1.393854602539486898e+00,5.167956573078815730e+00
2.834686125960122483e-01,2.822806773857600149e-02,1.388810283041136406e-02,-2.771814770384085858e+00,-1.529756547122058663e+00,5.683841704809354134e+00
1.772447457800711001e-01,3.408773994192770829e-02,3.308742771613581990e-02,1.102375920222434136e+00,-8.751746190509993584e-01,9.685170277097991942e+00
2.815143558729069628e-01,5.983246180461954111e-02,-6.103897053813511775e-02,-8.001189651523460400e-01,-2.880867999597324758e+00,1.500897987247797616e+01
1.842032225675613866e-01,4.768473727125410733e-03,4.786821357599813087e-02,-1.043497117057052614e+00,-2.043838889313505991e+00,1.116900975050536893e+01
2.866283748651792251e-01,3.572372953885682989e-02,-6.240108125211762946e-02,2.535579732478872028e+00,1.955386071250653224e+00,1.195328914494157679e+01
1.741211371938824470e-01,1.393953873953446276e-02,5.035790257386596469e-02,1.169080255174294258e+00,-1.388682140076081151e+00,1.788509648741395841e+00
2.758984971641975648e-01,3.315595360447787243e-02,4.835099602538123209e-02,1.174123019045969940e+00,-1.726202622509547036e+00,5.396376981510868198e+00
1.955838284028699192e-01,1.020634712588108783e-02,-2.670010553420141403e-02,-1.927248297644553465e-01,-2.672164086886724133e-01,5.957961792095810338e+00
2.890758987693295978e-01,5.036932316775377672e-04,4.807952645543885073e-02,-4.421116673163616451e-01,4.598534973916145185e-01,3.353516320058413935e+00
1.853769413262105203e-01,-5.316771289241373211e-02,-2.383431972244912100e-02,-2.086516716592076714e-01,3.864352561212489157e+00,-4.033994198781344132e+00
2.638187126754276690e-01,-3.148300257814717895e-02,7.410448151440429676e-03,5.337045820265263751e-01,4.031988225479727350e-01,-6.816377466141714692e+00
1.706464033701218241e-01,-1.499364177696804745e-03,1.420713887479096993e-02,6.230934367297963350e-01,3.513210734273299329e-01,-2.022433738357156674e+00
3.044768039089804645e-01,-1.183381938896665986e-03,-1.887049981395660936e-03,-2.376293643310190884e+00,-2.521940520223309612e+00,4.089960957197639857e+00
1.953301150373647488e-01,3.903160657644733078e-03,-1.432218798020656880e-02,-2.095813369540378834e-01,2.093033049023886871e-01,3.842663290369316975e+00
2.563374004462231071e-01,-7.792555173368853616e-03,1.687189451723825062e-02,1.980427061107291387e+00,1.030688490252927414e+00,2.142071454950934761e+00
1.735084552952299575e-01,7.052354155196560725e-03,-2.765703668226981993e-02,-2.742633476241871371e+00,-1.664910014836424867e+00,4.605772531186159979e-02
2.854235068312984680e-01,7.680018806047073099e-03,2.822709812218249237e-02,-1.527140361445010308e+00,-1.896164215414495979e+00,8.175717009802232482e+00
1.954937300842276571e-01,8.937124139928531719e-03,-1.762605237704839567e-02,-1.125925806624660019e+00,-1.204234724793307398e+00,1.059005303135615250e+01
3.130481625638168452e-01,1.599905868132811548e-02,1.528438545673627136e-02,2.015878092301147895e+00,-3.111618150786742198e+00,2.046443161270961397e+01
2.541111630371304386e-01,7.602105906815048719e-02,5.594596767621584643e-03,1.748629505534092798e+00,2.428955352001121781e+00,1.421899414967766084e+01
1.571809116740094936e-01,5.722961808214144241e-02,-4.752732509013202211e-03,-1.043845560051486626e-01,-4.135608584114995323e-01,3.407983382889704149e+00
2.324856535269583802e-01,6.576400902924750547e-02,-1.020027838438714030e-02,1.328051571955847665e+00,-9.422648430000816200e-01,1.385599310422581887e+01
1.697909355848654656e-01,3.513026797687679448e-02,-8.027169927342314715e-03,-3.511684647286360317e+00,1.388996850542907786e-02,8.394230201783875245e+00
3.065260700903085223e-01,5.451689906855516909e-03,4.933464038150786601e-03,-9.581411420196432882e-01,-2.432946659101090869e+00,1.105522173851791479e+01
1.913144553682659676e-01,-4.914433474443802297e-02,2.916377953240405219e-02,1.299699992388932968e+00,7.251209995137715136e-01,4.175808703434579883e+00
2.662148286376138095e-01,-9.348367316720906928e-02,6.714441002000307024e-02,1.442110467563808562e+00,-3.084880120018128613e-01,-6.163697065971954991e+00
1.472572619345680067e-01,-1.405682270387842436e-03,4.864744836666266142e-02,-1.074753942752059988e-01,-1.417936985220432433e+00,-2.771257846879067621e+00
2.734974103375948928e-01,3.441910867382613759e-02,-2.374627076295525441e-02,-6.879587325439776024e-02,-1.428771837023067537e+00,4.580502029782315354e+00
2.154165182066534179e-01,-1.746361559248610362e-02,-1.672048167695691645e-02,-1.908756789324355330e+00,-1.554319308130517330e+00,2.954263999284037379e+00
3.062802835583531280e-01,-3.836226255923902428e-02,1.748442134264499570e-02,2.202520196576168932e+00,3.102859719891565060e+00,3.762727952869528991e+00
1.836723248257638996e-01,-8.625931562059818702e-03,1.365347813351745765e-02,-1.385072261424854956e+00,1.890924402808492333e-01,-1.349481251745149768e+00
2.984077001182723343e-01,-9.026570787243670679e-03,-7.700023507429598624e-03,3.153807704769393094e+00,1.388497228547782569e+00,-1.837833996995713370e+00
2.747434685750720362e-01,-4.413495377379117457e-03,2.018508584475633971e-02,-4.846864617507412043e-01,-1.543983699136517451e+00,1.729391555859010721e+00
1.783961983030628584e-01,-1.163274958368365475e-02,2.053697831199016721e-02,-2.213358434944494135e+00,-1.459464231284546942e+00,-1.042122923793483480e+00
2.438416077790461212e-01,-8.114369179479696825e-02,2.139109513531334272e-02,-1.105689780978041103e-01,1.560015073893927351e+00,-6.340679675542999938e+00
1.475169606447680470e-01,-6.977497097680895877e-02,-5.728533959226761452e-03,2.310904267205112106e+00,-1.243895739922289412e+00,-8.497467302440323778e+00
1.599271944163462855e-01,-3.017784751614271954e-02,-3.809222320954569474e-03,3.185427546457020753e+00,1.300427032786145798e+00,-2.015980928700347619e+01
1.485410767653694286e-01,-5.565027266127753336e-02,-2.420092731331933977e-02,4.900036929463923996e-01,-1.043821122485993236e+00,-1.366804152028062092e+01
1.559915674018927945e-01,-4.247121869942915851e-02,2.454741659226242212e-02,-1.216253177857715917e+00,-2.460026463594943369e+00,-5.869026571770988632e+00
2.519039347945692953e-01,-7.115394704157651518e-02,1.043700224558428979e-02,6.157430792508337969e-02,3.929102871063857361e+00,-7.199774908473918877e+00
1.878951026187798412e-01,-2.520763986928775680e-02,-5.205217521914491663e-02,-1.215329843844812574e+00,-6.687649804139559340e-01,-6.824508954201260913e+00
2.936413714773609129e-01,-4.467922804313984031e-02,5.658598898386851817e-02,1.025514640576657976e+00,1.555804167097839308e+00,-6.646577859515457654e+00
1.832278789235841643e-01,-1.230285283229848314e-02,3.146146260236346026e-02,-9.597385386762927739e-01,-1.552046354404713169e+00,-1.365297165297758131e+00
3.151304982760929629e-01,-7.708657140283736720e-02,-7.034324825365700917e-02,2.102983523954829792e+00,-2.809085426389209328e+00,-5.004846049420119680e-01
1.650288892934141938e-01,-6.276766590548776836e-02,3.927045336732752460e-03,6.552380340645709289e-01,2.548637839502089886e+00,-3.793751190694076847e+00
2.816458572072018107e-01,-3.413314533852751520e-02,3.152594120278089801e-02,-3.932201670370973068e-02,-1.229438579233069317e+00,-1.002158731163447491e+01
1.843463940026686121e-01,1.600972867308436687e-02,1.441588174951039317e-02,1.571746140851078888e+00,3.164588357543967612e-01,-2.859052916548982637e+00
2.567282381464790486e-01,-5.806653542341530527e-02,5.470881028694368764e-02,1.124087209442924173e+00,-1.485084307651300728e+00,-5.137195887718146281e+00
1.759795889316553286e-01,-1.817022714699379968e-02,-4.540174368243302117e-02,-3.104398806312892667e+00,-2.810492325075863551e+00,-6.340101765739280637e+00
2.273044347320507530e-01,-5.365616919103828597e-02,1.620894590964729043e-02,-2.294756864226044524e+00,2.200862354197983262e+00,-1.079405898847278955e+01
1.566648741040245207e-01,1.572623318370031109e-02,-4.853129273586960502e-02,1.452285757169177849e+00,-5.805512944882184057e-01,-9.112409740933802738e+00
2.220322925152152238e-01,-4.305111186685361968e-03,-1.747905942829898474e-03,3.975620809282761847e+00,2.735320779778106726e+00,-1.164670098439123969e+01
1.745726865526505134e-01,4.865478285354774002e-02,2.197530945713992850e-03,-1.183199953349396205e+00,-8.303319549619843087e-01,-2.798241897413233481e+00
2.504061299998476819e-01,-3.387743330579168211e-02,2.328183470839444158e-02,-1.337976222394584802e+00,7.804925326032775557e-01,-6.065038308039470749e+00
1.364413199329930770e-01,1.139991565763065484e-02,-1.610082417210914607e-02,-2.009353789130118528e+00,7.405835534642877249e-01,-5.602126996926546809e+00
1.958176557948144159e-01,-6.116474212281841627e-03,2.857324906120730160e-02,-3.140544709473193752e+00,-3.170659938780633347e+00,-1.087807265422772751e+01
1.396226646426583784e-01,-9.191158952645772651e-03,1.266554557091362221e-03,-1.376749525838816046e+00,-2.810513654390749405e-01,-1.761137257254550059e+00
1.891486139558280488e-01,-4.670140696869656827e-02,-7.125366200783737891e-03,-3.276972648215468187e-01,-1.957427453045861965e+00,2.862919605510665377e+00
9.497480951672399030e-02,-3.204360734383521203e-02,9.318957881591788395e-04,-1.086294395818059533e+00,-1.096988830108498014e+00,4.138058855474401332e-01
6.370641456191927787e-02,-1.691113897206392158e-02,-1.900457145017973859e-02,1.287154377848025666e+00,6.207844202960043356e-01,-2.741411036760556641e+00
6.128640866307710766e-02,5.341383724928872034e-03,3.891631007039346446e-02,1.621505950957585984e+00,-1.711220287324112466e+00,1.412340987830901895e+00
1.273647990630522031e-02,3.897708360954693640e-02,-7.104264700058815496e-04,-1.894363224463856410e+00,2.412382484987019460e+00,9.388649567711806476e-01
-9.910489126470078958e-03,2.566221941861224209e-02,-1.263954599318434929e-02,-3.644385982841472416e+00,2.236856097945696842e+00,-3.373050527104572538e+00
-1.807951198887436384e-02,-1.108344488272336448e-02,-6.095778098785559207e-03,1.368908478313747845e-01,2.722275219457159778e+00,-3.351581127895444823e+00
2.226336005232321114e-02,-1.061784516704811221e-02,1.044165808046000621e-02,4.147109008052015433e+00,-4.106610444380728309e-01,-3.075037420325924753e+00
-1.625900455846940318e-02,-2.341860484818676647e-02,-2.847565170855510114e-03,-3.548163112914957118e-01,2.101517197685651983e-01,-1.538175180758678540e+00
8.037528219593026435e-03,-5.624172859075252107e-03,-6.974932992982477153e-03,3.554856771167658192e-01,-1.830011963579838419e-01,-2.068955850527598450e-01
-1.896471538239774546e-02,-1.932819742808571106e-02,-3.797005904722695196e-03,-5.821667303435587408e-03,-3.959841683951704217e-01,-8.779400580831610290e-02
3.414030603752937765e-02,6.034861084508735818e-04,-2.194852314286259085e-02,3.796558910915388108e+00,-7.082771669979684992e-01,1.134257878565268385e+00
-8.030731797012302664e-03,-8.767683143240556642e-03,7.340701354629206032e-03,-7.679207064880841926e-01,-1.112781467001871860e+00,-6.144920734404799578e-01
-3.097600567922631498e-03,-3.778833737518438873e-02,3.534018084818182914e-02,7.525253998593682825e-01,-3.051153465940691922e-01,6.265898388361694771e-01
