9.614942410583857124e-02,-2.110917063144713418e-02,-1.477384605461560044e-02,1.815531144520077689e+00,-7.635265704321677616e-01,2.151474351078439984e+00
2.058188490724452979e-01,-3.668219480687656686e-02,-2.749821602703212201e-02,1.102150790912461931e+00,-3.343125240560866018e+00,-3.658797920693500849e+00
1.557773736138299281e-01,6.175617677537999228e-03,-7.521033628925033465e-03,9.231068982764508712e-01,9.023687558580821833e-01,-2.371242048546705394e+00
2.683864604644176088e-01,-2.408558898630155237e-02,-7.806003904254170400e-03,-8.074808187416673277e-01,2.145219404133229257e-02,1.946303483318942318e+00
1.664789293691901761e-01,-3.316958062114998967e-02,-1.036998184454372696e-03,-5.951583317893601732e-01,-4.398269305637989568e+00,1.421129456156456250e+00
2.689363563731625995e-01,-7.055945068627303418e-02,-6.912629585269917942e-02,8.035414023742494249e-01,3.368342168986832696e+00,-2.602720916877065971e-01
1.705913268754051249e-01,-5.652305463746531977e-02,-2.000477865607633299e-02,-5.493833551928740677e-01,-1.353987991846350214e+00,-5.507790692992449166e+00
2.573996134334701757e-01,-9.894143596844143240e-02,-6.037217885000831230e-02,1.118625467172075227e+00,-6.926247912605580925e-01,-1.581017508839709684e+01
2.141005133293554241e-01,-1.060205307382000028e-01,-4.105069941802697020e-02,-9.947054913621147243e-01,1.150320859603741308e+00,-1.353523896937986670e+01
1.224134069451630058e-01,-8.631291216104197694e-02,-1.655436080677097355e-02,-5.456202548983327683e-01,-2.432486404549797143e+00,-9.755869312412681182e+00
1.681566558184919291e-01,-1.491340234206905979e-01,1.261674994510197934e-02,-1.808303803388457753e+00,1.577773064566823091e+00,-2.251505223555505708e+01
1.492169745825391303e-01,-1.619558926195494575e-01,6.505368600510744170e-02,-6.081520866375048628e-01,-1.953118092728449939e+00,-2.458830170011068716e+01
9.301997958334240479e-02,-9.636523163243371215e-02,-3.054501427847164385e-02,-1.223472367679349526e+00,1.177562499293204779e+00,-1.415274327956786138e+01
1.513668459331258820e-01,-1.771647874450918980e-01,-2.915602520835605671e-02,-2.239957598209556977e+00,-8.674432638244039540e-02,-1.268861165331424523e+01
1.268911283721484984e-01,-1.321038061111456940e-01,-1.265446272967390984e-02,-2.402569714676127191e-02,-5.551921154693640892e-01,-7.257259237835741672e+00
2.302415381024329188e-01,-1.765622488603790785e-01,-1.615870556466264540e-02,-9.117687689775438864e-01,1.992724810716177963e-01,-1.269232796528745411e+01
1.799810453380693287e-01,-9.176809137575259179e-02,3.661654774003197943e-02,-1.976859928939812550e-01,-1.520180103983646225e+00,-7.337802521642342590e+00
2.720199367803366464e-01,-8.587646975510709879e-02,-2.762403613437497407e-02,-1.838673731411708978e+00,-4.058367724115576891e-01,-6.409994620883161964e+00
3.388459492078991775e-01,-5.033754867764628216e-02,4.454121154096425672e-02,-1.270787602896849666e+00,-1.840014760014966999e+00,2.799000533391208911e+00
3.295663331964491238e-01,-2.219474384336983519e-02,-6.331365929814225524e-02,-1.198995801714628273e+00,2.341558704023418702e+00,6.391627029925716741e+00
2.193744904063588130e-01,-1.877750893843899149e-02,-1.973271079369761510e-02,2.875384807440781731e-01,-1.106847767663144078e+00,2.916610629514514219e+00
3.404613205261748377e-01,-1.049662605918832980e-02,2.044444824163967056e-02,1.309531677111703374e+00,-5.461847702080914191e-01,9.918195480321209345e+00
2.408753534876346691e-01,-2.330542739824970067e-02,-6.791493411207852327e-02,1.331312478479331485e-01,6.129681192423328540e-01,8.669216861692376597e+00
2.873143591586457823e-01,3.079328355703048192e-02,-3.840475056950318211e-02,4.163706520210065931e-01,1.301833829639981843e+00,2.118945101780473905e+01
1.704088796521112670e-01,4.659141407034572691e-02,-5.728207596804801849e-02,3.536082863717621705e-01,3.079879218260257040e-02,1.400354606041813454e+01
2.140847451704046556e-01,5.366944871674750317e-02,2.968072173598218511e-02,-1.738873923346979933e-01,-4.365918274023805168e+00,2.197035639569580567e+01
1.281807928425866550e-01,3.079317333713338378e-02,-2.399269125232583733e-02,3.245353769060335125e+00,4.194641866575953837e-01,1.702870895074485702e+01
2.356998097649585233e-01,5.713345811677017494e-02,-2.729286253793283823e-02,-2.096180570708484625e-01,2.794887924516964883e+00,2.262289370525327570e+01
1.790596484285118528e-01,1.120195565218518041e-02,3.199348985541325407e-02,-3.583038246813242123e-01,7.038051635596389577e-01,1.153064718392500509e+01
2.626850679911128528e-01,-4.262765337888385631e-03,-2.751560140640085805e-02,2.349828034604670712e+00,-3.914288858098978086e+00,4.239350879020209462e+00
1.852021095302205378e-01,-2.107597574853814493e-02,1.400982114879287255e-02,2.185571959254253294e-01,-3.367844791538572857e-01,1.172889543715231742e-01
2.833721047346841049e-01,-1.986836994868390605e-02,-5.359877263691753546e-02,-6.849319070308480528e-01,-4.156831685283601807e-02,4.627484665016338816e+00
1.921049166690701471e-01,-3.236917816603712694e-02,-2.174847761397752377e-02,-4.041124410270094391e-02,7.207807893988505965e-01,7.054530669770388229e+00
2.537474203702511644e-01,-1.188895530039779658e-02,2.387293915538138411e-02,-1.911645737523240962e+00,-1.078107669691040493e-01,1.067294219134710076e+01
1.518061839061619622e-01,1.439904035606431876e-02,-2.032700853715230238e-02,2.193528398139200641e-01,-2.715489252783403362e+00,8.165095666950035636e+00
1.838162066266669781e-01,3.930096621869161311e-02,6.926516178625619080e-02,2.393857188021229820e+00,-2.826134249393323361e-01,2.354106280498525550e+01
1.084968436600066699e-01,2.291976762299308135e-02,-2.826105010517235283e-02,2.371196163634081144e-01,5.014284921776210879e-01,1.946804068073509697e+01
1.519083951214681427e-01,5.563596049661745369e-02,2.442436510756679224e-03,-8.956706924824199278e-01,3.748291918496829744e+00,2.765741982783357855e+01
9.496777137374445843e-02,5.762723680659931347e-02,-3.403573622491157247e-02,-5.514987267395763393e-01,-2.408951525775901992e+00,1.370741961406030462e+01
1.936870144172728736e-01,1.187751754777004176e-01,3.875329019858100854e-02,2.608002999621889528e-01,-3.762869447335733142e+00,1.295272666735078460e+01
1.711740481837318306e-01,3.691184883316722676e-02,-4.250662784812393735e-02,8.846817679151511848e-01,1.323339896512447655e+00,6.842189580419291595e+00
2.908517182201824092e-01,4.874116980057818793e-02,3.722854016949386780e-02,-1.358200049677199539e+00,-1.399549406397923246e+00,1.063465860661772133e+01
2.166334401089120565e-01,-2.915812039024712199e-02,2.058660820831567304e-02,9.929066679754691149e-01,1.091868929474436367e+00,6.399108921289750285e+00
2.954521046846028121e-01,-5.352086793576105173e-02,2.111670094966940775e-02,4.029482494325939967e-01,-2.890958005414421272e+00,8.770324031207314963e-01
2.056410514693520764e-01,-4.590457897462152381e-02,1.012775843238707466e-02,2.149895720598102411e+00,1.280700667499519961e-02,-5.346641912289554099e+00
3.152387630095256910e-01,-6.756695170883797452e-02,-2.403331480202635165e-02,-2.887548935984373885e-02,1.890889834633352029e+00,-3.316880893186448631e+00
2.171226340478403793e-01,-5.031894014217441757e-02,-1.079433938397753034e-03,5.304205710450996536e-01,-1.834058501474560954e+00,1.419615829273502550e-01
2.914453917260376725e-01,-1.157610827111605900e-01,1.493395406260616259e-02,-1.953564861612477666e+00,-1.758526146195959206e-01,-5.624227342242545724e+00
1.999973681383365731e-01,-7.620905579956993581e-02,-2.351865611354737873e-02,-1.260648844459920204e+00,-1.507993592740024313e+00,-7.117447309715520198e+00
2.493329942475656091e-01,-1.453967451769816455e-01,-3.346578317612717429e-02,1.400504074851000924e+00,-3.234306727125362824e-01,-1.541199977971237267e+01
1.955224376257759800e-01,-1.606876903888314612e-01,-4.689775350024287526e-03,-2.079688587044189685e+00,2.593891728945881159e+00,-1.358844914053254271e+01
1.193192930723639411e-01,-1.154764268000050276e-01,-3.130978818405612957e-02,-1.225602087023896364e-01,-6.194439659023680544e-01,-9.655519227606756516e+00
1.418872799861559120e-01,-1.994729029676921839e-01,-1.794701168560350335e-02,-1.087394534189365825e+00,1.542626009969333190e+00,-2.320007053663624319e+01
1.136880538921703487e-01,-1.159235070697343384e-01,-1.740369827420019944e-02,-4.575891840534107025e-01,5.048824629012484966e-01,-1.774770421834388756e+01
1.987838170400844096e-01,-1.346415948604673951e-01,2.416257643076531736e-02,-1.280580199133465324e-01,2.509010050067460806e+00,-2.069752738615498444e+01
1.592085507593890559e-01,-5.477964803263785099e-02,-2.351673629939723953e-03,-7.664850438870551841e-01,1.080278250746856267e-01,-5.301829603085380427e+00
2.347106374969651910e-01,-1.097291787359672144e-01,1.177591619013264312e-02,-1.046940678924476870e-01,-2.608646479240695815e+00,-4.542840415249292718e+00
1.525875887481151771e-01,-7.523144222012978499e-02,-6.304437356583647567e-03,3.863469090873284384e-01,3.142137155373733726e-01,-4.005625777723737180e+00
2.349789966808886188e-01,-1.039231646586504243e-01,-2.759262540250606577e-02,1.874561010442972186e+00,-2.731415319644588280e+00,-1.032027974987023100e+01
1.664191441783429148e-01,-7.535486586103112838e-02,2.753932741100334480e-03,-7.487481942190370443e-01,3.220539200252066081e+00,-9.672335161927300362e+00
2.155929448533326909e-01,-1.014755313753379629e-01,-1.530646590832430987e-02,-9.345985166523206322e-01,-6.929935744999675684e-01,-6.711725444600457280e+00
1.252168141544278690e-01,-1.032981484491917457e-01,-3.543820870490543840e-03,4.481226350654854973e-01,-7.397784982354600469e-01,-5.782438331238756390e+00
1.379911668891431464e-01,-2.131361758357926406e-01,1.006511795766640294e-02,-6.734675975429803563e-01,8.566874119076252070e-01,-1.908816552332574190e+01
1.535394117594608421e-01,-1.965288557166781636e-01,2.366483980205041915e-02,-2.077101627498780356e+00,-2.436525619900840489e+00,-1.855623473918022270e+01
1.134470888657559406e-01,-1.221598546741328173e-01,-1.459736648957540850e-02,1.114984920058758933e+00,2.574599483346188489e+00,-1.076529207812560252e+01
1.555628639889197196e-01,-1.827084552455859878e-01,-2.266790950913480374e-02,-1.758814372072398546e+00,-6.102333174420283488e-03,-1.292901311832350331e+01
1.020781048966519222e-01,-1.233461866014478048e-01,6.917677484224074580e-03,1.368048870999504646e-02,7.575823141330866317e-01,-1.018946957917921559e+01
1.167333890960826626e-01,-2.425245224775682829e-01,-1.345431023975353357e-02,5.049880279741441047e-01,-3.223091200558328984e-01,-2.029772750670693071e+01
1.467674649104122597e-01,-1.222693455809835683e-01,1.704377233278388248e-02,-2.465838857782181870e-01,2.270900424897479356e-02,-1.434913470445690464e+01
2.350693419037881426e-01,-1.636043640713529257e-01,-1.021038738114725397e-02,-3.167798240502463503e-01,1.675161537333346606e+00,-1.261244781891927147e+01
1.722731678637566821e-01,-1.066648795751889978e-01,-1.291173862558246677e-02,-5.705484517880974327e-01,-1.921475996034779143e+00,-3.228537423973237619e+00
2.577813669106305827e-01,-1.430104365127458088e-01,3.179353793433353781e-02,2.792634381852956427e-01,1.418473731369664037e+00,-2.853108412913353931e+00
1.861280959181988992e-01,-7.656844396654483020e-02,-3.973368987483438114e-02,-2.529565862174240620e-01,3.129846540181084324e-01,-8.653859775804042531e-01
3.142795876875360550e-01,-8.459368046612025793e-02,2.255951364022334982e-02,1.241104474190665857e-01,-2.619503728687836652e+00,7.145384011593524098e-01
1.993957453515440292e-01,-2.819672518269467076e-02,2.715379045107133016e-02,-3.807311804721903448e-01,3.181123513810837217e-02,5.394353524886820850e+00
2.700965048054004836e-01,-2.860419711889661265e-02,-4.272734925966556463e-02,-1.134617658305803745e-01,-3.681088186508327253e-01,1.929564094089494475e+01
1.681872464090230501e-01,-1.665376174237220841e-02,-3.241876766129359044e-04,-1.689192528780216529e+00,2.839243347090766534e+00,1.244272389222588693e+01
2.070797055349560267e-01,5.313432522608851905e-02,-1.342322906861297474e-02,-2.290826314682655962e+00,-4.147373405136186797e+00,1.852656162274246654e+01
1.449407951771295444e-01,4.721931103099186178e-02,-1.322108840996080725e-02,3.476411214307447151e-01,-1.857320950094908385e-01,1.491014552837634000e+01
1.761179707026929719e-01,7.250721006976479366e-02,2.101674034607800556e-02,1.671413527701059998e+00,-1.707448594601499670e+00,2.617819184244523001e+01
2.071461695671261705e-01,3.649459193345983010e-02,1.248839445130001113e-02,-3.259365291941409559e+00,3.146641664911281833e+00,2.343872737400951323e+01
1.515349079765002660e-01,-4.695521932359003614e-03,2.537327964623781185e-02,1.239844610682349302e+00,-2.781187977749866480e+00,1.216190208165102682e+01
2.786660676881250742e-01,-2.390577279615335726e-02,4.440032129663817884e-03,3.916005842823444549e-01,-3.430387851161701196e+00,1.723845510024421657e+00
1.925947219749155614e-01,-7.051786867972253958e-03,6.782516996942045129e-03,-6.395316457304454083e-01,1.684951610485710072e+00,2.777350688883437613e+00
3.012294429148321129e-01,-2.887332373836271060e-02,4.632109543783652361e-03,-1.187397806295614894e-01,-1.179287192937771067e+00,1.135767357374604103e+01
1.863625403461260932e-01,-3.035015733561197138e-02,2.039604253621873919e-03,-2.578801539814091104e+00,1.885163913916931389e+00,6.066630024619506401e+00
2.504402013245329295e-01,-1.209642553613754501e-02,5.695129938652354618e-02,5.517022269413757174e-01,-5.886089406974115867e+00,1.171767609254166587e+01
1.313928569316861195e-01,-5.696122492518718161e-03,-4.171142752506129536e-03,9.501910795037877833e-01,-3.218871369591002285e+00,6.062458177254654856e+00
1.926804629942868718e-01,4.144017747915151872e-02,-8.088165228766874826e-03,2.265408162644453771e+00,1.454938473570046480e-03,2.226487964527724372e+01
1.101165263540579975e-01,3.125413011443978206e-02,-9.244821569079741952e-03,4.604330916477623881e-02,3.578281636933665077e-01,2.153698325284506154e+01
1.618623167140289532e-01,6.016830450839583122e-02,4.777415245258542775e-03,1.355634228468139746e+00,2.999990087203266431e-01,2.728438174166510777e+01
1.977021622029098147e-01,7.821358964068425568e-02,4.761551716378946419e-02,-7.078107324793032618e-01,-2.168871741955591848e+00,1.043206477941299326e+01
1.620512861578324859e-01,4.194344838579139312e-02,-4.805553954862892829e-02,2.115502932741837760e+00,1.733905872998997566e-01,8.942774584577174224e+00
2.875945620131670211e-01,6.377706304643204760e-02,2.376510463765441061e-03,-1.207808553502139670e+00,-4.726948291395129398e-01,1.139569513801875722e+01
2.064284386807364591e-01,1.943431688533936441e-02,7.240689380551908368e-03,-8.579401111457142237e-01,1.533673256747648983e+00,7.084954539904788184e+00
2.710536980641811144e-01,6.427010479362893491e-03,2.517072475059011979e-02,-6.790537394730334908e-01,-3.240512685895934109e+00,7.305260230400155486e+00
3.227545035883385705e-01,-3.740761842942474935e-02,-5.181743918326046222e-02,1.680288028526167210e+00,-3.670689956226206307e-01,-3.883191487018179622e+00
2.424092285673247194e-01,3.458263488262947050e-03,1.484177392281231522e-03,2.175536083546844579e-01,1.661072330604277614e+00,1.422739557289209200e+00
3.061113266571715563e-01,-3.162968418377110069e-02,1.499704884474502981e-02,1.472272854231721384e+00,-2.269801837232443109e+00,2.723575513389342007e+00
1.881733875640325682e-01,-5.617991380301257109e-02,8.317455966339187129e-03,-6.520621012475696920e-01,-1.445588978880080200e-01,-2.415279927791009307e+00
2.784922116190822750e-01,-1.148914410472597902e-01,-7.899068944286173621e-02,1.396930297260158715e+00,-9.605520634672178870e-01,-1.125387759038841295e+01
1.789337061863515710e-01,-7.970277024698102508e-02,1.341618924192033990e-02,5.525269518265969459e-01,-9.754059021823872078e-01,-1.061046783322555598e+01
2.427600237992769139e-01,-1.353860118797598489e-01,-3.495426457662770270e-02,-1.149805517181790027e+00,-8.369577489234406587e-01,-1.481059594661972767e+01
1.129996915576103045e-01,-1.449926250742177847e-01,-3.649626690678317575e-02,4.921460128787583654e-01,-2.068226354471648099e-01,-1.133202861545990281e+01
1.469034666617619611e-01,-2.189016815262071480e-01,-1.039532665939035816e-05,-1.322782686008924458e+00,3.282792267029268629e+00,-2.642143178505967427e+01
1.332893258351155463e-01,-9.389411021420454584e-02,1.609402798964976178e-02,-7.781887661511854848e-01,6.503589336942660060e-01,-1.727041875999043441e+01
1.889578996206871808e-01,-1.371753699998714549e-01,7.586251745047331574e-03,-5.630005023882943549e-01,1.788370358728075260e+00,-1.971294144036161455e+01
1.377695185216097906e-01,-7.822242859842490348e-02,4.549721947457396887e-03,-1.369024760803421836e+00,-6.278704896939443780e-02,-6.037240173229715623e+00
2.007081343826306319e-01,-1.381714605953619779e-01,3.473984606053676094e-02,-1.229517558583617109e+00,-1.286599078510224148e+00,-3.342438726282753514e+00
1.359522577589137304e-01,-7.303670286496743991e-02,2.015821680875204414e-03,7.722259324757877463e-01,-9.511406161515678637e-01,-2.920421099503226259e+00
2.603718128777718910e-01,-1.104427784859307593e-01,-4.149821542457951540e-03,2.440938799547993199e+00,-2.131697497865703284e-01,-8.868973733021819683e+00
1.662884038409373488e-01,-3.930517296968216723e-02,1.899006244683154598e-02,-2.512543988512040416e-01,1.408930364699513549e-01,-4.400829387330603026e+00
2.439607006753339302e-01,-9.566935531912246216e-02,-1.281714982738256514e-02,1.883106675938851504e-01,-1.588981702948696562e+00,-5.530823906771166421e+00
1.092776790453042768e-01,-8.200783740921213649e-02,3.246062201862578989e-02,-2.917270128502444937e-01,-6.581719289962667530e-01,-8.580575006682476413e+00
1.687721617480339997e-01,-1.421095710932776535e-01,-3.102478321754177648e-02,-7.965783453268209247e-01,3.104997590729026702e-01,-2.436426389081980304e+01
1.152601627064406831e-01,-7.609993657765856678e-02,7.206635742049494198e-03,3.199750717838000913e+00,5.519716044317322101e-01,-1.717407448588623353e+01
1.623325794079388817e-01,-1.437112627706664814e-01,-2.446519502359756348e-02,-9.230120787441864483e-01,2.907932754859731794e+00,-2.410022897026792421e+01
8.480728267795023534e-02,-8.769125304950731170e-02,1.948120417975333224e-02,-1.369375045265751156e+00,3.490466426176278003e-01,-9.608175265158308775e+00
1.586058606151785622e-01,-1.763351825152301711e-01,-7.950086673712697047e-03,3.043391144136987414e+00,2.985981157994083701e-01,-1.179053904344101866e+01
1.356349508026530870e-01,-1.197227163426857199e-01,1.416855921424590992e-02,4.043420169289388411e-01,-2.924387020415721850e+00,-9.158750138868345658e+00
2.118845558723554401e-01,-1.835204301533694959e-01,4.260706664672432586e-02,7.820905031392322293e-01,-2.370849470936836845e+00,-1.605955843677823935e+01
1.659976265631308290e-01,-8.827452871320984329e-02,1.832259294418836504e-02,-6.080078788811849044e-01,8.402951791947040894e-01,-8.230664313244050234e+00
2.683837798336115577e-01,-1.707330442468999454e-01,-2.169306404085094564e-03,1.521908568859165589e+00,-1.180128556076723179e+00,-3.762769740969445387e+00
2.629801661565438486e-01,-1.170759045942593168e-01,1.322723676969572715e-02,-1.278822842750732436e+00,1.557523384234883013e+00,-6.290437409764846777e+00
1.811514648842942332e-01,-5.142074728387702187e-02,1.045095509002115508e-02,2.273161440691145174e-01,-3.335486778115008821e+00,-4.901360129967424761e+00
2.958642752353134453e-01,-3.339654545031867094e-02,2.552365984782689612e-02,1.190943482050323299e+00,-9.941454879068149786e-02,-4.689280981853316099e+00
2.997273806170398514e-01,-5.716423167702266994e-03,-3.057881055265690429e-02,-2.559948673994908996e-01,-2.214142639507326038e+00,4.974591375471532295e+00
2.065616262100034017e-01,5.588245634024158193e-03,1.064531730068873916e-02,-1.846528628832458052e+00,2.343689694386067668e+00,3.493752028408499299e+00
3.096733840371084234e-01,6.698482179970155492e-02,-8.566197747037707089e-02,-3.478315090221480999e-01,-1.045524834850735330e+00,1.548866092567332409e+01
1.845153726777577496e-01,3.428942633087550540e-02,1.974408510300176833e-02,2.181057204244212677e+00,-1.285716084345134069e+00,6.860803810505887057e+00
2.152645958579602059e-01,7.553282455962173625e-02,-2.653513295330423016e-03,-2.259697691653422158e+00,-4.237415728248828950e-01,2.129814317893681164e+01
1.374440000542991314e-01,4.426616680326425635e-02,-3.195017814361933439e-02,-5.669977759014530605e-01,1.341818007065170626e+00,2.162747856420408255e+01
1.469633624862196619e-01,7.726438127129031663e-02,3.204837884346861676e-03,-3.734931856564585040e-01,2.438123858747397232e+00,2.959899299722390609e+01
1.017448592165046684e-01,5.272110262017637439e-02,1.727649870228588347e-02,1.316886211005301455e+00,-3.251016862713067557e+00,1.347668861929540896e+01
1.992409707473992153e-01,8.402149343201603671e-02,1.962198670417103497e-02,5.689338665495352609e-01,7.202114479149287485e-01,1.171572287046246430e+01
1.676187799954462765e-01,2.272345919483376164e-02,-2.631152055191372796e-02,-3.413797456918521989e-01,3.504290939314989028e-01,6.187178727788964494e+00
2.770708550642747570e-01,1.130553875048656565e-02,2.133367275810102437e-02,-9.624053125368907669e-01,-3.859086687774254010e+00,6.295105802207449308e+00
2.954459076918048988e-01,5.786152905860930673e-03,2.064906099529364991e-02,1.193929238424881190e+00,1.640745418207951500e+00,7.283828152233450481e+00
1.898536050505114092e-01,-7.963223586042733615e-03,-1.049508979093784211e-02,3.644847237628296432e-01,-4.188542472246372661e+00,1.191151389709317998e+00
2.804313954958206345e-01,1.038687457093034894e-02,-6.333502980344296596e-03,1.502452192324213454e-01,9.653759826211695261e-01,3.087209467725783085e+00
1.601795753607050399e-01,2.870879823710126288e-02,-3.220952056979925482e-02,-1.595191988968263919e-01,-1.780909642259729919e+00,1.090166973804727313e+01
2.305419639792340436e-01,2.855336176280154348e-02,-1.841501769683823175e-02,-3.126925666783048618e-01,6.290624425886013338e-01,2.408184555708393404e+01
1.153738703230025031e-01,1.690770408236241806e-02,-1.172928387557473084e-02,7.177205304441824918e-01,2.723318377766167586e+00,1.721303718132698535e+01
1.644600408022569571e-01,5.879794660510517801e-02,2.360538384276783530e-02,-6.437280159373967026e-01,-1.352795869336812729e+00,1.187395382953345901e+01
1.407105767011207487e-01,5.583122347920754791e-02,1.487080160358969505e-02,1.433322726300025440e+00,-1.735250740022301896e-01,8.313703477593994862e+00
2.009159736953716191e-01,1.065256818691988627e-01,-1.802883443235273053e-02,-3.090684508188193402e-01,-6.400573022516474753e-01,1.980814020289786370e+01
1.401823086625082482e-01,5.977871731066208838e-02,8.900897011623665200e-03,4.662558715530634168e-01,1.961953426053206773e-01,1.672969031193952461e+01
1.966895997457087653e-01,8.237303663402106846e-02,-1.934342039631489762e-02,-2.917273853898271763e-01,7.388804326572409424e-03,1.510941968693564164e+01
1.916912253460245630e-01,4.635261463752066158e-02,2.032410664544154200e-03,6.466442243695780245e-01,-3.294513662775990781e-01,1.467190885968354230e+00
3.141904091039759983e-01,7.649350187667686152e-02,3.955233316769390939e-02,1.086267715290299307e+00,7.358284522903156821e-01,6.941965964443227222e+00
2.287349624961045880e-01,3.291183156128030252e-02,1.095154890741734111e-02,-1.105431188962004319e+00,-1.803751260176577609e-01,5.652845863404435178e+00
2.872061680564028663e-01,-3.492192819039519058e-02,2.088122385053169106e-02,2.563754512927505669e+00,-1.440834689766927190e-01,8.793363889696754754e+00
1.729094221185822899e-01,-3.988108861836447971e-02,-2.208593871196290470e-03,-2.828022064269639091e-01,-1.960116245733376228e-01,-1.775327625055295844e+00
3.400315277732246511e-01,-3.543702845094598430e-02,-3.191259237001448090e-03,-8.051511948988282485e-02,1.043209596816663476e+00,-5.989293846389089460e+00
2.290649311505573715e-01,-9.537159463623545719e-03,1.506155985930909824e-02,1.465518844641632012e-02,1.027834903494965202e+00,3.094496780470254449e-01
2.615902585480844311e-01,-8.055903012691589815e-02,2.921872145314560743e-02,-6.838418464711688571e-01,-4.471524493518915122e+00,-1.872732846418330155e+00
1.229488376604950806e-01,-8.214664923050085665e-02,6.175155050820842206e-03,7.384569636631367340e-01,-2.118633222029916219e+00,-6.643853779041951846e+00
1.856111021362316371e-01,-1.037861041871855905e-01,-4.572301666425657163e-02,5.086089258711968819e-01,-2.125179112615491750e+00,-2.312433432763470620e+01
1.401733537157682785e-01,-5.108707087344260822e-02,-8.311664675608232411e-03,5.858140222656000873e-01,1.405200782448256636e+00,-1.669487272586613713e+01
1.660396069524011364e-01,-6.446058888623779071e-02,-6.072225308002704436e-02,-3.471795219500162677e+00,2.785790078290210636e-01,-1.880387401458683883e+01
7.183494443907698090e-02,-6.498916982375546603e-02,2.132111683601109475e-02,1.023818010223599695e-02,-1.462354879432997246e+00,-9.898647375962337236e+00
7.809323779225083029e-02,-1.246255535771740031e-01,-8.864496217673739631e-03,-5.995059354752293457e-01,1.521192962434965157e+00,-2.060988021645342272e+01
1.260185268645710732e-01,-6.297940111855829248e-02,6.720322137238926574e-02,4.826477719758175411e-01,1.560052978464793183e+00,-1.432867251657325092e+01
1.351235880049115878e-01,-4.942318778562618253e-02,2.108286744177821637e-02,8.661643717993983138e-01,-2.972547340546333405e+00,-1.284268071944516620e+01
6.187967341205205529e-02,-1.733076171242214913e-02,7.517390550271882410e-03,-7.713497713988688442e-01,1.940794299234627651e+00,-4.295831885622758861e+00
4.080919660425844087e-02,-1.371808102233265658e-02,-2.569362082023726040e-02,-5.872014185946804188e-02,-2.408865774317195396e-01,1.320930587833508252e+00
-2.069029048151482808e-03,-1.210192360888914798e-02,-9.281333535982372318e-03,2.060686729752459367e+00,-2.874842405841019133e+00,-1.260134228823212854e-01
2.826113660102341774e-02,7.205388794683020848e-03,4.429325898802532330e-02,-2.865233852988978924e+00,3.372715991012822379e+00,-8.827651491065288125e-01
1.627310823684746666e-02,1.153218355341845136e-02,-3.895590422049864665e-02,-1.197977488300349530e-01,6.621422390532601121e-02,2.681375021858124263e+00
-2.094671588248531169e-02,-6.384412026261193640e-03,-3.113369181321268275e-03,7.455491046438972313e-01,-2.044099949655483694e+00,-1.701806157744546688e+00
-9.544146735831926520e-03,-2.466961353370350496e-03,1.585863369191783945e-02,-2.744389438067194598e-01,-6.606245902444343177e-01,-7.351197542057541501e-01
-2.646736872579164013e-02,-6.676041141297051063e-03,4.215248218554296100e-02,-7.668524101803675386e-01,1.200827579855031080e-01,-1.541127525651895036e+00
6.068762861028309530e-03,1.633990928459624903e-02,5.918372102574072369e-03,6.261255216856828065e-01,-5.521951433517562763e-02,-2.403231848932824155e-02
1.050901757367239675e-02,1.027779187908700598e-02,-4.341837441255748387e-02,-3.635721788180325542e-01,8.495975137293401147e-01,2.260960783624371695e-01
-6.585799298221006737e-03,6.152279910735330981e-03,-1.564799028666534475e-02,-8.719618379142641817e-01,-1.481654617664216689e+00,-7.466835995450010754e-01
-1.405922100215339920e-02,-4.019286574741265383e-03,8.981404260207354051e-03,-5.947531368796208362e-01,6.647142694112821992e-01,-1.062032593742045394e+00
3.592890430626827225e-03,1.031195812928362154e-02,-1.177805744346639705e-02,-1.033000848755897927e+00,8.358354055977725849e-01,5.673104342749860640e-01
2.100998349809257704e-02,1.090971499684241508e-02,-3.811368125649791661e-03,-9.966151523732387219e-01,1.795078718018188191e+00,-1.992052154212671511e-02
3.368922057275958171e-03,-1.155252197211237286e-02,-1.159101781079363569e-03,6.199645853069296608e-01,-1.235734889654614532e+00,-1.975546283993817043e-01
-1.478987284314675632e-02,3.349505324742318990e-03,-4.317632760457379426e-03,3.972870887267814788e-01,-3.518666242490950391e-01,-9.654818424169177016e-01
1.010848545098652629e-02,-1.185759312787146302e-02,-1.040201283616960792e-02,5.030139277362001282e-01,-1.964000717272194718e+00,6.360375958121757822e-01
-5.432921655062428190e-03,5.177161401925797768e-03,-9.550934647977932235e-03,6.119514247971955534e-01,7.215877497485011505e-01,-4.384922826974727572e-01
1.123971516904798129e-03,-7.299651156304404198e-03,2.220658363485737696e-02,-4.107483292089208482e-01,-1.110549052137405068e+00,-3.882839914585787811e-01
-4.282171406522705670e-03,1.407423618383071839e-03,-4.058007927196419229e-03,7.357628632736802343e-01,-7.911654099621446834e-01,-8.984650338936709391e-01
-9.230996412121161843e-03,9.628022324907295482e-03,1.512777289939291891e-02,-3.777064698108385521e-01,4.742562093348561270e-01,1.143114704279715454e-01
1.718051002100040581e-03,1.204820113363730405e-03,1.715817851177123265e-03,-2.492297808921434543e-01,-4.145253916797019822e-01,-3.261247175543016130e-01
1.451490230990060137e-03,9.100087355021213575e-03,1.629294910670334162e-03,3.126503551366754952e-01,9.325891602539694292e-01,1.882957686421090626e-01
-1.445837127601490302e-03,-4.369705591480768647e-03,-3.195715542384416907e-03,2.882197793726898327e-01,5.950500884365752530e-01,4.503126630284414178e-01
