9.992063419675082381e-01,-3.753815400724241913e-02,-1.332565816910008007e-02,9.614942410583857124e-02,3.710076003772598552e-02,9.988092821553944400e-01,-3.167888073857545034e-02,-2.110917063144713418e-02,1.449895777406872734e-02,3.115934649434038556e-02,9.994092631897663059e-01,-1.477384605461560044e-02
9.971508043167991442e-01,2.589811671163617240e-02,-7.084886026712992890e-02,3.035483371004998321e-01,-2.968722339578725583e-02,9.981551437154349005e-01,-5.296204151530037318e-02,-4.924053885766618843e-02,6.934653716956207248e-02,5.491444823732867520e-02,9.960800475651444552e-01,-4.041465228957634437e-02
9.962704985184012152e-01,6.602974348050769104e-02,-5.554427745317219722e-02,4.595746640219082746e-01,-6.982900728530039292e-02,9.951353465912267104e-01,-6.949497612280175485e-02,-4.730258270240135510e-02,5.068533834794918674e-02,7.311439626132240632e-02,9.960347792802700662e-01,-3.676445175764013473e-02
9.979850318369366535e-01,3.293051734182430440e-02,-5.423520311595190352e-02,7.258033903686988975e-01,-3.594040356874816239e-02,9.978121781722300021e-01,-5.549003948913432127e-02,-8.946968569424354478e-02,5.228923044704585077e-02,5.732746391381692702e-02,9.969851544834887891e-01,-3.269724787415916739e-02
9.914390918214132098e-01,8.906309565899498543e-03,-1.302659005966180505e-01,8.909108203526882042e-01,-1.452332411300942885e-02,9.990022098506680104e-01,-4.223337270678795274e-02,-1.284924740199088755e-01,1.297597790728702571e-01,4.376371057621086108e-02,9.905791928824074777e-01,-2.692759250301886981e-02
9.973442131342505901e-01,1.160923183996532410e-02,-7.190094758560824917e-02,1.165921212146604713e+00,-1.572871504541215743e-02,9.982505374334754711e-01,-5.699536855567820248e-02,-1.999679344341373788e-01,7.111348712194250077e-02,5.797491052052863858e-02,9.957819950669394293e-01,-6.359348404634232454e-02
9.895936270747827113e-01,1.077779911886751762e-01,-9.533287926161514159e-02,1.336841658112706277e+00,-1.126283157563619658e-01,9.925232774783153689e-01,-4.703622171888764691e-02,-2.579351067406330245e-01,8.955063228621598648e-02,5.728392688212803618e-02,9.943335637391017556e-01,-7.465945735544733675e-02
9.221027108156873986e-01,3.711655696053770548e-01,-1.093741772351987801e-01,1.586654419601047916e+00,-3.792443301419618495e-01,9.230080566676253095e-01,-6.503741524559719656e-02,-3.822875907937504647e-01,7.681359750418779997e-02,1.014507134828019075e-01,9.918706689746882299e-01,-1.173069969525046552e-01
8.110202460437807570e-01,5.789005710344915512e-01,-8.438180706186128310e-02,1.749215799121544457e+00,-5.839360905264067148e-01,8.098235577463707147e-01,-5.660783956084645963e-02,-5.586719692137558368e-01,3.556406455710148934e-02,9.518368649590140673e-02,9.948242373088971302e-01,-1.523340094770365138e-01
6.970461341851947878e-01,7.080317116325109961e-01,-1.132156444145974161e-01,1.799925843283220361e+00,-7.143282943575586241e-01,6.993968230404461472e-01,-2.406598847235985605e-02,-6.991146984984553114e-01,6.214317901183309678e-02,9.764824239927516469e-02,9.932789366832643907e-01,-1.726647517052011249e-01
3.736255123561185165e-01,9.248128653150752276e-01,-7.159008775206875119e-02,1.810118758818363371e+00,-9.275555543259720315e-01,3.730575067764191899e-01,-2.165156522749958623e-02,-9.238412523805576981e-01,6.683573570091734181e-03,7.449336068055160964e-02,9.971991120427510236e-01,-1.642456858397346176e-01
-4.747078805017232450e-02,9.960928907998385373e-01,-7.446796076110302753e-02,1.711433935201147172e+00,-9.988183727173759463e-01,-4.655909732767435361e-02,1.393229264138080847e-02,-1.124075661588536779e+00,1.041069661975272537e-02,7.504134429801835593e-02,9.971260773050910631e-01,-1.104415440160534112e-01
-2.888460819320838313e-01,9.558431204568075268e-01,-5.414674531195330653e-02,1.613304106241304492e+00,-9.571006015861521776e-01,-2.896562862709078923e-01,-7.594357587797120369e-03,-1.212924610105258871e+00,-2.294295961530190553e-02,4.963028207797634539e-02,9.985041090075453818e-01,-1.471617480230438257e-01
-4.920739246060870653e-01,8.704006329400192365e-01,-1.630922746108937754e-02,1.401819346463785809e+00,-8.702435063127417214e-01,-4.923122648277551416e-01,-1.746063059202858717e-02,-1.306259593737460811e+00,-2.322697662779347333e-02,5.601078269473903914e-03,9.997145269920568733e-01,-1.885397008044388811e-01
-5.982161512398836978e-01,8.012568543680840261e-01,-1.117540710239574991e-02,1.224602678986137283e+00,-8.012109893616445877e-01,-5.983106951813004226e-01,-9.233772674452196683e-03,-1.351428495334011437e+00,-1.408498923944998329e-02,3.430067030294891781e-03,9.998949183380686501e-01,-2.048777720572716177e-01
-7.596653366709809063e-01,6.503140178617551337e-01,-5.044135869081335264e-04,9.455773401978595505e-01,-6.501549684625024250e-01,-7.594962501309346914e-01,-2.153980084798683831e-02,-1.430112258196883923e+00,-1.439073466116819883e-02,-1.603509306332344050e-02,9.997678643296968870e-01,-2.248833495735567678e-01
-8.361902219690817706e-01,5.480024237816788490e-01,2.189192117434725013e-02,7.491554326984639633e-01,-5.482471567114415301e-01,-8.362878659876743503e-01,-6.903648281992321931e-03,-1.478219020917008741e+00,1.452473204979721523e-02,-1.777494672810247048e-02,9.997365069995670650e-01,-1.893938514224246805e-01
-8.917344446705177674e-01,4.502775226081545679e-01,4.538538114885529162e-02,4.740297645889148814e-01,-4.517512539245663317e-01,-8.916444734992265975e-01,-2.984857544119627268e-02,-1.555345021566000074e+00,2.702748167598832338e-02,-4.711990568910092575e-02,9.985235248716501921e-01,-2.115331424476028510e-01
-8.665023678945905639e-01,4.920606136058940927e-01,8.396427199028876076e-02,1.512248133930349514e-01,-4.960689152614466413e-01,-8.675740162815215317e-01,-3.508500512300797430e-02,-1.664865398632929594e+00,5.558127152557564010e-02,-7.205330534361982509e-02,9.958509142661163827e-01,-1.555276416681548035e-01
-8.096533973113194671e-01,5.839593254528778754e-01,5.876123244843535487e-02,-1.505824392844297144e-01,-5.868911728138266337e-01,-8.063269795807105345e-01,-7.345442991038131364e-02,-1.806876068931021040e+00,4.486367734594944555e-03,-9.395907735215448808e-02,9.955659517519079849e-01,-1.986616866594932418e-01
-7.776487406268189906e-01,6.246246664642257640e-01,7.145951473371306428e-02,-3.403245605845399702e-01,-6.284067236006493085e-01,-7.757153888940041542e-01,-5.805708541186688915e-02,-1.919034753802725701e+00,1.916835765056662186e-02,-9.005365887890683096e-02,9.957524353911980652e-01,-2.155583896110860875e-01
-6.576151782383246047e-01,7.505812275246400711e-01,6.457629780485668602e-02,-6.101793789247376143e-01,-7.531697650555678747e-01,-6.569302224972972670e-01,-3.432182652179097126e-02,-2.126027487459515086e+00,1.666080300338262238e-02,-7.120746911143463476e-02,9.973223721475554804e-01,-1.877294365437005841e-01
-5.375720298252366636e-01,8.413699693010630032e-01,5.579325683183909007e-02,-7.904609787569113477e-01,-8.432060184963243721e-01,-5.360362045978602774e-01,-4.085092082067272312e-02,-2.289806516660513491e+00,-4.463532362516881187e-03,-6.900552237791686416e-02,9.976062924622117745e-01,-2.497898224221863916e-01
-1.978957964723156715e-01,9.795073461606308429e-01,3.745146934295522784e-02,-9.211473240787909633e-01,-9.790654512328123005e-01,-1.956614567211483469e-01,-5.610201917977366420e-02,-2.547009158923862149e+00,-4.762453087304282379e-02,-4.776979350087866283e-02,9.977223816713778337e-01,-2.915099868086690749e-01
4.504367691321697204e-02,9.984945786888108632e-01,3.129925716677830344e-02,-9.113791906056032399e-01,-9.973690164174839889e-01,4.673011130254992040e-02,-5.541968772982844293e-02,-2.719753109397619717e+00,-5.679887552195113376e-02,-2.872060282629373615e-02,9.979724518806802891e-01,-3.590029012496777083e-01
4.176012128996501871e-01,9.081082178528402382e-01,3.080083850936158121e-02,-8.472183883846995389e-01,-9.086102811315095451e-01,4.171263190072147520e-01,2.080843611640183916e-02,-2.932411518136337936e+00,6.048471448224763437e-03,-3.667558669783151787e-02,9.993089198708827725e-01,-3.430835503178136792e-01
6.654511031912748731e-01,7.462339139477294214e-01,-1.760042430648036532e-02,-7.664653950706465935e-01,-7.464270920324619363e-01,6.653995163213347608e-01,-9.491046269834683621e-03,-3.036532511695215319e+00,4.628773215184643630e-03,1.945326074432453950e-02,9.998000525629793245e-01,-3.674137205306791665e-01
9.012599668016246790e-01,4.329213287493161588e-01,1.759532195389201109e-02,-5.665034066115292033e-01,-4.318902694468369496e-01,9.008792215253177416e-01,-4.344448619877940704e-02,-3.174189622072829842e+00,-3.465930463631641811e-02,3.155552784955528711e-02,9.989008866070064885e-01,-3.924986929064639418e-01
9.692735492496878935e-01,2.439766984976649289e-01,3.137128169349440165e-02,-3.997116125333685099e-01,-2.425574483098629219e-01,9.691786336219956333e-01,-4.311218389283415914e-02,-3.242822073520648107e+00,-4.092274421786946947e-02,3.417816145992864235e-02,9.985775795024133261e-01,-3.663929668036428611e-01
9.839350333512130176e-01,1.727950003196638551e-01,-4.487469229615953514e-02,-1.470011394430213447e-01,-1.755134015602617947e-01,9.822580520152331962e-01,-6.606182803999326170e-02,-3.309483416739546602e+00,3.266337424232051284e-02,7.287665686464186998e-02,9.968059474478170312e-01,-4.047649167838379136e-01
9.840017019072794247e-01,1.706085973783141030e-01,-5.131624639607235139e-02,3.095519472492902491e-02,-1.739101036350311491e-01,9.823569763549999667e-01,-6.877533613378174204e-02,-3.363616430238013599e+00,3.867720901552729185e-02,7.659946153378814626e-02,9.963114954648990551e-01,-3.862864645787018603e-01
9.945709628835160965e-01,9.126828199676993714e-02,-4.998700321397950980e-02,3.091546011509307412e-01,-9.407005498939724486e-02,9.939381714720347816e-01,-5.690110759132756962e-02,-3.428729260563128989e+00,4.449072423829576739e-02,6.129446950733938998e-02,9.971276565538469416e-01,-4.302494022153022790e-01
9.988002742633543818e-01,-3.160231359318026872e-02,-3.740729751007339926e-02,4.983494350366729497e-01,2.942545049796243400e-02,9.979187317687717718e-01,-5.737898263299898854e-02,-3.477736029931664863e+00,3.914275149297533063e-02,5.620941700964635773e-02,9.976514152974452765e-01,-4.453725754638728773e-01
9.758301105286391053e-01,-2.147787060535502335e-01,-4.032000510450906017e-02,7.512751244523716565e-01,2.139405968571282957e-01,9.765490059947622425e-01,-2.411347977911171628e-02,-3.483503413931198445e+00,4.455352289191818332e-02,1.490457368073947776e-02,9.988958090217996411e-01,-4.122916029569496654e-01
9.324752814292353031e-01,-3.509245165928253640e-01,-8.568449788358062369e-02,8.971391475043416497e-01,3.489090812441182909e-01,9.363876136856145171e-01,-3.795642187490386177e-02,-3.436474384883387856e+00,9.355374150110017106e-02,5.497325736423948686e-03,9.955990542687823686e-01,-4.256180547469445852e-01
7.130693532097077680e-01,-6.970108956213008078e-01,-7.555070415477350976e-02,1.048816593329391811e+00,6.925579814015077051e-01,7.170502829570067904e-01,-7.875489894822666759e-02,-3.338167360840431641e+00,1.090666764422499463e-01,3.834461692215316263e-03,9.940270403733358906e-01,-3.392449810872493754e-01
4.404725411859177209e-01,-8.953055456745104834e-01,-6.642228801906821523e-02,1.112342181940592090e+00,8.924805970959300838e-01,4.446957320477120668e-01,-7.565771411985451611e-02,-3.244366683802242690e+00,9.727447901948592379e-02,-2.595545767304595006e-02,9.949190871364723687e-01,-3.554159539677202440e-01
-2.108863038622271410e-02,-9.984532890308218667e-01,-5.144219369319567858e-02,1.129280242574284276e+00,9.997359152232591084e-01,-2.058990608294349392e-02,-1.020566412381234203e-02,-3.084235103602416039e+00,9.130688974320698426e-03,-5.164383207151224120e-02,9.986238256359724064e-01,-3.396531740876915784e-01
-2.594320004266705837e-01,-9.638889132815586791e-01,-6.010989941359506927e-02,1.071490271153245466e+00,9.651231711083116949e-01,-2.564955165051864827e-01,-5.241483189493423983e-02,-2.990131593872921822e+00,3.510415565787877029e-02,-7.161154142758101304e-02,9.968146695298553128e-01,-3.757510413623368350e-01
-4.719615590440432995e-01,-8.807747649068661255e-01,-3.857590294434423694e-02,9.044261303544933739e-01,8.777150649951626082e-01,-4.653082973424191859e-01,-1.144746832484659360e-01,-2.835696315489303121e+00,8.287672450847623218e-02,-8.788630113706120961e-02,9.926769094761866974e-01,-3.388276474961194884e-01
-5.728923194507653527e-01,-8.188455744365257249e-01,-3.586524139106030129e-02,7.927672662778690871e-01,8.180529430458193252e-01,-5.685281692033951062e-01,-8.697760169325015334e-02,-2.697763731435681045e+00,5.083082419552333031e-02,-7.916846624731650739e-02,9.955644535958747543e-01,-3.700806968884032266e-01
-7.151261517643354715e-01,-6.977768985880168362e-01,-4.125514343232770248e-02,5.848938490465900308e-01,6.968417532535414738e-01,-7.070504858474467857e-01,-1.203793229147780974e-01,-2.490780404525765324e+00,5.482844139006575607e-02,-1.148347084281510777e-01,9.918703704390806619e-01,-3.220918167367847751e-01
-7.878271406413120959e-01,-6.144089279788824687e-01,-4.277926704345672015e-02,4.494701700181775728e-01,6.153977946251948383e-01,-7.824937606252453381e-01,-9.481070062502620910e-02,-2.321683117075831415e+00,2.477803138632296565e-02,-1.010207097698393591e-01,9.945757212792888380e-01,-2.864465318996517462e-01
-7.980805208484337276e-01,-6.025493539262106735e-01,1.326018627141444233e-03,2.486853252919568602e-01,5.980518234485368012e-01,-7.923880991819033381e-01,-1.202294337704827576e-01,-2.099984887424501068e+00,7.349488902075883290e-02,-9.515974126697043789e-02,9.927452467425019744e-01,-2.527169362321965429e-01
-7.385114424479869433e-01,-6.738224940385971751e-01,2.375070316851377039e-02,1.122404118272222195e-01,6.696738319202965029e-01,-7.371468545157764396e-01,-9.028551223027730943e-02,-1.941844294201624965e+00,7.834416515976543038e-02,-5.077165946767728255e-02,9.956326784413612740e-01,-2.231808180742415881e-01
-6.986571995324976081e-01,-7.154559225554122381e-01,-9.697534699585135757e-04,-7.560969796944541632e-02,7.138216161374839608e-01,-6.969684041875423564e-01,-6.851090350551045094e-02,-1.678760517748340009e+00,4.834064414422736822e-02,-4.855786696978180161e-02,9.976498963459414782e-01,-2.189815676849989345e-01
-6.998888281093402775e-01,-7.137023219056776169e-01,2.801114053692993835e-02,-1.913019589021915934e-01,7.097392882057520502e-01,-6.993334385046390267e-01,-8.486980951122147232e-02,-1.488629023806589124e+00,8.016090733597912299e-02,-3.951882457415976241e-02,9.959982386728155612e-01,-2.071192364521056706e-01
-6.265067104703732070e-01,-7.793943474625414369e-01,5.813164287357918715e-03,-3.122440619719054622e-01,7.742013171422446050e-01,-6.231590503626567301e-01,-1.108382537138030005e-01,-1.202090624751231296e+00,9.000923436406908784e-02,-6.494035028047856484e-02,9.938214571212700132e-01,-1.643077755495029879e-01
-5.251974324267525418e-01,-8.509647900678223298e-01,5.155874045648685747e-03,-3.782835656831506355e-01,8.416085957074357360e-01,-5.203006277808287505e-01,-1.448524365077549225e-01,-9.971552692991330069e-01,1.259469277263440545e-01,-7.173689981942925342e-02,9.894398357659721643e-01,-1.647304678786735699e-01
-2.801122327912209942e-01,-9.595316270327767239e-01,2.891701513901101181e-02,-3.856776487080665894e-01,9.497860266650928196e-01,-2.813911664323728856e-01,-1.368412036104771079e-01,-7.068168601213341562e-01,1.394404553651933942e-01,-1.086591816927320701e-02,9.901708394160514404e-01,-1.560098105391171663e-01
-4.619559481146636587e-02,-9.987593505446322739e-01,-1.859372796616406975e-02,-2.863965685740655909e-01,9.936204211737746927e-01,-4.402495557705329160e-02,-1.038280401090617283e-01,-4.752545298314775901e-01,1.028806378599262245e-01,-2.327150588387745522e-02,9.944214455488342708e-01,-1.316437323028980533e-01
1.217494844292367345e-01,-9.923546903882687342e-01,-2.022947121450942992e-02,-1.759932675718667849e-01,9.857267043923783056e-01,1.232736551855843909e-01,-1.146580576537317708e-01,-3.483617650913107822e-01,1.162752221625732996e-01,-5.981170586879361144e-03,9.931990225073002998e-01,-1.478159018027092320e-01
5.035396686331636840e-01,-8.632314641702238944e-01,-3.576648402255190595e-02,3.959236503514818040e-02,8.590548336062562296e-01,5.046550536129100761e-01,-8.572088264056851314e-02,-2.310316685541053683e-01,9.204669994372802200e-02,1.243849385909994061e-02,9.956770002867336711e-01,-1.479497998032344164e-01
7.429546602030115965e-01,-6.682496176055400250e-01,-3.822069403709732471e-02,1.975300978553724551e-01,6.647886706323977712e-01,7.433458228967646519e-01,-7.411484993401083743e-02,-1.903769196327466384e-01,7.793841338798626617e-02,2.965528876915054027e-02,9.965170182021897416e-01,-1.562555655417987022e-01
9.321155789514281587e-01,-3.620903125056564864e-01,-7.152137135151775439e-03,4.342681449366451174e-01,3.614716788434491068e-01,9.313779687870115120e-01,-4.328168957282937934e-02,-1.601037630133073097e-01,2.233322346062239019e-02,3.775824211661181484e-02,9.990373077528800216e-01,-1.206770869935441526e-01
9.615947969680117557e-01,-2.742820329531657775e-01,-1.023781437254487302e-02,6.025209147691370504e-01,2.738750863699024873e-01,9.612929851567959538e-01,-3.013691680007071078e-02,-1.534731537915564603e-01,1.810755394652860395e-02,2.617562009608594489e-02,9.994933483533847696e-01,-1.215392397580404155e-01
9.788160947637790654e-01,-1.973562692461150458e-01,-5.449362917479145391e-02,8.581936251532250592e-01,1.953011779838261797e-01,9.798936183652969811e-01,-4.081600868648858904e-02,-1.950285372675084061e-01,6.145325466982554802e-02,2.930869625590252006e-02,9.976795566785292557e-01,-1.083914836209836779e-01
9.905127469879184687e-01,-1.288422720852253345e-01,-4.779295950623746458e-02,1.022739761319111595e+00,1.266514758527639839e-01,9.908637715695228776e-01,-4.635072658909623194e-02,-2.386894896013029010e-01,5.332824503736018767e-02,3.985793666181514788e-02,9.977812601799554981e-01,-1.075092234261383478e-01
9.946887906117740652e-01,4.864931011910358233e-02,-9.070531658189508184e-02,1.270197882691403768e+00,-5.637766530651429353e-02,9.948115874264509273e-01,-8.468449903407042345e-02,-3.106238135284706270e-01,8.611485752106448621e-02,8.934847590753884627e-02,9.922706693070841855e-01,-1.266517733729526918e-01
9.756159172909038002e-01,2.168293299543290475e-01,-3.403856048932370204e-02,1.431817381369422604e+00,-2.188322754512719293e-01,9.728965286993275230e-01,-7.473138340494762943e-02,-3.952032454816270524e-01,1.691204155173029952e-02,8.035786281600056091e-02,9.966225949346118052e-01,-1.163208082159190443e-01
9.430893542392488893e-01,3.298387678795512978e-01,-4.229488295640732726e-02,1.620671428614778309e+00,-3.318572236383115492e-01,9.416539622478556915e-01,-5.620141014232246657e-02,-5.399632590257387177e-01,2.128974024427337380e-02,6.703881403047863563e-02,9.975232049299506132e-01,-1.360838179765720968e-01
9.044385852056427977e-01,4.227725165049159850e-01,-5.704598916064116537e-02,1.704840224495789203e+00,-4.257833340930129995e-01,9.028815448299921664e-01,-5.927451740878465769e-02,-6.785893063736968545e-01,2.644613393018843683e-02,7.789939212540002156e-02,9.966103986546807070e-01,-1.438780134450163839e-01
7.168836463482660681e-01,6.961265505651121899e-01,-3.854430174140612703e-02,1.738962468221635582e+00,-6.971099981679530488e-01,7.148500543458314871e-01,-5.501863553413534336e-02,-9.303769701945221460e-01,-1.074653677661033951e-02,6.631157817515380415e-02,9.977410919408056245e-01,-1.468008578815274412e-01
4.566331239760237359e-01,8.885785692989253137e-01,-4.375290013898989333e-02,1.711311262439373593e+00,-8.894183578301005921e-01,4.570936860612225261e-01,5.889972593336868616e-04,-1.179201499630502692e+00,2.052254474241935883e-02,3.864567693338185478e-02,9.990422097247232402e-01,-1.378716302914876068e-01
2.850534900304294572e-01,9.576572206065887549e-01,-4.046178000947555503e-02,1.655205009260334315e+00,-9.578813780723955951e-01,2.830816085897033263e-01,-4.825006135119406375e-02,-1.335950519180647333e+00,-3.475303387619672890e-02,5.251143397707874749e-02,9.980154186875433986e-01,-1.548477428862153615e-01
6.337900641421435888e-02,9.979280166603802238e-01,-1.108039305381370437e-02,1.525493859095526927e+00,-9.972405133095986196e-01,6.289745914135252969e-02,-3.943688942563771532e-02,-1.535588965104583536e+00,-3.865824827840885769e-02,1.354928772452142910e-02,9.991606260467857936e-01,-1.924712305525136391e-01
-1.140155937621404464e-01,9.934236863295092812e-01,-1.047968599507617497e-02,1.408796202017174037e+00,-9.920381098474692072e-01,-1.144118087361189195e-01,-5.263389242674489099e-02,-1.645416360243425524e+00,-5.348675527013086600e-02,4.395163389302422438e-03,9.985588863704816243e-01,-1.911767732814563248e-01
-4.516070375051178254e-01,8.920231922599820562e-01,-1.859322850293342044e-02,1.154698167149140309e+00,-8.908441984545262260e-01,-4.519698416004047647e-01,-4.604211510799257473e-02,-1.732764508921035285e+00,-4.947421303834391437e-02,-4.229273462012520662e-03,9.987664469185085769e-01,-2.119213194479841744e-01
-6.586006193500721917e-01,7.523444875414784239e-01,-1.493305921944891937e-02,9.790329564045894273e-01,-7.510730336796995754e-01,-6.584470758125147150e-01,-4.833990518320541163e-02,-1.809034128131152386e+00,-4.620089036884349187e-02,-2.062087340291266294e-02,9.987193085693442107e-01,-2.016426658406737515e-01
-8.064200383652940785e-01,5.905805900086527060e-01,-3.002146611925140748e-02,7.012817731091454121e-01,-5.874382324794920063e-01,-8.058865462969937443e-01,-7.391344613041347933e-02,-1.877369987609084134e+00,-6.784574227088804865e-02,-4.196952707066304439e-02,9.968126775142754914e-01,-2.193267248808919989e-01
-8.387714710786633443e-01,5.444758308840432770e-01,2.913569574586703272e-03,4.997506602821155663e-01,-5.435761256261797403e-01,-8.370526666928055359e-01,-6.219187110623461412e-02,-1.891655690333226447e+00,-3.142315951279751191e-02,-5.374851407800709108e-02,9.980599592612867665e-01,-2.394086360278773196e-01
-8.645834348732633901e-01,5.020707933965352643e-01,-2.050372066048946826e-02,2.057579103812442467e-01,-4.996198663419751940e-01,-8.632848112518176631e-01,-7.154945016099145683e-02,-1.914049519382454934e+00,-5.362343982976543189e-02,-5.161640320757632239e-02,9.972262900770005878e-01,-2.080904854040166729e-01
-8.719562384033395785e-01,4.890428209339159893e-01,-2.300951113119166502e-02,7.206550952450402336e-03,-4.861102946050516183e-01,-8.704016424249447770e-01,-7.808817031374440387e-02,-1.938099515426676023e+00,-5.821597537178586218e-02,-5.690430701587001483e-02,9.966808917876156526e-01,-2.537426066243123057e-01
-8.659792195487224786e-01,4.998300881997078671e-01,1.580741092202896797e-02,-3.087205116430787877e-01,-4.999036235115218441e-01,-8.644018075624047004e-01,-5.390623602977621248e-02,-2.019005211112669507e+00,-1.328000413539369602e-02,-5.458386220413263129e-02,9.984208749205144562e-01,-2.447403184229057227e-01
-8.151762260458731424e-01,5.789127629448529433e-01,1.864761081650876881e-02,-4.950574240952031468e-01,-5.788837379359554891e-01,-8.132050366800601671e-01,-5.992650725245048104e-02,-2.095774325148584083e+00,-1.952788884911629136e-02,-5.964546267519871270e-02,9.980285969546962566e-01,-2.187382973642071904e-01
-5.779638348796383163e-01,8.156784072700546950e-01,2.503081070618187048e-02,-7.325897713167854874e-01,-8.154052815376886532e-01,-5.759960898658817996e-01,-5.781635840882633215e-02,-2.226307221481207854e+00,-3.274190604813218691e-02,-5.382601947573168594e-02,9.980133902988150840e-01,-2.649497177501899947e-01
-3.905553859861410904e-01,9.203539209869839866e-01,2.037524481080939948e-02,-8.433881457626308809e-01,-9.153438494641793488e-01,-3.858818983783087742e-01,-1.150686653787665603e-01,-2.353836745494338523e+00,-9.804145921656905183e-02,-6.359104204081561518e-02,9.931485546718832325e-01,-2.698836267089487206e-01
-7.348219400926211953e-02,9.936467902237846594e-01,8.524331904351763189e-02,-8.756353571053284712e-01,-9.956291623524654577e-01,-6.815034948883862131e-02,-6.386001047507762485e-02,-2.562344861537908525e+00,-5.764493244781374731e-02,-8.956330801460468671e-02,9.943115586276615181e-01,-3.068961508715183917e-01
1.850379948220964299e-01,9.795144391381860327e-01,7.945063871374724584e-02,-8.404936173513002373e-01,-9.799352710233442121e-01,1.900018746582126938e-01,-6.021754088942486705e-02,-2.709025857735846365e+00,-7.407972108899003871e-02,-6.671395016163704506e-02,9.950183132873533509e-01,-3.326262519402048423e-01
6.003091756322604944e-01,7.984834524536489342e-01,4.531081338286555710e-02,-7.352134485512000772e-01,-7.977754619245255308e-01,6.018484889201268784e-01,-3.650628350940982730e-02,-2.869099139670131304e+00,-5.641990785906471351e-02,-1.423279811776027685e-02,9.983056753594637955e-01,-3.295982229576200906e-01
8.614529828604150508e-01,4.926038090021460092e-01,1.234513899373776979e-01,-5.811555151896276028e-01,-4.908975123901968551e-01,8.700012202384274085e-01,-4.601640047595496885e-02,-3.012846960641948346e+00,-1.300707140366721970e-01,-2.096101477086024026e-02,9.912831306996843228e-01,-3.293375758604740744e-01
9.507931692935591705e-01,3.016210128184456662e-01,7.083158794693483751e-02,-4.497959820553282251e-01,-2.993550712990830642e-01,9.532632799926937794e-01,-4.093482997511693061e-02,-3.092487766816288008e+00,-7.986795673003176110e-02,1.771676166645231795e-02,9.966479949529951643e-01,-3.237973025540366034e-01
9.618607778522152429e-01,2.732868327779723883e-01,1.175376789441919152e-02,-1.917381772602662071e-01,-2.728541204682273791e-01,9.616044987553933332e-01,-2.945194249788294152e-02,-3.198878114724434951e+00,-1.935130416900561132e-02,2.512160431925282433e-02,9.994970895522343746e-01,-3.420521757498053428e-01
9.731156939684217910e-01,2.262521236092597532e-01,4.307926084158190255e-02,-8.336308539294234876e-03,-2.252585694360888791e-01,9.739322296187519212e-01,-2.673179764724879434e-02,-3.258409166472814533e+00,-4.800440654735275287e-02,1.630915914898692365e-02,9.987139671997640189e-01,-3.391771809972457530e-01
9.992745857604258264e-01,2.995877808595390906e-02,2.351114350527942071e-02,2.784616868903149189e-01,-2.948918493451455416e-02,9.993635471470676546e-01,-2.007208523120563443e-02,-3.354508165035851697e+00,-2.409751491808388019e-02,1.936420019591172936e-02,9.995220545468455065e-01,-3.494822687719950638e-01
9.953792740628012448e-01,-7.675585995909448012e-02,5.769435612042918271e-02,4.638277369957601870e-01,7.548303427063431104e-02,9.968599171929036773e-01,2.392941769988288225e-02,-3.390375624454789794e+00,-5.934991409858392936e-02,-1.946390135859461454e-02,9.980474659255417214e-01,-3.525222199567394354e-01
9.598897474545207142e-01,-2.769109536308385078e-01,-4.395448203489790012e-02,7.173249628791003030e-01,2.774482824390587798e-01,9.607184957230616718e-01,6.513259340281014713e-03,-3.382167268482178635e+00,4.042429100569118472e-02,-1.844710640932918991e-02,9.990123027079355067e-01,-3.103102807248688810e-01
9.214997608346280344e-01,-3.770323094654904894e-01,-9.319242673544961275e-02,8.452082782671659356e-01,3.763967579046989531e-01,9.261216502812340545e-01,-2.498338486264462324e-02,-3.351212083968680755e+00,9.572706733497561571e-02,-1.205514410872807543e-02,9.953346181460608344e-01,-3.090607635885578297e-01
7.086590771214609230e-01,-7.012048349758733812e-01,-7.819265834986000030e-02,1.007892748759788404e+00,6.985837213319882055e-01,7.128750517298770850e-01,-6.156252846558583902e-02,-3.240107067086372972e+00,9.890953797946157311e-02,-1.099727364320031431e-02,9.950356592952375179e-01,-2.991660260942488048e-01
4.021826968634195087e-01,-9.126283816655789138e-01,-7.320188059150918580e-02,1.064735154726922373e+00,9.118368617907206541e-01,4.064677220271817881e-01,-5.777134609548124217e-02,-3.140332030112694017e+00,8.247797174589747982e-02,-4.351353730163020489e-02,9.956424841519091462e-01,-2.978170886950705087e-01
-6.136038818104330023e-02,-9.968882843568039887e-01,-4.948384862174563109e-02,1.074572359632153029e+00,9.963394086136949657e-01,-5.821943595094422608e-02,-6.259616698222307540e-02,-2.968559527235808293e+00,5.952046375478031032e-02,-5.314363357639420582e-02,9.968114508796114270e-01,-2.823285512903928041e-01
-2.429845185021451415e-01,-9.682080237391567090e-01,-5.942849935340240725e-02,9.821148679814829530e-01,9.664109275311938418e-01,-2.363358870829419256e-01,-1.009716179181867762e-01,-2.779115171800821127e+00,8.371644352561835589e-02,-8.196689114414169863e-02,9.931127759925296727e-01,-2.272540885108917941e-01
-3.907033795387456765e-01,-9.201936502360037462e-01,-2.438268406763412569e-02,9.049847995723493410e-01,9.176422367148583392e-01,-3.872550946626734936e-01,-8.925366689809183240e-02,-2.627567534540824479e+00,7.268833891316171802e-02,-5.724629003824536350e-02,9.957104336416809920e-01,-2.648502755160115352e-01
-5.650153515623906886e-01,-8.240833913060079396e-01,-4.054894169293537382e-02,7.338754381069900745e-01,8.226069986963939762e-01,-5.588383567084630466e-01,-1.049638831555649160e-01,-2.388568722248697984e+00,6.383868885353816136e-02,-9.266204856883575314e-02,9.936490157799633405e-01,-2.452301885073297771e-01
-6.606525422778469769e-01,-7.476068355342244676e-01,-6.798704173826700115e-02,6.009311011952236381e-01,7.503171722737803639e-01,-6.547482614113386834e-01,-9.126256171019433983e-02,-2.230379896446015309e+00,2.371411758627475080e-02,-1.113046883169446777e-01,9.935033502639909475e-01,-2.266581873784461743e-01
-7.535038669312132953e-01,-6.562633335353883490e-01,-3.937460573425773797e-02,4.153426263946878860e-01,6.543734311743808485e-01,-7.428579246307273065e-01,-1.412710741319540830e-01,-2.033508870938424362e+00,6.346128814305732058e-02,-1.322139964994181183e-01,9.891876081092392248e-01,-1.959385451402887446e-01
-7.073841643541478597e-01,-7.066639651408118672e-01,-1.528673910452191080e-02,1.987353994795244827e-01,7.026615287179878155e-01,-7.007035165844381908e-01,-1.236177896012622540e-01,-1.787198047914292154e+00,7.664476551392325476e-02,-9.818667026469206360e-02,9.922121535748543719e-01,-2.217674865805556172e-01
-7.240507326608907057e-01,-6.889518983096333260e-01,-3.310314711292650092e-02,2.479243147599563546e-02,6.882455719892502932e-01,-7.184777472551958644e-01,-1.005373529405271110e-01,-1.619473096909939125e+00,4.548152559464894995e-02,-9.557723847575551324e-02,9.943824326258653423e-01,-2.020550246287300122e-01
-7.560411281773892211e-01,-6.543890223948112261e-01,1.329736340121145423e-02,-1.755528174187507284e-01,6.494313401165398014e-01,-7.525330683390785147e-01,-1.092378850518735955e-01,-1.387575871156407237e+00,8.149077848870577012e-02,-7.395260932066496928e-02,9.939266897492849973e-01,-1.701967347099683225e-01
-7.277704112964098471e-01,-6.857769758126692761e-01,7.756796161048305598e-03,-2.809455185392868426e-01,6.802142848489619587e-01,-7.232179927819619714e-01,-1.194330842097133388e-01,-1.224001514281997549e+00,8.751431385132925345e-02,-8.164358126429507867e-02,9.928119512321923468e-01,-1.424407461736166003e-01
-5.795169286173731393e-01,-8.141347939550614976e-01,3.666969753946722893e-02,-4.054467196206327229e-01,8.070353225203723557e-01,-5.795600525092929889e-01,-1.131553522369292270e-01,-9.420414746734787625e-01,1.133760012097982939e-01,-3.598170100447366238e-02,9.929003975940899895e-01,-1.871114431720631854e-01
-4.189454389644028942e-01,-9.063816990766878634e-01,5.437770452841832886e-02,-4.437610654215636830e-01,8.982326247774319317e-01,-4.224551388403844920e-01,-1.212839950397253536e-01,-7.529612253014813517e-01,1.329017342112892297e-01,-1.967548273341236317e-03,9.911272661961355590e-01,-1.506358742022503028e-01
-1.725466327862336946e-01,-9.840928975495345510e-01,4.229454464459659474e-02,-4.246535993475232806e-01,9.738111260756086018e-01,-1.768830308158133857e-01,-1.428435652760261243e-01,-4.734723426359861431e-01,1.480525252925015967e-01,1.653972194365094239e-02,9.888411840900142025e-01,-1.527503922199734132e-01
2.428798860008781965e-02,-9.983843890702620572e-01,5.136832945075444495e-02,-3.030086960891217318e-01,9.893165609923467718e-01,1.661551205971805584e-02,-1.448332382613500557e-01,-3.325719939007742987e-01,1.437457330011490952e-01,5.433724707594786429e-02,9.881217677109290776e-01,-1.745076520131716991e-01
4.649242066578352928e-01,-8.848538146079362177e-01,2.965145590634831949e-02,-8.089321877909669278e-02,8.830506502163255611e-01,4.610439268608362284e-01,-8.752169249542636476e-02,-1.908736194055744850e-01,6.377327979731692298e-02,6.687469086674875662e-02,9.957212182661226985e-01,-1.652956921204514207e-01
7.065354381402723094e-01,-7.073068210784867471e-01,2.290710605420412382e-02,6.463598824429964140e-02,7.068480985069784950e-01,7.037705449368137911e-01,-7.122349132419925066e-02,-1.178702794109639518e-01,3.425551472393779245e-02,6.651376500533488778e-02,9.971973118574953832e-01,-1.470493690880930737e-01
9.029803327277536873e-01,-4.279984765244989608e-01,3.799766834402677762e-02,2.953402946010194596e-01,4.293759475812698456e-01,9.021387122063330155e-01,-4.221421060951839610e-02,-8.138605159827386193e-02,-1.621154975816563315e-02,5.443388679311764178e-02,9.983857659357099346e-01,-1.421355794528881555e-01
9.430991926184394414e-01,-3.314320305065650007e-01,2.677166481081115143e-02,4.533954193711943748e-01,3.320104702205710079e-01,9.430392537288778687e-01,-2.111903384143585388e-02,-9.299067795718193863e-02,-1.824720653586323071e-02,2.880581678716446353e-02,9.994184630938450775e-01,-1.440846100492623738e-01
9.610507595891132349e-01,-2.763677001166885416e-01,-1.527031564808066511e-03,6.894075901168971177e-01,2.763461957583255857e-01,9.610220251776514511e-01,-8.333499465761283129e-03,-1.573882589547891397e-01,3.770621048198012030e-03,7.586926627867602441e-03,9.999641098365759095e-01,-1.170074710519565242e-01
9.737871942242204426e-01,-2.270446687576575251e-01,-1.375568077724491703e-02,8.402465180755173124e-01,2.266435600241885895e-01,9.736341606579841379e-01,-2.586924620826668714e-02,-1.900250486668480510e-01,1.926647514419812038e-02,2.207350421993234391e-02,9.995706895197418174e-01,-1.150332213803729603e-01
9.971857310879103098e-01,-7.457467900554071161e-02,-7.696425526844095921e-03,1.118925782871270647e+00,7.388036052329242931e-02,9.949354583979707067e-01,-6.815516085644102162e-02,-2.384369632429605979e-01,1.274009590301647399e-02,6.739473921338023921e-02,9.976450466387050131e-01,-1.166026734368623835e-01
9.999820641676665511e-01,2.198354672168354416e-03,-5.571227845622024437e-03,1.287531221482936639e+00,-2.548325061758071903e-03,9.979716024086507931e-01,-6.360964412169391180e-02,-2.665518970630892381e-01,5.420090622129139675e-03,6.362270052932579578e-02,9.979593050796234932e-01,-9.818776337095666551e-02
9.945798217046397660e-01,9.849742484875914639e-02,-3.330518812632192460e-02,1.531348638607818113e+00,-1.005467226697209504e-01,9.926877994335612243e-01,-6.679288447230768977e-02,-3.618335937207572406e-01,2.648272679209627556e-02,6.977958264360642482e-02,9.972108478289536393e-01,-1.157432109431965478e-01
9.682890937270324239e-01,2.458867752058231659e-01,-4.422583801538253895e-02,1.630875345223742778e+00,-2.482739452551346315e-01,9.667938140968422855e-01,-6.057861942575110126e-02,-4.563974244401616254e-01,2.786178523950203281e-02,6.963773978928873565e-02,9.971831858391457803e-01,-8.620162828823590973e-02
7.805617737062771067e-01,6.240666212594928597e-01,-3.555516359505456886e-02,1.760724821644131355e+00,-6.250734349069313467e-01,7.790591826977255607e-01,-4.847670397212969912e-02,-6.338103706082180988e-01,-2.553116166636429721e-03,6.006365027295818004e-02,9.981912840301344625e-01,-1.223329160654039599e-01
5.629724097629617008e-01,8.240854975023723661e-01,-6.281049794382365103e-02,1.802944835273085245e+00,-8.252089758070731973e-01,5.562778668263299586e-01,-9.790342755281015996e-02,-7.654921447601065188e-01,-4.574070499155517139e-02,1.069487152116140039e-01,9.932118405564149821e-01,-1.200044276416798589e-01
1.786596641031971688e-01,9.836888640395972105e-01,-2.090318604948044473e-02,1.777439902290075979e+00,-9.759511354112813120e-01,1.744774186305631802e-01,-1.306790406968353080e-01,-9.769986145978785119e-01,-1.249003831537864317e-01,4.374756167492825643e-02,9.912043407570088061e-01,-1.670984905606170134e-01
1.191108008972560466e-02,9.999222181946507693e-01,3.699152846930304356e-03,1.705923414592907417e+00,-9.911180648264688031e-01,1.229606716640375963e-02,-1.324152117653938088e-01,-1.077612306960956445e+00,-1.324503973030315973e-01,-2.089089018711395851e-03,9.911874333148810168e-01,-1.622173770163144457e-01
-1.921588848015488571e-01,9.801231427088838988e-01,-4.933141107129879188e-02,1.531461706269254819e+00,-9.705879824197795047e-01,-1.972375051288498826e-01,-1.380446846236675906e-01,-1.235924957441563388e+00,-1.450307945717944635e-01,2.135396209154714550e-02,9.891966826313497441e-01,-1.907364323807271833e-01
-3.482424010903053535e-01,9.362569308240837884e-01,-4.637013658299080077e-02,1.387356285368580577e+00,-9.323002513922777901e-01,-3.510772859744058505e-01,-8.695389885876235458e-02,-1.345912695096338485e+00,-9.769069217051147558e-02,1.294985547067760076e-02,9.951325690110515154e-01,-1.989487396412230880e-01
-5.955204164397329691e-01,8.020962138897437255e-01,-4.468889422647445014e-02,1.139771128698920055e+00,-8.009758091460641438e-01,-5.971131011938964894e-01,-4.351663527220528405e-02,-1.482727715827043991e+00,-6.158885261355279139e-02,9.879678453533619759e-03,9.980527066179426532e-01,-1.796247719208577676e-01
-7.036863936504907935e-01,7.090902908823810691e-01,-4.490455174596771903e-02,9.692926713182323795e-01,-7.065057880637694021e-01,-7.050220062270013965e-01,-6.159173782290001953e-02,-1.563775259077792912e+00,-7.533280044945778187e-02,-1.161594214832776389e-02,9.970907877743375725e-01,-1.724335857565717223e-01
-7.497698323072090609e-01,6.598659454926478762e-01,-4.921516576334110382e-02,6.594669248962372610e-01,-6.593553063694552741e-01,-7.512992283183259623e-01,-2.828514611467604703e-02,-1.632885788217181000e+00,-5.563972074391496103e-02,1.124293144072580942e-02,9.983876090818427640e-01,-1.928314577532416474e-01
-8.164516865408618651e-01,5.748033890787106470e-01,-5.484256967183705200e-02,3.843869466872139040e-01,-5.716973703555608965e-01,-8.180460596194127909e-01,-6.295046520628419517e-02,-1.718698253790806429e+00,-8.104788876410294607e-02,-2.004266062127163170e-02,9.965086710521400271e-01,-1.955739678348383526e-01
-8.644920374599525115e-01,5.025562993406592627e-01,-9.522770676725958103e-03,2.063555506226900371e-01,-5.021878247738099654e-01,-8.643573108291018325e-01,-2.634061246880059839e-02,-1.780855422687720679e+00,-2.146871717846381838e-02,-1.798903024913155180e-02,9.996076675243177334e-01,-1.988108356555494394e-01
-9.026915062913771770e-01,4.298919056996247656e-01,-1.846601969427624085e-02,-6.644345973893414636e-02,-4.298280930301951464e-01,-9.028796066644190210e-01,-7.498420602290682170e-03,-1.901240620112840229e+00,-1.989610292068151251e-02,1.168453442760812675e-03,9.998013701756572891e-01,-1.790482445502949438e-01
-8.619722848859113773e-01,5.066234716527059367e-01,1.834224792987469016e-02,-3.388975955563549025e-01,-5.066217873440488351e-01,-8.621534280435144693e-01,5.082430632767294919e-03,-2.024681333868174171e+00,1.838871058237227796e-02,-4.911668084840136762e-03,9.998188490120308858e-01,-2.155910674264166493e-01
-8.302437717337510792e-01,5.574001202251491760e-01,-6.208625485409451084e-04,-5.139215970175623482e-01,-5.568526719456657892e-01,-8.294766919192384513e-01,-4.339953121507981321e-02,-2.134093775178758090e+00,-2.470589492990077699e-02,-3.568646151841844971e-02,9.990576035544733724e-01,-2.011767241814051421e-01
-6.510596219024525899e-01,7.588152173132300948e-01,1.791185925890607586e-02,-7.336354633480264287e-01,-7.588273403877515699e-01,-6.501667667064129352e-01,-3.826542761526902092e-02,-2.358380885240323188e+00,-1.739069315140060606e-02,-3.850508335796811593e-02,9.991070625049699450e-01,-2.967991834627781156e-01
-5.558173786463298516e-01,8.312964891694719638e-01,3.631623498148835172e-03,-8.273929803524273652e-01,-8.312896363491812934e-01,-5.558282442609850937e-01,3.536011905483004043e-03,-2.521445556059142667e+00,4.958033195482643672e-03,-1.053554108965476348e-03,9.999871538827747042e-01,-2.816018960407923877e-01
-2.159341371197140147e-01,9.755669828507501640e-01,4.051555747917742062e-02,-8.842602484253291317e-01,-9.764026891531916164e-01,-2.156110306745128991e-01,-1.223405353468403657e-02,-2.742385443782410892e+00,-3.199537588428187813e-03,-4.220124906869796022e-02,9.991040073667316612e-01,-2.832676641543805940e-01
1.576303933707043359e-01,9.864678864143715531e-01,4.509731875576979132e-02,-8.720489684677553699e-01,-9.865214648609847981e-01,1.593408493257953695e-01,-3.722758526510107357e-02,-2.885739528702009782e+00,-4.390966242563541788e-02,-3.862127405066555219e-02,9.982887051030729930e-01,-3.174970599488103895e-01
6.221173543003739592e-01,7.807588672382000938e-01,5.818581190656103852e-02,-7.725197153445362286e-01,-7.768480261195900294e-01,6.248232011934301555e-01,-7.812241396993990783e-02,-3.018529976584011898e+00,-9.735061269658024097e-02,3.399776362759768158e-03,9.952443417213100441e-01,-3.237348669663203116e-01
7.884513158380599407e-01,6.150777928363798663e-01,4.881732557126060301e-03,-6.670547572499273548e-01,-6.141827484954990313e-01,7.876869895676776867e-01,-4.825720584869715168e-02,-3.065978583308154093e+00,-3.352721288366460745e-02,3.505018153071760845e-02,9.988230127359487565e-01,-3.162662138130620249e-01
8.968786293723206571e-01,4.421914739804874150e-01,8.684728792046202128e-03,-4.581874076729779977e-01,-4.408104802788094245e-01,8.953305033406404601e-01,-6.379192945945771909e-02,-3.123113215365801665e+00,-3.598394991649656732e-02,5.338529878870097028e-02,9.979254306919170814e-01,-3.004023477814590781e-01
9.392205017738162187e-01,3.429029901835654592e-01,1.680441522071803376e-02,-2.980340945184022927e-01,-3.413439803007111695e-01,9.379471283138491877e-01,-6.115121912334393200e-02,-3.174977861457772832e+00,-3.673058889003109895e-02,5.169839273104178540e-02,9.979870440185174552e-01,-3.314777703861781499e-01
9.705127110142061087e-01,2.375888047134956937e-01,-4.070181365330186041e-02,-3.356826405964580262e-02,-2.386093837843678012e-01,9.708592736837091675e-01,-2.231216422458182774e-02,-3.260254912443210529e+00,3.421461281236468088e-02,3.136607366491348664e-02,9.989221840028115196e-01,-3.197795388606791134e-01
9.935911277464171132e-01,1.116177733528510574e-01,-1.783657857758193244e-02,2.537000156924276162e-01,-1.123743531420038494e-01,9.924396544447312563e-01,-4.935116048826385798e-02,-3.325594263451568722e+00,1.219326123393245538e-02,5.103924918505067798e-02,9.986222105596824772e-01,-2.888626775166986960e-01
9.916868151718895019e-01,9.090649184938449923e-02,-9.106739457057158593e-02,4.416352324496379822e-01,-9.549079967308214678e-02,9.943055580727387932e-01,-4.730712804065038274e-02,-3.354314013514184456e+00,8.624829153107728408e-02,5.560995347324922122e-02,9.947204457950348244e-01,-2.974348096340869718e-01
9.965261138760527215e-01,3.705233719073587617e-02,-7.458437283906287074e-02,7.212563598665446829e-01,-4.095657884058863385e-02,9.978319766213493702e-01,-5.151606624738888640e-02,-3.370465284770201464e+00,7.251388151772721058e-02,5.439182604615054595e-02,9.958831589331138545e-01,-2.789705321773269242e-01
9.828431514823299242e-01,-1.513508385019339542e-01,-1.054147203622108342e-01,8.843455445868315667e-01,1.470550862285687765e-01,9.879899371822127296e-01,-4.744139164269207259e-02,-3.346719827490293397e+00,1.113289773535612315e-01,3.112567608018545692e-02,9.932960540996631504e-01,-2.978706845611272525e-01
8.367890216493811817e-01,-5.391427783841798993e-01,-9.544211734479748910e-02,1.108551773709236077e+00,5.379095546120017390e-01,8.420324158727277020e-01,-4.043169148891968129e-02,-3.283733390936989238e+00,1.021638111279562638e-01,-1.750643126752379417e-02,9.946135332681161900e-01,-2.896075051994531635e-01
6.425448678962664140e-01,-7.646910730631054642e-01,-4.882269469995904887e-02,1.197099162913684456e+00,7.645597629783904559e-01,6.440537242339091639e-01,-2.536077946078169401e-02,-3.206961614035304109e+00,5.083760000822559050e-02,-2.103242919939275063e-02,9.984854407287947486e-01,-2.897825689402722671e-01
4.700749102232340548e-01,-8.796385529426220540e-01,-7.256441935017272915e-02,1.256657374773189284e+00,8.801432745307303795e-01,4.733282848747569216e-01,-3.616837065508381188e-02,-3.043951698665513295e+00,6.616188537928011093e-02,-4.686524207267299402e-02,9.967077074090117117e-01,-2.590888467278538165e-01
3.375693077486141558e-01,-9.398653573238351377e-01,-5.196222251463574610e-02,1.272611498769525840e+00,9.390338916681719716e-01,3.400716191959398671e-01,-5.066205795246259136e-02,-2.894217586339145498e+00,6.528639034782390826e-02,-3.169233219551297054e-02,9.973631652088220667e-01,-2.375738709104202873e-01
-1.417041312898609327e-03,-9.981490415269929084e-01,-6.079870798514108027e-02,1.241251585177804762e+00,9.982369790997384085e-01,2.195716123367766857e-03,-5.931367792114346227e-02,-2.668410938687643341e+00,5.933738746983291401e-02,-6.077556852428860762e-02,9.963861724847468126e-01,-2.458141348962604444e-01
-2.886412331626850292e-01,-9.559870261100987809e-01,-5.267869044968095937e-02,1.180843708629526478e+00,9.566671056108068116e-01,-2.857656496924342870e-01,-5.591102304645734211e-02,-2.528872462210277394e+00,3.839645244765613891e-02,-6.653419695938066203e-02,9.970450907929913065e-01,-2.322604377558530886e-01
-5.277732028076419502e-01,-8.474312227212313919e-01,-5.758271576924565288e-02,1.046342411740529776e+00,8.491886287208283424e-01,-5.249781278746077362e-01,-5.724192610761863476e-02,-2.363163866025085991e+00,1.827892910982331642e-02,-7.910934211880316091e-02,9.966983459101992349e-01,-2.494751410811094916e-01
-5.495807676832441535e-01,-8.342288744819171820e-01,-4.497960397034440200e-02,9.057752351653138856e-01,8.351437401920862591e-01,-5.471535491270943519e-01,-5.619543482878581325e-02,-2.224832305191259074e+00,2.226910439753474955e-02,-6.844836490565002485e-02,9.974060899809432668e-01,-2.476124552639336063e-01
-6.460482935738790511e-01,-7.624370831568316742e-01,-3.621182952545606848e-02,6.675100926734917062e-01,7.632890144437672886e-01,-6.451038854876941508e-01,-3.508357675809355147e-02,-2.006514503397518023e+00,3.388628002659860479e-03,-5.030577656672557268e-02,9.987281141753630020e-01,-2.064018333978456521e-01
-7.180807274074588742e-01,-6.942411724276840168e-01,-4.888009239157191377e-02,4.942464839931914877e-01,6.959597280486742310e-01,-7.163431636402926017e-01,-4.992523250051852240e-02,-1.853539389230446144e+00,-3.547680779238091041e-04,-6.986892307779127287e-02,9.975561175831458849e-01,-1.963447711560633024e-01
-8.160400309281639064e-01,-5.777746864629781376e-01,-1.597121176891658223e-02,3.112328341386131347e-01,5.779928428233448434e-01,-8.158068373572858745e-01,-1.958258833988978098e-02,-1.629681878051316479e+00,-1.715099923749977429e-03,-2.521142208818684394e-02,9.996806703285511242e-01,-1.731765126270886912e-01
-7.978109118389123955e-01,-6.026945797305703900e-01,-1.603098606303134457e-02,1.932093813579005004e-01,6.029019759558251756e-01,-7.974048864406589887e-01,-2.558621638929389069e-02,-1.497162954849352134e+00,2.637487312517553494e-03,-3.007807580197210950e-02,9.995440725734535681e-01,-1.746754992069269874e-01
-7.301345405568164804e-01,-6.825815462339690498e-01,-3.140040488161894433e-02,-5.666261786733928218e-02,6.831946628818099665e-01,-7.300669540243840405e-01,-1.572562403742532033e-02,-1.263817962970483766e+00,-1.219037717609617114e-02,-3.293441030898470318e-02,9.993831694209694971e-01,-1.759025969930150257e-01
-7.331328795586679048e-01,-6.786398837761898895e-01,-4.431804438661776646e-02,-2.178738861550012507e-01,6.794104753045163703e-01,-7.337510750542676208e-01,-3.281143580528935507e-03,-1.100596112023145778e+00,-3.029169781484046531e-02,-3.251565784271719106e-02,9.990120845307868258e-01,-1.633286147499796448e-01
-7.124364528367820304e-01,-7.017195048247513167e-01,4.902776544850849516e-03,-3.562786514206827682e-01,7.000183201550423950e-01,-7.111632258976910981e-01,-6.497089793207809494e-02,-8.638545459873340215e-01,4.907802070840892178e-02,-4.285560265932825130e-02,9.978751150339650877e-01,-1.394433421272448514e-01
-6.254831472618235244e-01,-7.791975314934076469e-01,4.027455035159908242e-02,-3.861977037775476407e-01,7.751628577118317986e-01,-6.264641769326145804e-01,-8.164054779438144338e-02,-7.197696364882918418e-01,8.884467634849720075e-02,-1.984545123500437366e-02,9.958477702690348154e-01,-1.237267788105602950e-01
-2.673635632292823416e-01,-9.610241014064447862e-01,7.035198343527000742e-02,-4.232659178593525251e-01,9.561022207244830318e-01,-2.736639204534030423e-01,-1.047692806493581846e-01,-5.071396756693784535e-01,1.199386033896178566e-01,3.925219940345262004e-02,9.920050384241695385e-01,-1.507097026401348905e-01
1.795702633151885497e-02,-9.971266526798311380e-01,7.359336736992226624e-02,-4.122320008945392633e-01,9.968408495242953027e-01,1.215898486465483153e-02,-7.848872407385001915e-02,-3.582681256665646297e-01,7.736837806887898739e-02,7.477029893330831845e-02,9.941949187520590092e-01,-1.441479994917849727e-01
3.391884046956053500e-01,-9.406263767389084762e-01,1.316227575622915674e-02,-3.494438071529627488e-01,9.385389155443685238e-01,3.374175218955337008e-01,-7.276070317606961324e-02,-1.887708259749467654e-01,6.399945412930894972e-02,3.703289484916874597e-02,9.972625705250545147e-01,-1.964912773744640906e-01
4.960641035921671271e-01,-8.682733425297283203e-01,4.669880036198792612e-03,-2.636670651894597039e-01,8.644335795614671580e-01,4.933500107992253025e-01,-9.674891922368518415e-02,-1.448307592083723505e-01,8.170062211419797105e-02,5.203046700402230024e-02,9.952978643850769469e-01,-1.730378654530264071e-01
7.698968443140372653e-01,-6.381082950487014793e-01,8.755164494515469548e-03,-1.167601633522841187e-01,6.370917369688509080e-01,7.677290898333538616e-01,-6.860148183283576451e-02,-1.379507298987079633e-01,3.705358014144956302e-02,5.839390733362581631e-02,9.976057256175967503e-01,-1.819647392500429450e-01
9.031953612907106521e-01,-4.277933828380941494e-01,3.508505298388587407e-02,2.103715633448099975e-02,4.291735333120007545e-01,9.013775647772039878e-01,-5.769370867615233184e-02,-1.106267265973890496e-01,-6.943892815647585183e-03,6.716626620749138743e-02,9.977176329184063164e-01,-1.139305965573611107e-01
9.764758421954154999e-01,-2.155605630400240780e-01,-5.345397143479154768e-03,1.649627604361766919e-01,2.141319277569184720e-01,9.723221254148588510e-01,-9.347300114918685732e-02,-9.840056036150413021e-02,2.534654066849367088e-02,9.012950732472567450e-02,9.956074652118379609e-01,-9.715370265782163894e-02
9.895924157150033373e-01,-1.417406850443160837e-01,2.482798748412136380e-02,2.290824119606558740e-01,1.432016465775760583e-01,9.869919236357785897e-01,-7.307688482150162534e-02,-1.027039027236381075e-01,-1.414705541145378116e-02,7.587173967237038907e-02,9.970172214873079808e-01,-8.966290986306917066e-02
9.861563689049628323e-01,-1.645431971381073610e-01,2.052199658289138862e-02,2.707733727171047766e-01,1.656138169067823962e-01,9.835098418263984454e-01,-7.266673709599079378e-02,-1.085219839818960391e-01,-8.226768365832795235e-03,7.505949177939436057e-02,9.971451213219028054e-01,-1.168980369409988312e-01
9.865982612711020616e-01,-1.615293754250699820e-01,-2.306798065770707465e-02,2.705338042508384500e-01,1.578331520765959839e-01,9.806103574378032262e-01,-1.161551677338047983e-01,-1.200925605302657073e-01,4.138317245455817861e-02,1.109575944245771023e-01,9.929631641088735305e-01,-1.270442162086799776e-01
9.890704905771163791e-01,-1.449533870938984337e-01,2.698296202325416865e-02,2.962305544896507437e-01,1.463034436395296567e-01,9.875619516407200260e-01,-5.759074622528835563e-02,-1.137112283050574074e-01,-1.829937290611166265e-02,6.090900788534479166e-02,9.979755636836327160e-01,-8.109361351796273709e-02
9.811723367342625179e-01,-1.911196892254737878e-01,2.782283267003989730e-02,3.096030308858641611e-01,1.924126624857052381e-01,9.797515035339793288e-01,-5.535664944762722778e-02,-9.769817124065550973e-02,-1.667971650205194237e-02,5.966787840424436079e-02,9.980789203986555336e-01,-1.195660278081976668e-01
9.868606301085921517e-01,-1.615051730010525488e-01,-4.709122590463099035e-03,2.901842568091118069e-01,1.607048633956878192e-01,9.841549229918514774e-01,-7.492018707847983294e-02,-1.078113762094744937e-01,1.673450395575746749e-02,7.317900412550819300e-02,9.971784141930428724e-01,-1.227049749973899151e-01
9.887223876899823294e-01,-1.488077948501338177e-01,-1.686061305113255304e-02,2.810892609175303369e-01,1.472404899239818654e-01,9.864727646871435107e-01,-7.205360960734420728e-02,-1.129611709706423994e-01,2.735467432753213926e-02,6.875845200658767253e-02,9.972582399108520512e-01,-1.072313341375757956e-01
9.923977521860761764e-01,-1.219228640894397253e-01,-1.677845845870036198e-02,2.552031111843844347e-01,1.207559331089028687e-01,9.909548764540886401e-01,-5.853577923678938283e-02,-1.264812105660246822e-01,2.376354508528796469e-02,5.606467732974074886e-02,9.981443011312991498e-01,-6.637746445155628949e-02
9.924335321352045769e-01,-1.216826760112565131e-01,-1.640154420719292655e-02,2.591342281068135245e-01,1.202736626953048171e-01,9.903065786824288841e-01,-6.947752356090609871e-02,-1.099026951803739049e-01,2.469676811845998576e-02,6.697915031589879442e-02,9.974486769089732086e-01,-5.940976800389942414e-02
9.920915878359807261e-01,-1.254920307308380334e-01,-2.455925107171331567e-03,2.690252287047221191e-01,1.251060131358403549e-01,9.902415376452384788e-01,-6.140181267069000359e-02,-9.544397110204558277e-02,1.013739721706623589e-02,6.060897082975377076e-02,9.981101070686637655e-01,-1.017694315778886055e-01
9.931975053902709627e-01,-1.125066078046252221e-01,-3.001630368379919894e-02,2.617578808143800062e-01,1.109406104125427173e-01,9.925913149350014120e-01,-4.954455042580345470e-02,-8.921483610847376344e-02,3.536801164660289404e-02,4.587749683558142721e-02,9.983207696107825324e-01,-1.170817283481532661e-01
9.954011652300251978e-01,-9.375541148737612240e-02,-1.965815544602326354e-02,2.479769053278482183e-01,9.296309794074709976e-02,9.949461012563707296e-01,-3.794888688755546080e-02,-9.520906325096489820e-02,2.311671862454316162e-02,3.594688319699191476e-02,9.990863020322386934e-01,-1.087970474341778127e-01
9.946331835224520024e-01,-1.032389666894532321e-01,-6.822462376996311396e-03,2.508180056554622506e-01,1.030968737129191876e-01,9.944965120486609633e-01,-1.864730955574298715e-02,-8.416825031924524136e-02,8.710044007579282807e-03,1.784385832546481893e-02,9.998028464919695990e-01,-1.201106046989546955e-01
9.944507889811543544e-01,-1.027589406290986968e-01,2.254392192020493804e-02,2.706149276404159476e-01,1.027426381779285441e-01,9.947061895504275553e-01,1.883287101219632050e-03,-7.108144143075724453e-02,-2.261810325819124320e-02,4.433856692730462961e-04,9.997440796594637691e-01,-1.235435521103663697e-01
9.950771739032518992e-01,-9.907858591210043364e-02,2.202678000825628642e-03,2.751261490576884516e-01,9.909704460910286061e-02,9.950159352784269107e-01,-1.109343462305611115e-02,-8.222885752278769056e-02,-1.092577895748028877e-03,1.125710245369833037e-02,9.999360399134971100e-01,-1.247836781033698633e-01
9.966040628493777476e-01,-8.227979444106311990e-02,-3.221387721039779134e-03,2.600677095807639172e-01,8.220626861774271710e-02,9.964417400344469655e-01,-1.860075581981451148e-02,-8.031378166151491305e-02,4.740391551381198561e-03,1.827277055777852197e-02,9.998218013946689187e-01,-1.290471698949032242e-01
9.949579650405719899e-01,-9.335540867110875274e-02,-3.665263256812018033e-02,2.711510164920225008e-01,9.227470005510661488e-02,9.952770493239628813e-01,-3.014920925535647875e-02,-9.110471621936913622e-02,3.929411574349862130e-02,2.661508521183841153e-02,9.988731699806044917e-01,-1.396160820064567543e-01
9.960163327369656594e-01,-8.612149739626688560e-02,-2.312039375595254312e-02,2.656122386977781136e-01,8.516419006802396219e-02,9.955791996825031909e-01,-3.961209271928564646e-02,-8.616537438424418105e-02,2.642963585188021214e-02,3.748526171401993234e-02,9.989476109901694878e-01,-1.492319456350317541e-01
9.959288107947030788e-01,-7.920616388703269339e-02,-4.303704719597498812e-02,2.668469646165853582e-01,7.776828363174319303e-02,9.963874882963384971e-01,-3.411842944046127035e-02,-9.421668236642499750e-02,4.558396527311785879e-02,3.063260956581214875e-02,9.984907337282435957e-01,-1.272926551408530282e-01
9.963818958089074584e-01,-6.413636643812853366e-02,-5.576418388500988671e-02,2.626453947929763832e-01,6.148792424370806697e-02,9.969539520185696224e-01,-4.797971161598037909e-02,-9.300890734570466112e-02,5.867156787104912952e-02,4.437729210606137370e-02,9.972904807872603472e-01,-1.314966237480472422e-01
9.966836190042579480e-01,-6.575599018662640904e-02,-4.793655560374784907e-02,2.519867028100247208e-01,6.381804769836632585e-02,9.971232406577869023e-01,-4.089620676883585354e-02,-8.470363342795267370e-02,5.048782424054309298e-02,3.770136197389425264e-02,9.980128190102410812e-01,-1.165241713133662732e-01
9.966656065645121965e-01,-5.987488012748035798e-02,-5.543164638645329406e-02,2.535375815630518392e-01,5.787435198776125223e-02,9.976372771763336589e-01,-3.701921892997267483e-02,-8.346280707292490220e-02,5.751719806622772324e-02,3.368771167515484388e-02,9.977759818760425503e-01,-1.146795990865672327e-01
9.972273122565740167e-01,-6.345407117655069151e-02,-3.887503750031137684e-02,2.543490508156650010e-01,6.183538874204188435e-02,9.972225903736960939e-01,-4.151493643851068838e-02,-7.436053187045923996e-02,4.140135732859433898e-02,3.899597542688517521e-02,9.983813106783673286e-01,-1.126638809871657737e-01
9.970428955118968428e-01,-7.148714855415529146e-02,-2.819666825795211565e-02,2.533087317141191064e-01,7.014915878525052051e-02,9.964805871610725729e-01,-4.588610827737902437e-02,-7.867483497279138815e-02,3.137769958066716214e-02,4.377244570180814642e-02,9.985486532795017078e-01,-1.160846842103536447e-01
