9.999813002773773052e-01,4.230085135270996409e-03,4.416500346895825720e-03,5.435115425357524288e-04,-4.238977084029164379e-03,9.999890035957599288e-01,2.005931414640564365e-03,-3.393312744206690955e-03,-4.407966520613240159e-03,-2.024615348041608563e-03,9.999882353127188539e-01,-4.326820147035993075e-03
9.997997783463700161e-01,1.922308962298860391e-02,5.556621626145273087e-03,1.366271288307816661e-02,-1.924763641036345355e-02,9.998050723974621912e-01,4.398374804373774219e-03,6.230936688151952375e-03,-5.470988134153506426e-03,-4.504445987227163883e-03,9.999748888123061175e-01,-9.704638468014718800e-03
9.998982594851496541e-01,1.303236884084685299e-02,5.798968957035403014e-03,2.425010983448915719e-02,-1.309542058710268068e-02,9.998540613022842694e-01,1.097114656609956586e-02,1.569696878015002309e-02,-5.655142634401318091e-03,-1.104597029346336169e-02,9.999229999865292262e-01,-2.329557481251984946e-02
9.988394369562183517e-01,4.815778784934442863e-02,7.788776813114003938e-04,1.694346278893089572e-02,-4.816405933099070918e-02,9.986912506108895915e-01,1.720492202883314170e-02,-8.984044623958881148e-03,5.069265940726634765e-05,-1.722246854300960028e-02,9.998516810045074976e-01,-3.691648535540786175e-02
9.869820428564027859e-01,1.586870304058048964e-01,2.617008712230577475e-02,3.445296310091217756e-02,-1.592757350074705258e-01,9.869848215448744355e-01,2.218563223941613649e-02,-4.204560002672913521e-02,-2.230890667047454382e-02,-2.606508049133460236e-02,9.994112888406596618e-01,-2.667380862413335635e-02
9.030977154730575052e-01,4.279077914542567806e-01,3.618616199715852383e-02,7.452769943270169672e-02,-4.287023845546958367e-01,9.032706992259215140e-01,1.778508917696924527e-02,-1.591763819342735253e-01,-2.507552161894192194e-02,-3.157476734126990481e-02,9.991867954906543670e-01,-2.603949172130173156e-02
8.199427102367090603e-01,5.724351594037864199e-01,3.455460612069318881e-03,9.611152856203457329e-02,-5.722672058626318004e-01,8.195215876792998344e-01,2.991007224625489083e-02,-2.905020729980419825e-01,1.428975240709736728e-02,-2.650199249040730357e-02,9.995466209087909837e-01,-1.366469413931665697e-02
6.411815805068101781e-01,7.663106629201619224e-01,-4.067122709792152929e-02,9.732968731039279286e-02,-7.654664522908223301e-01,6.424256084948763990e-01,3.674844169880370909e-02,-5.206213778452186691e-01,5.428896053610874489e-02,7.570035987359014125e-03,9.984965715109186402e-01,2.357935088992671804e-02
5.088558068623241226e-01,8.607473695865053287e-01,-1.340647501787255516e-02,8.800983960524097482e-02,-8.597353618093237504e-01,5.089271393793813880e-01,4.299156263397717337e-02,-6.717850168411062528e-01,4.382779343161638530e-02,-1.035048564230628410e-02,9.989854813609075901e-01,2.541182422727538900e-02
2.002650934046237008e-01,9.796511092842988822e-01,-1.332653149472505516e-02,4.355360909254332724e-02,-9.778489220961849027e-01,2.007048012093357314e-01,5.940596204802076757e-02,-9.701441789699680740e-01,6.087181547290326789e-02,1.134393919059344938e-03,9.981449470049275075e-01,5.142888273177083358e-02
7.024213016399838590e-03,9.985618494177459503e-01,-5.314972548293188381e-02,-6.800360323907864157e-04,-9.997277573013999552e-01,8.195198342633124022e-03,2.184605239485425468e-02,-1.135480650291677662e+00,2.225020702407179418e-02,5.298180453264766943e-02,9.983475630640115117e-01,1.141870028276995019e-02
-1.177438254181514959e-01,9.915685140750696291e-01,-5.411352391831577430e-02,-1.074996583235048042e-01,-9.913010492115922334e-01,-1.141353674569888926e-01,6.553890239739408596e-02,-1.420424030479483291e+00,5.881004512748556901e-02,6.135959411873905672e-02,9.963816431476880675e-01,3.349832488195678831e-04
-1.674930774454459204e-01,9.854788756114427617e-01,-2.788287523660643377e-02,-2.124116898929719610e-01,-9.820007765265437172e-01,-1.642641202301075853e-01,9.322968253884804379e-02,-1.575795344392133757e+00,8.729572675176874852e-02,4.299633157183388454e-02,9.952541241121513060e-01,4.288024310187778937e-02
-3.822704190440093241e-01,9.234262474862469094e-01,-3.396015573265123016e-02,-4.092569027382564339e-01,-9.226330297951150783e-01,-3.793913292140328464e-01,6.935785210267027268e-02,-1.769307291670898952e+00,5.116267247714883365e-02,5.784621656321017880e-02,9.970136389108817943e-01,4.792860750974546613e-02
-5.620541938755460043e-01,8.271003969190727778e-01,-1.286981828575172750e-04,-5.634298421847132587e-01,-8.236944169508462199e-01,-5.597255477217677466e-01,9.074590189960607400e-02,-1.880879401749323776e+00,7.498393581905272998e-02,5.111012271438396953e-02,9.958740707163756811e-01,8.576516204214448824e-02
-8.252884608759433194e-01,5.646783713929848236e-01,-6.106817991609097412e-03,-8.204709482796490594e-01,-5.619445386195873748e-01,-8.201276864122823973e-01,1.077446680613772245e-01,-2.003097377637747201e+00,5.583271317637698156e-02,9.235212429069204754e-02,9.941598429218315713e-01,1.106185631086268745e-01
-9.290320385959494054e-01,3.676510101642174733e-01,4.161977880148672732e-02,-1.126009596026965820e+00,-3.620166172833345075e-01,-9.264590557062430953e-01,1.030416756008384338e-01,-2.095107506597374769e+00,7.644239709078995415e-02,8.066196640999462319e-02,9.938059202388999092e-01,1.211007688593005588e-01
-9.614134798642249846e-01,2.744767254245306098e-01,1.861848370808870043e-02,-1.340188668335767774e+00,-2.718284581789236487e-01,-9.581942631874926786e-01,8.929189951304504491e-02,-2.119078256236996083e+00,4.234867246361722487e-02,8.078540211452421571e-02,9.958314660351739178e-01,1.270624966979465309e-01
-9.931081746893158924e-01,1.152464959982826970e-01,2.131662556253508325e-02,-1.650997446901415255e+00,-1.115916056581298665e-01,-9.853987121265316285e-01,1.285950686691134381e-01,-2.140106808980521080e+00,3.582550644297941705e-02,1.253300574462940797e-01,9.914680578761034813e-01,1.357687995171109885e-01
-9.984723731783258227e-01,-2.210915037811413825e-02,5.063699703971877991e-02,-1.860835347230167303e+00,2.743587504797174309e-02,-9.938760535258164275e-01,1.070404735990155287e-01,-2.138342222740127863e+00,4.796032485288890396e-02,1.082662260241272212e-01,9.929643656962207077e-01,1.651619199926801784e-01
-9.869959532755002707e-01,-1.415745181005748921e-01,7.612912742424381152e-02,-2.137930889004452606e+00,1.485246762477369920e-01,-9.843284728953289875e-01,9.506775474920781122e-02,-2.071296217622585534e+00,6.147689617483700908e-02,1.051385432281643911e-01,9.925555289073592080e-01,1.735702227875573211e-01
-9.563350788865698782e-01,-2.706726216309525701e-01,1.102703441113949689e-01,-2.389487133681891251e+00,2.760166280922490833e-01,-9.604711360527053987e-01,3.619416840060980800e-02,-1.910468515678385826e+00,9.611471223284891174e-02,6.505020145283027522e-02,9.932423840047014396e-01,1.725822611679914687e-01
-8.935969144787091478e-01,-4.401330829819830037e-01,8.813298870970910637e-02,-2.506971196691177628e+00,4.452812700157668391e-01,-8.939766840190277453e-01,5.030187872724492526e-02,-1.764305675269635110e+00,5.664931603538389537e-02,8.419357276609283625e-02,9.948378246214825138e-01,1.867698725422823058e-01
-6.592758684976550709e-01,-7.440258155066578061e-01,1.085399238820247414e-01,-2.653008459771376337e+00,7.514049722769826634e-01,-6.571835281093494352e-01,5.916399258988803284e-02,-1.501811652134457553e+00,2.731111228218779247e-02,1.205628310940058678e-01,9.923299385307831066e-01,1.363482447112051021e-01
-4.439309998056907847e-01,-8.872578976226864755e-01,1.252944153491702683e-01,-2.698903888698958031e+00,8.957747429930636995e-01,-4.358953502782915157e-01,8.707958096751286514e-02,-1.325583087686268424e+00,-2.264679286855978552e-02,1.508928981494377097e-01,9.882906738712208261e-01,1.969199901759495774e-01
-2.912697115688169247e-01,-9.486598265758300341e-01,1.233145918524421181e-01,-2.741078370481091042e+00,9.566408941195827520e-01,-2.887866376311793437e-01,3.795362464593705215e-02,-1.055540350137864181e+00,-3.934726226110063334e-04,1.290225227113248052e-01,9.916415853585914819e-01,1.628478214254313605e-01
-2.829563684648558342e-01,-9.555411712249958223e-01,8.292625422110914968e-02,-2.756463085360190135e+00,9.591193866487073283e-01,-2.823498065171091698e-01,1.919866959869988288e-02,-8.398799822359332978e-01,5.069092600215165632e-03,8.496856391462971614e-02,9.963707379517403595e-01,1.966399439638709945e-01
-1.545902532562511700e-01,-9.837487745168534969e-01,9.132470769051048709e-02,-2.770010357963997194e+00,9.879784665664331778e-01,-1.538689552503904046e-01,1.492964203168535391e-02,-5.677186538541598715e-01,-6.349796917598357539e-04,9.253482180640167087e-02,9.957092464942003396e-01,1.422575156687424514e-01
3.385533411948366683e-02,-9.923821472972202962e-01,1.184545907823607441e-01,-2.744962226263721661e+00,9.993678032703401382e-01,3.490190359257436259e-02,6.771330167030852575e-03,-3.558076035706355666e-01,-1.085403787880052408e-02,1.181504585322166873e-01,9.929363821566576931e-01,1.814568885769160533e-01
3.281665281146105007e-01,-9.343978441292486448e-01,1.385907598356216353e-01,-2.645855135976082018e+00,9.427113346016919859e-01,3.332811850817561372e-01,1.479835409762295627e-02,-1.426070446745899001e-01,-6.001724284487731237e-02,1.257947556820737389e-01,9.902391680822295594e-01,1.418484801741530799e-01
4.550255126704309538e-01,-8.846157501266860290e-01,1.020135160006357122e-01,-2.542979525039665845e+00,8.903197360505248348e-01,4.541117284182015212e-01,-3.336623610716479837e-02,-7.423398946927894926e-03,-1.680923609022303214e-02,1.060071353298171065e-01,9.942232831920748692e-01,7.985803219841902667e-02
6.945186002232744960e-01,-7.096932203188190957e-01,1.182347113897074670e-01,-2.298292059044680702e+00,7.163906058388699316e-01,6.973394751932544544e-01,-2.240884207215931498e-02,1.432959753315857232e-01,-6.654632829631804136e-02,1.002655941522367505e-01,9.927327922555884143e-01,9.006436540133955226e-02
8.463717868575116876e-01,-5.184801218671488687e-01,1.217914678466820305e-01,-2.147491702278736980e+00,5.273636931457451604e-01,8.478206329719666368e-01,-5.556716169371944680e-02,2.089916965128459370e-01,-7.444685059358771562e-02,1.112588762105808093e-01,9.909990559536645538e-01,8.010389855710423057e-02
9.730305498407956222e-01,-1.726628437400137550e-01,1.529676157496440703e-01,-1.935377862777251767e+00,1.856832791055036680e-01,9.797225064172837561e-01,-7.526971688577517583e-02,2.382583940619736329e-01,-1.368695325379135075e-01,1.016432624970711046e-01,9.853605321159378816e-01,7.169739601794104800e-02
9.875755123993167350e-01,-5.794205212734597488e-03,1.570383217408404808e-01,-1.773793223161403976e+00,2.232393561033571561e-02,9.943579378550049253e-01,-1.037011732026657945e-01,1.963406742278315797e-01,-1.555514358920952467e-01,1.059184526449303415e-01,9.821328994495657216e-01,4.019790815976527487e-02
9.893316788635050374e-01,1.252277931778764675e-01,7.443674504515621071e-02,-1.482841342055472023e+00,-1.218850236743541926e-01,9.913882926700422482e-01,-4.788835099146929175e-02,1.202066689931236554e-01,-7.979267009582188819e-02,3.830473825232410395e-02,9.960752365290486132e-01,5.698810335603716332e-02
9.724335403366307640e-01,2.099583821423500196e-01,1.014420395917448592e-01,-1.298326157223567145e+00,-2.043692675476720122e-01,9.768787519563201238e-01,-6.277823236036517152e-02,5.223269841677040393e-02,-1.122773891324260476e-01,4.031602342035842113e-02,9.928587040184392309e-01,2.590780475579867667e-02
9.342500392583523716e-01,3.551979635175254724e-01,3.180048519708153498e-02,-1.008044573943556177e+00,-3.518644140923593566e-01,9.326350351463292832e-01,-7.989571523584573787e-02,-7.316758752531542231e-02,-5.803704197499891942e-02,6.345311600393886697e-02,9.962958415190654726e-01,4.642909160804918611e-02
8.887846457393527855e-01,4.576768686906670935e-01,2.436672656470693227e-02,-8.346294380736976048e-01,-4.544459709588412610e-01,8.869183295351072971e-01,-8.279333435689414933e-02,-1.502047329356231420e-01,-5.950389043793122279e-02,6.251208363318482009e-02,9.962688022931301957e-01,5.688736925521914456e-02
8.447901140462262815e-01,5.350795244978158172e-01,-4.423310180762736118e-03,-5.704211882022807156e-01,-5.350579422494892157e-01,8.445974132662534828e-01,-1.918874513086376785e-02,-2.874789854077278717e-01,-6.531588283585789030e-03,1.857718943075625448e-02,9.998060943939816037e-01,3.480534193061089743e-02
8.292039056248696749e-01,5.588577061950587010e-01,9.947216839873169320e-03,-3.977172591430746529e-01,-5.589380805829022858e-01,8.289644323204128362e-01,2.015420606221193789e-02,-4.284297852113965743e-01,3.017444409276879083e-03,-2.227182466917540515e-02,9.997473985238181093e-01,8.165438633817981295e-02
7.526454980505918879e-01,6.576781497398709320e-01,3.137205155733587686e-02,-1.944237619333794298e-01,-6.582302592855557855e-01,7.527288442870793128e-01,1.149837984713735980e-02,-6.605438428557243169e-01,-1.605241492879646084e-02,-2.930423745772879965e-02,9.994416349352143181e-01,4.314913361933900293e-02
6.228060990181425449e-01,7.820186281635947978e-01,2.365223522064180059e-02,-6.293847362657126188e-02,-7.823247378791863271e-01,6.221336297404432836e-01,3.029440952130267595e-02,-8.062506360411838546e-01,8.975941625582762110e-03,-3.737127173526622048e-02,9.992611373013674525e-01,5.901449510788538827e-02
4.272364037927953717e-01,9.037779812998085749e-01,2.558155178721733397e-02,4.024445534989805340e-02,-9.029974773724093184e-01,4.279476363102062697e-01,-3.816250038419265883e-02,-1.058847571919406372e+00,-4.543799217906537707e-02,-6.795667307245401023e-03,9.989440463672545345e-01,8.114917022003764746e-02
3.230868933881053118e-01,9.459440384646077282e-01,2.836785882105671841e-02,6.593633599416728885e-02,-9.463657543241053016e-01,3.228583992904481836e-01,1.242228039360723443e-02,-1.245559249062174967e+00,2.591980592204965860e-03,-3.085984609291570271e-02,9.995203607409557378e-01,9.227823018824783674e-02
1.554559766410304744e-01,9.873937412931816926e-01,2.978319965410395134e-02,5.243446821233905403e-02,-9.877547868100680084e-01,1.557739624705170578e-01,-8.657583382894301280e-03,-1.532215272781156212e+00,-1.318789067216374553e-02,-2.807262494472221800e-02,9.995188878997389725e-01,7.861296445982608738e-02
-3.208832365326325098e-02,9.994787522497560195e-01,-3.544472653841703770e-03,2.990591491898141052e-03,-9.994644454717579451e-01,-3.206469693386392733e-02,6.532797897674798120e-03,-1.708556981393861474e+00,6.415740250032277506e-03,3.752200928763614433e-03,9.999723792511637788e-01,5.778460644450211792e-02
-4.047112549812168503e-01,9.143889791406513146e-01,-1.007943042268385006e-02,-1.009570783385505544e-01,-9.137131587202995675e-01,-4.039222458959392248e-01,4.444190423185915423e-02,-1.930151905390358635e+00,3.656588126795417421e-02,2.719584704504275641e-02,9.989611214810111273e-01,6.637987302856641902e-02
-5.840750903785284498e-01,8.116650659518895861e-01,-7.490628319998448789e-03,-2.029530266568308483e-01,-8.112764053492307337e-01,-5.834477250845220286e-01,3.767421156875470217e-02,-2.043696026008051447e+00,2.620845136488213212e-02,2.808153854421577625e-02,9.992619998128836611e-01,6.938273373670780786e-02
-7.399663188942299241e-01,6.703263234679891491e-01,5.578948797050879704e-02,-4.309088013839196263e-01,-6.681532372034021394e-01,-7.420616094467376023e-01,5.399832775125723572e-02,-2.175584492326716468e+00,7.759573774852505934e-02,2.681016823126378297e-03,9.969813005428213026e-01,9.637170245045373340e-02
-8.410524147035920439e-01,5.395423984556639851e-01,3.904914838977513458e-02,-5.879362266167988960e-01,-5.377768649556462499e-01,-8.417436707410209662e-01,4.757768684907791312e-02,-2.209314035028894452e+00,5.853955278044427335e-02,1.901559981018737314e-02,9.981039663903372716e-01,1.021758386487427589e-01
-9.684147015980346662e-01,2.480872799010006291e-01,2.501334204203715939e-02,-8.703651122085483971e-01,-2.457272076965670016e-01,-9.665760396342467642e-01,7.313616754126325836e-02,-2.242875184315182402e+00,4.232144995670500398e-02,6.467968117034754438e-02,9.970082415493182193e-01,9.467669137238704513e-02
-9.985472636279416614e-01,4.383618181489071924e-02,3.133291344643160392e-02,-1.055110666873198877e+00,-4.089624502094377223e-02,-9.951918384415311403e-01,8.899832494239809377e-02,-2.247646658384112595e+00,3.508360648987936259e-02,8.758763533317687200e-02,9.955388222929354436e-01,1.373364584277123324e-01
-9.944492998004580420e-01,-1.002681664553888990e-01,3.188863311672134743e-02,-1.330274034272959760e+00,1.017160116683344939e-01,-9.936746673772954841e-01,4.758685094549690991e-02,-2.221077679902073942e+00,2.691548061368383496e-02,5.056629518064603007e-02,9.983579551919428141e-01,1.073893102032662805e-01
-9.918933139497406737e-01,-1.017979964760079292e-01,7.605801506265870426e-02,-1.527834041140651022e+00,1.034059392096482316e-01,-9.944852662491976414e-01,1.750048426283132980e-02,-2.162486466349779146e+00,7.385706112465746653e-02,2.522346381316105737e-02,9.969498038493683767e-01,1.794992390623761647e-01
-9.873766818927771638e-01,-1.476325964053956386e-01,5.737512120258004417e-02,-1.816325818573704343e+00,1.479436054717080395e-01,-9.889950852111966118e-01,1.187867050678215533e-03,-2.105237756791369375e+00,5.656834498587231391e-02,9.661154522114566781e-03,9.983519842414591006e-01,1.447186813960801288e-01
-9.732224861907319280e-01,-2.172219245812070654e-01,7.518396008436190048e-02,-2.000555091966722099e+00,2.181168201365352721e-01,-9.759152534370447718e-01,3.804061308073860333e-03,-2.074399856526218056e+00,7.254684794156593397e-02,2.010108430273903346e-02,9.971624247150495668e-01,1.406535597695117157e-01
-9.097947789153784104e-01,-4.031087069371328546e-01,9.887785722693612223e-02,-2.245661211120499434e+00,4.067252146756215048e-01,-9.133581304212041729e-01,1.874900905521944064e-02,-1.979388428096142460e+00,8.275300602024693308e-02,5.727386825556702449e-02,9.949229337037398535e-01,2.387320249692108098e-01
-8.638296021922168277e-01,-4.871423222977836476e-01,1.284164171854934311e-01,-2.367902824011307139e+00,4.935689123404711776e-01,-8.694286294858806219e-01,2.199061166380731833e-02,-1.880127536107455422e+00,1.009363519624146832e-01,8.237849268241455303e-02,9.914764933148402237e-01,2.281790299857089643e-01
-7.859951937537602573e-01,-5.958245063515837936e-01,1.649385128673112877e-01,-2.549712612086639574e+00,6.030102276274719175e-01,-7.976931882045597000e-01,-8.015164920953740321e-03,-1.684617316957027100e+00,1.363459598691979524e-01,9.315972908364086869e-02,9.862712832199918012e-01,2.647383730134505453e-01
-6.535818140469709103e-01,-7.499141248165389628e-01,1.022722726241825919e-01,-2.629485575794993757e+00,7.533076152683908511e-01,-6.576205506578318705e-01,-7.927681321845675769e-03,-1.527757278674019892e+00,7.320142844043901753e-02,7.186109345908366086e-02,9.947248534751425009e-01,2.511522889389124491e-01
-3.675308137532657948e-01,-9.270857135952109696e-01,7.371011185394200915e-02,-2.693299790413198558e+00,9.294105335797777645e-01,-3.689863966123364536e-01,-6.715592750981064923e-03,-1.250212490035062629e+00,3.342395866463624549e-02,6.603876711979381198e-02,9.972570983575307357e-01,2.531780513810656941e-01
-1.340680916776532949e-01,-9.876266780854834337e-01,8.135902855703880387e-02,-2.686898562552165970e+00,9.909652423165543622e-01,-1.333086353681707525e-01,1.472060653537757280e-02,-1.046539107664355095e+00,-3.692602660119728101e-03,8.259753307520110999e-02,9.965761447152369223e-01,2.254765430670616910e-01
3.527337050623415710e-02,-9.958350581220775100e-01,8.407333910419237388e-02,-2.648050868913509159e+00,9.993776995019133524e-01,3.514366652215628745e-02,-3.022654734446807677e-03,-7.508162361580350552e-01,5.542016027870368128e-05,8.412763944375258041e-02,9.964549850395788555e-01,1.699779093290788579e-01
7.269908354413454066e-02,-9.934055529976436594e-01,8.865805392229743342e-02,-2.572875682725849877e+00,9.973290949195231514e-01,7.303668037976843164e-02,5.654609706401826467e-04,-4.634827888054171563e-01,-7.037022015652710447e-03,8.838014818130564276e-02,9.960619607878824500e-01,1.955409910136187979e-01
1.822432050890229194e-01,-9.754662762889569905e-01,1.235028664519034480e-01,-2.530320622595607638e+00,9.828411140257293788e-01,1.843614490444381582e-01,5.848135335234109534e-03,-2.245089417843419421e-01,-2.847382621890952314e-02,1.203179119216721549e-01,9.923269830510825784e-01,1.628458317309888215e-01
2.787014434971245014e-01,-9.544029208432416311e-01,1.069606005896956286e-01,-2.530582751636504479e+00,9.598987052738753301e-01,2.733119115558320655e-01,-6.241053288697332585e-02,-8.731302921392675165e-02,3.033118867038071820e-02,1.200652476263890517e-01,9.923025523026004491e-01,1.454799735291420204e-01
2.694344054401958677e-01,-9.554921530216441417e-01,1.201659131332636909e-01,-2.537136478647184390e+00,9.627454262396231144e-01,2.642800627356287624e-01,-5.724764357717782720e-02,5.136037615278962742e-02,2.294221915543007487e-02,1.311136680690264955e-01,9.911018417023089722e-01,1.619648130541599951e-01
2.493363875131490992e-01,-9.639746298762936760e-01,9.265138324253767432e-02,-2.534505381711939176e+00,9.684100172778610238e-01,2.478291609836927867e-01,-2.761784571636315827e-02,1.201556508866285511e-01,3.661188029434859614e-03,9.661066152853702016e-02,9.953155156940088899e-01,1.499088197198606420e-01
3.043192632479409521e-01,-9.486784328104872488e-01,8.601753970248507408e-02,-2.510016136655721208e+00,9.525604204499863448e-01,3.026659294758726748e-01,-3.196843015621056439e-02,1.376422160114495752e-01,4.293181614724726931e-03,9.166551289740371145e-02,9.957805994981415720e-01,1.536618973181284875e-01
4.609047346679516211e-01,-8.827076558617552582e-01,9.161888366330601940e-02,-2.434045074379925122e+00,8.872992036965617890e-01,4.602649436822080498e-01,-2.926268505558518238e-02,1.702005576714078205e-01,-1.633856419988207603e-02,9.478067260923554727e-02,9.953640918878008392e-01,1.479286192494256302e-01
7.524566634569480605e-01,-6.582989502088651967e-01,2.124762982413930593e-02,-2.287413527914729183e+00,6.585839008209594114e-01,7.524265511942122009e-01,-1.102409349712811341e-02,1.294163785514322318e-01,-8.730131653464775696e-03,2.228849954326773616e-02,9.997134627429111742e-01,1.209690287934472031e-01
8.560840368824934599e-01,-5.164538443758612818e-01,1.988839924095602354e-02,-2.141055548541363152e+00,5.167914386770273705e-01,8.558841043003680982e-01,-1.972330895377355856e-02,9.437674304676849091e-02,-6.835986037324713258e-03,2.716296440654368538e-02,9.996076443582978532e-01,1.356667706820947061e-01
9.500621740826006301e-01,-3.030506185168417299e-01,7.444587291450269206e-02,-1.874563767886303856e+00,3.045068905056159125e-01,9.524696248495871931e-01,-8.784496200040453964e-03,7.445752301241809201e-02,-6.824528563969535500e-02,3.101509883020203695e-02,9.971863640426036346e-01,1.223363558566185338e-01
9.833696798633152492e-01,-1.533781513914813655e-01,9.725849783567984408e-02,-1.703084270585437654e+00,1.571339636721322541e-01,9.870533443786109196e-01,-3.216539773864501156e-02,6.299054638677617501e-02,-9.106585631402254466e-02,4.691309014264517796e-02,9.947392481384560448e-01,6.335879817395394242e-02
9.992701519568120139e-01,2.559275333516448231e-02,2.835796863203673621e-02,-1.404954874675534704e+00,-2.494004975387442355e-02,9.994211899786912268e-01,-2.313609603740567067e-02,4.847269456809313870e-02,-2.893367115463255784e-02,2.241196105438372430e-02,9.993300489203812420e-01,8.312462530410505424e-02
9.922646610450991389e-01,9.781106361814109751e-02,7.644500163478749888e-02,-1.091432294328723795e+00,-9.753714332256122055e-02,9.952049827730509168e-01,-7.317645534364894573e-03,4.182886129130431591e-02,-7.679419322793124003e-02,-1.951860149411326116e-04,9.970469466323488295e-01,2.265806735483880813e-02
9.957839306801286039e-01,8.224282130954178871e-02,4.062612142796614284e-02,-8.773051346480593704e-01,-8.255044487392182440e-02,9.965691216717988965e-01,5.950611852404929375e-03,4.360567379903611263e-03,-3.999734304114024169e-02,-9.279228057720308176e-03,9.991566986595752375e-01,2.786558798321723401e-02
9.908985222829190809e-01,1.264829870706117854e-01,4.606704374303549621e-02,-5.643118763627110734e-01,-1.267159538344710679e-01,9.919366907926510102e-01,2.160671920060845078e-03,-7.832683666462378347e-02,-4.542230268653796310e-02,-7.978436000959727298e-03,9.989360134551312775e-01,-1.223267319722935037e-02
9.596894523198898908e-01,2.808256820670586573e-01,1.153652449920790531e-02,-4.122213272740808954e-01,-2.807291146999019160e-01,9.597418899668920256e-01,-9.309608079215415943e-03,-1.437405851611370800e-01,-1.368646286514174637e-02,5.695694369478501891e-03,9.998901138624632923e-01,1.934305793416701835e-02
8.223188653457816910e-01,5.680172457101019257e-01,3.388351033077169339e-02,-2.400989446080572798e-01,-5.677077551828696445e-01,8.230090139735610766e-01,-1.908055616314058636e-02,-2.848533768845329384e-01,-3.872451938569525937e-02,-3.545630293357902776e-03,9.992436340073269641e-01,3.086992093137329307e-02
7.163481413312207113e-01,6.976434462637021161e-01,1.178822703421345680e-02,-1.631117580053260963e-01,-6.971728286275660214e-01,7.163434573816901407e-01,-2.832133630120856060e-02,-4.259686007366265681e-01,-2.820261397005703607e-02,1.206950503344049117e-02,9.995293590553020469e-01,3.168363805647981396e-02
5.529916758969942725e-01,8.328362261826396384e-01,2.416664532972245122e-02,-8.330675061112029212e-02,-8.330717976993874396e-01,5.531645838843557428e-01,-5.683431706552115499e-04,-7.105383798225926029e-01,-1.384146908912170688e-02,-1.981826162677024009e-02,9.997077824242177613e-01,6.735940569397405597e-02
4.106988554848675088e-01,9.109691332502745098e-01,3.823203327922018724e-02,-6.346058956372271909e-02,-9.100120194815850549e-01,4.121493965678793558e-01,-4.484416693151412753e-02,-8.882351803240554622e-01,-5.660896132652550039e-02,-1.637416177936519210e-02,9.982621460936774715e-01,5.576192842958513363e-02
2.007270410123317972e-01,9.796469588253809979e-01,7.007643083654235697e-04,-3.168280362632237140e-02,-9.796462970325034991e-01,2.007277790003247631e-01,-1.221248583235512051e-03,-1.163067968045458311e+00,-1.337055323757169048e-03,-4.413635453293956361e-04,9.999990087401494643e-01,7.228561565454399984e-02
3.786728325508986748e-02,9.992172346427802276e-01,-1.144494874229330314e-02,-2.510666473642018948e-02,-9.991647851105560640e-01,3.803632748543381986e-02,1.493217955954463314e-02,-1.320561950161692977e+00,1.535581498509369300e-02,1.086994867769766789e-02,9.998230059174909590e-01,4.798834687844340252e-02
-8.485297331877993121e-02,9.961140836700660417e-01,2.359460177894501937e-02,-3.008695429134504440e-02,-9.953378923247243604e-01,-8.582902844268854026e-02,4.399838609723242394e-02,-1.570848066698429690e+00,4.585251379738558564e-02,-1.975120732331845166e-02,9.987529408155608746e-01,5.645550015066857358e-02
-1.260282004880287909e-01,9.906751061872921538e-01,5.176607636808754076e-02,-7.277268028013972323e-02,-9.889271153177818796e-01,-1.295850428439773716e-01,7.232480390831733108e-02,-1.769227487515574904e+00,7.835849201587069546e-02,-4.207791168679796134e-02,9.960368447387255575e-01,7.661626040579216923e-02
-3.283720711989746022e-01,9.427790226585096578e-01,5.778838370780874090e-02,-1.928140926485023277e-01,-9.419593445838648771e-01,-3.313853665254067327e-01,5.381758080737916727e-02,-1.986756268137466419e+00,6.988831095134946658e-02,-3.676211756533104280e-02,9.968772094418045793e-01,9.398237045623614172e-02
-5.705061743606520963e-01,8.181029478304032709e-01,7.232061785948616650e-02,-2.877331913500399407e-01,-8.178045268440607973e-01,-5.739837985929002739e-01,4.169358255448894768e-02,-2.109223227480356400e+00,7.562050574901120481e-02,-3.535768239109556704e-02,9.965095952404038337e-01,6.890969336411960355e-02
-8.779398414237340464e-01,4.783787416463675668e-01,1.937561306660458976e-02,-4.420369593188114288e-01,-4.785532565050592546e-01,-8.780420172523160094e-01,-5.384851705248985473e-03,-2.192479410675020279e+00,1.443660379979263414e-02,-1.399983858200203740e-02,9.997977740475345598e-01,8.683579570021460192e-02
-9.606675152452549549e-01,2.699296302598505615e-01,6.523741150818616885e-02,-6.997271045111609356e-01,-2.697241251547812246e-01,-9.628615580591677325e-01,1.210439264733940458e-02,-2.200337924390369793e+00,6.608192992033561086e-02,-5.967806938335293993e-03,9.977963538810662447e-01,7.938290602087048897e-02
-9.841996819045465417e-01,1.749136138189984480e-01,2.749934253337683876e-02,-8.970132095999217015e-01,-1.744072752286303929e-01,-9.844732623759461232e-01,1.986197407579285215e-02,-2.182299300583773860e+00,3.054649712020332183e-02,1.475206316556682516e-02,9.994244784605007537e-01,6.418345428435584532e-02
-9.998112313974231169e-01,1.796253313667822704e-02,7.406009376341623519e-03,-1.172595317689184569e+00,-1.780280316512024633e-02,-9.996189137110953471e-01,2.109709815388215864e-02,-2.148379383672263554e+00,7.782144372389671570e-03,2.096126795697936251e-02,9.997500004874230184e-01,9.585582830317396219e-02
-9.911603332753675666e-01,-1.246434706395128100e-01,4.544446026084495577e-02,-1.461988351106728423e+00,1.256425156057648096e-01,-9.918775272426774148e-01,1.982244241277916069e-02,-2.129774960254138261e+00,4.260460085152428106e-02,2.535697493570092734e-02,9.987701796751802252e-01,1.536333803628925077e-01
-9.857630126307754814e-01,-1.647180876852119280e-01,3.375254832489727602e-02,-1.646764591119290078e+00,1.658404345805215563e-01,-9.855770865166174621e-01,3.368615133197749162e-02,-2.098688445095563626e+00,2.771701981168555803e-02,3.880409930334752927e-02,9.988623572294702546e-01,1.612991229033999274e-01
-9.902158932684442805e-01,-1.074736998525288867e-01,8.900499176217981090e-02,-1.967858889858630222e+00,1.058324022244669371e-01,-9.941185856999853465e-01,-2.297259683319731113e-02,-2.043554128284575722e+00,9.095046650774114838e-02,-1.332821840571970021e-02,9.957662231850169521e-01,1.892551646843843860e-01
-9.890912609262414446e-01,-1.240118560172892015e-01,7.949551639234248013e-02,-2.156692825684274784e+00,1.259316335980942003e-01,-9.918454893476954526e-01,1.958951045705250096e-02,-1.991801607753020731e+00,7.641793780686138848e-02,2.938681384190579282e-02,9.966427213167049493e-01,2.333868008514288772e-01
-9.565137683081826880e-01,-2.708079871522967030e-01,1.083717912161739072e-01,-2.410331953674199390e+00,2.725081785009041413e-01,-9.621530317264751497e-01,9.144340723751843980e-04,-1.921638051635574662e+00,1.040226114217467357e-01,3.040686820563698323e-02,9.941100133682009288e-01,2.600253268545257845e-01
-8.380499444704286871e-01,-5.355013642052519618e-01,1.044537194523294243e-01,-2.593523474554466191e+00,5.386939071656360323e-01,-8.424968499100359276e-01,2.816429350823134500e-03,-1.814923555494751373e+00,8.649372784042047568e-02,5.862889071082086345e-02,9.945257604598711776e-01,2.983570042400962574e-01
-7.258325519741136711e-01,-6.795008552266341706e-01,1.069845514128962560e-01,-2.680690357839029314e+00,6.838547202110415446e-01,-7.295964609591593097e-01,5.632566106895210006e-03,-1.698216446971476001e+00,7.422821660139626576e-02,7.725019030490068439e-02,9.942447284034408028e-01,2.758465349073515593e-01
-5.437068574407882826e-01,-8.315300770584775902e-01,1.137566882384729722e-01,-2.757620296548210614e+00,8.386903601576151113e-01,-5.433731041988032473e-01,3.666264327686803021e-02,-1.434091270602446011e+00,3.132623422233279942e-02,1.153403683906009947e-01,9.928319427118402762e-01,2.634027770469282714e-01
-3.980048396821432855e-01,-9.111331399154106725e-01,1.069043915724527394e-01,-2.782165657878187925e+00,9.164634486303805394e-01,-3.896796458480750180e-01,9.079934436012861154e-02,-1.253217303012183592e+00,-4.107182628154743692e-02,1.341125458695192896e-01,9.901146045414607189e-01,2.350489622283569446e-01
-1.585752031079034619e-01,-9.782661855301580944e-01,1.336008054150928381e-01,-2.795909102130936130e+00,9.872291815898306400e-01,-1.591874922291705574e-01,6.155106437866113625e-03,-9.830485210169190857e-01,1.524624467732240904e-02,1.328706610432196233e-01,9.910161146304209412e-01,2.240805180515769157e-01
3.295475276609755727e-02,-9.913282957557412178e-01,1.272092540035629216e-01,-2.788307683490388378e+00,9.991569437599003844e-01,3.579469360604903977e-02,2.010327451000498700e-02,-7.870030461894850227e-01,-2.448236113002486003e-02,1.264395110069105044e-01,9.916721555281416967e-01,2.719234693235093037e-01
1.643929943351978562e-01,-9.811766423923987679e-01,1.013278828214932009e-01,-2.758194341558233731e+00,9.863936282102113706e-01,1.636895195745586284e-01,-1.527584392908787510e-02,-5.081538523938593510e-01,-1.598011202504848486e-03,1.024604196996516392e-01,9.947357984687020815e-01,2.201012056884248946e-01
1.850225420585835390e-01,-9.801075340797423818e-01,7.180446065744192086e-02,-2.711475409745511378e+00,9.822040522753069380e-01,1.820285891705423209e-01,-4.626869804250615531e-02,-3.255324253481847174e-01,3.227783487389480899e-02,7.908738435874770878e-02,9.963449839343517800e-01,1.867998543194652195e-01
3.915322902259679716e-01,-9.185109392603345579e-01,5.513728474912599903e-02,-2.610072516989422997e+00,9.200332597256399847e-01,3.897615708218254427e-01,-4.030780208739630222e-02,-1.178825306770638348e-01,1.553276244014421652e-02,6.650994188541242691e-02,9.976648540072839966e-01,2.014050167969771432e-01
6.152190829771240210e-01,-7.874742373744990642e-01,3.728009404813314998e-02,-2.516484295319626252e+00,7.882554478392633790e-01,6.136963393468480854e-01,-4.505720834673678649e-02,-1.031575798264046384e-02,1.260273353322474178e-02,5.710629162998952235e-02,9.982885567629027346e-01,1.638652219350990313e-01
8.854906998212014324e-01,-4.546743409232701372e-01,9.579908264774159021e-02,-2.322686590979595511e+00,4.564959836069388266e-01,8.897195986804776746e-01,3.233059631956536947e-03,1.328400538189219438e-01,-8.670431062463206107e-02,4.086905222585816150e-02,9.953954405608183009e-01,1.577278199964970984e-01
9.648640416221484495e-01,-2.498117783104269740e-01,8.143375591212144438e-02,-2.201958010969728541e+00,2.506846016633765273e-01,9.680686801740729930e-01,-5.108374529019678702e-04,1.520548031670933831e-01,-7.870585539492801208e-02,2.090707735220155572e-02,9.966786254571429193e-01,1.237938806367186589e-01
9.924917980997381983e-01,-1.026233060131184482e-01,6.654688398179063602e-02,-1.938272962637101360e+00,1.017622482234550457e-01,9.946766507349726893e-01,1.621127136179018741e-02,1.364088557004070890e-01,-6.785628593767900618e-02,-9.317593337093662761e-03,9.976515959557957780e-01,1.021943454805744889e-01
9.916275600370672016e-01,-1.446794325145693734e-03,1.291227670130749572e-01,-1.758569475298585427e+00,-1.917601966390311693e-04,9.999196307741383682e-01,1.267656185795463554e-02,1.205848762029844423e-01,-1.291307298940073400e-01,-1.259518871205568373e-02,9.915475862601585977e-01,5.696869604362883588e-02
9.912417953902648016e-01,1.137763431026651562e-01,6.704212721616593929e-02,-1.475627986552031423e+00,-1.158414884940905804e-01,9.928798864876265950e-01,2.775392858303068686e-02,1.282565562738429421e-01,-6.340703915936601875e-02,-3.527711380630751958e-02,9.973640622293032942e-01,5.080665872659406723e-02
9.734478786455854626e-01,2.227531710005831722e-01,5.272809848263243504e-02,-1.191884206302517679e+00,-2.232558190320735048e-01,9.747526059820148525e-01,3.767810981171445649e-03,1.095220302308558546e-01,-5.055755956063543582e-02,-1.543962241950298971e-02,9.986017981311741121e-01,4.436139492729403166e-02
9.819173220523580436e-01,1.879644501863600159e-01,2.253304505975767952e-02,-9.950660594993687713e-01,-1.886328063535608612e-01,9.815086387906137855e-01,3.253392608612346720e-02,5.261091217559721311e-02,-1.600115685522840100e-02,-3.619609710364917604e-02,9.992165959058906255e-01,2.079930352243472558e-02
9.849620206735297812e-01,1.717755621478447015e-01,1.851955937674546263e-02,-6.810661946057416927e-01,-1.722872577630806534e-01,9.845608697176577717e-01,3.093532985581272376e-02,-4.201758268960964493e-02,-1.291969981054503711e-02,-3.366080910498363971e-02,9.993498042663547798e-01,5.567981668379100302e-02
9.669452569963132849e-01,2.548329312882878228e-01,8.777647939629837012e-03,-3.953959232969672111e-01,-2.547954659579473868e-01,9.669811523177908041e-01,-5.169292933355201097e-03,-1.335443323911058300e-01,-9.805126190197820113e-03,2.761918387139387747e-03,9.999481143075451550e-01,1.948724269417641958e-02
9.244974974618420660e-01,3.811868054975280362e-01,9.982491575685537889e-04,-2.081808682265074983e-01,-3.811150344325209827e-01,9.243683675431016988e-01,-1.715959251265636309e-02,-2.181905514451137340e-01,-7.463760197721619298e-03,1.548355257335660984e-02,9.998522650288977909e-01,3.683180726242204356e-02
8.382114209064125410e-01,5.451671597554502702e-01,1.394208686774443644e-02,-3.719918119724607841e-02,-5.446717465289165894e-01,8.381726960558167905e-01,-2.827048141902875969e-02,-3.703328762632541737e-01,-2.709801459871276005e-02,1.610277959544002824e-02,9.995030755801138644e-01,4.266900441415087675e-02
7.604028932624571357e-01,6.494366079517976953e-01,-4.419521483902811090e-03,6.219637664181566772e-02,-6.493474822785336720e-01,7.603852047972862183e-01,1.273528892169450803e-02,-5.306485324768454026e-01,1.163130158723495351e-02,-6.814145394141776259e-03,9.999091359948325541e-01,-6.884891366003391411e-03
5.930432423109389672e-01,8.047733650472902456e-01,2.528920045768800681e-02,1.548370886965635129e-01,-8.046465214550734268e-01,5.934978822020232636e-01,-1.744245773862945076e-02,-8.118760121599966073e-01,-2.904631232323205345e-02,-1.000473548747046401e-02,9.995279971107589034e-01,1.462141235350342128e-02
4.444230194061188910e-01,8.958108737114668374e-01,-3.325411590439180960e-03,1.895693760326733479e-01,-8.958034788403972382e-01,4.443927963355887578e-01,-7.153311294661047169e-03,-9.755053374233416674e-01,-4.930225085158189413e-03,6.158011475616675945e-03,9.999688854035780894e-01,1.605286083894381585e-02
1.512906207983315821e-01,9.884281347376274729e-01,1.099865980695327247e-02,2.274333707529767601e-01,-9.882975293747561230e-01,1.510327244080882370e-01,2.138012136597778820e-02,-1.243178365549149955e+00,1.947155592675580901e-02,-1.410456014784781942e-02,9.997109181622583218e-01,6.650089607739413655e-02
1.874620452709275381e-02,9.989285681867988709e-01,4.231188339106933816e-02,2.319439481426137095e-01,-9.997830005454121371e-01,1.834411173461928876e-02,9.871442907724944926e-03,-1.386630882550581090e+00,9.084692413123636109e-03,-4.248775382317660637e-02,9.990556837027746440e-01,5.183645872494392626e-02
-1.089390469596488928e-02,9.958898906494643155e-01,8.991467367828473445e-02,2.037354803376019985e-01,-9.975548921984256356e-01,-1.703170633522903960e-02,6.778021857664928707e-02,-1.622571456089578312e+00,6.903303478381268843e-02,-8.895643136675221441e-02,9.936403742939532435e-01,4.938523741818765661e-02
-1.581704934649075939e-02,9.977178298923240485e-01,6.564261470204660331e-02,1.456133010853061793e-01,-9.976161763395899884e-01,-2.015757921775682832e-02,6.599724771273519919e-02,-1.816861623116134528e+00,6.716982697273365943e-02,-6.444225256018375203e-02,9.956582799482062152e-01,6.926415589851526999e-02
-2.196939907192315411e-01,9.742494888572076350e-01,5.071965992913365223e-02,4.996196099379746070e-02,-9.731627696141033068e-01,-2.225049137624441342e-01,5.870082783551872768e-02,-2.050005647810801968e+00,6.847462507284159117e-02,-3.646226560481344997e-02,9.969863233305138461e-01,6.563907532286833435e-02
-4.717485349954076979e-01,8.802414297262363130e-01,5.126738849597257258e-02,-5.455527401854579073e-02,-8.789342345678153867e-01,-4.740846195950307318e-01,5.213813161327868900e-02,-2.174141811388852208e+00,7.019922388727105333e-02,-2.046457566003641315e-02,9.973230520291193058e-01,1.136504322753440349e-01
-7.809076014625701001e-01,6.246268677353001841e-01,4.959241994773308515e-03,-2.531450193086808298e-01,-6.243709157987337166e-01,-7.807742396439597554e-01,2.350630156037480933e-02,-2.257206325387218993e+00,1.855471591337794560e-02,1.525984310482414799e-02,9.997113882045097766e-01,1.053784474921090897e-01
-8.709056442397453690e-01,4.872719626257280834e-01,6.394836409341615735e-02,-4.067592384063621891e-01,-4.837338422062347210e-01,-8.729110261158383732e-01,6.346582064219989661e-02,-2.268674876133153440e+00,8.674634710319036046e-02,2.433875354788796186e-02,9.959330782437070262e-01,7.862906235682096123e-02
-9.577709953958839506e-01,2.851888506885463248e-01,3.663386167635895169e-02,-6.531591638775708919e-01,-2.833092818547710001e-01,-9.577694317785333533e-01,4.912806087725663656e-02,-2.278064975842988726e+00,4.909756809976147801e-02,3.667471872518356102e-02,9.981204305158349888e-01,1.090365995557108780e-01
-9.893712162628328644e-01,1.421143726337036894e-01,3.079125722555638156e-02,-8.235109936925901764e-01,-1.408552705181117526e-01,-9.892297229671264125e-01,3.980386872719554603e-02,-2.268575966611292571e+00,3.611632868760637077e-02,3.504369114849326117e-02,9.987329725771626476e-01,1.211520173056775812e-01
-9.965579343554803460e-01,-2.336696985991251752e-02,7.953784126252609610e-02,-1.093873653919017030e+00,2.743791766935852958e-02,-9.983480785860237017e-01,5.048043836541063478e-02,-2.262170174103120157e+00,7.822687611752331127e-02,5.248903412295263110e-02,9.955528399586488497e-01,1.484812175654283417e-01
-9.952119795097317256e-01,-9.005364307348374953e-02,3.799285734863226682e-02,-1.293753643808126519e+00,9.162489707191882882e-02,-9.949130766260432246e-01,4.186702992882439939e-02,-2.263207385321477361e+00,3.402931202478483991e-02,4.514766137569521665e-02,9.984005682066808829e-01,1.563643496368672670e-01
-9.932392497576945090e-01,-8.139712508037456884e-02,8.276654378080991470e-02,-1.602481227559191090e+00,8.040360901136264782e-02,-9.966453791512999150e-01,-1.527245475715602839e-02,-2.241911917136264254e+00,8.373202731762049988e-02,-8.514472679581719383e-03,9.964519312823212349e-01,1.636276167311481455e-01
-9.938066668053134878e-01,-6.656585768309122852e-02,8.897918635403340160e-02,-1.774173156592669498e+00,6.804785718157348173e-02,-9.975876630501594455e-01,1.372383558330884240e-02,-2.176566813717231152e+00,8.785099968872008003e-02,1.969368226198437571e-02,9.959389342387687805e-01,2.106697427203766959e-01
-9.854148606780633868e-01,-1.351747120283295911e-01,1.033699646071806338e-01,-2.039044459561782929e+00,1.367256351324089292e-01,-9.905763657365158625e-01,8.035193953836760813e-03,-2.141687974290899188e+00,1.013096888380915356e-01,2.205132359507285672e-02,9.946105197891446092e-01,2.446544126539672570e-01
-9.707495052398208424e-01,-2.170392545627500558e-01,1.026613854157810840e-01,-2.221666797264340243e+00,2.188818242233412092e-01,-9.757269785294350184e-01,6.900028585590288824e-03,-2.119863759918772850e+00,9.867190634270761596e-02,2.916891065270425104e-02,9.946924296233627949e-01,2.870316166244424871e-01
-9.581892949318104868e-01,-2.535960372626526738e-01,1.325229224049863097e-01,-2.457276476149272693e+00,2.559842774202908400e-01,-9.666804078129571653e-01,1.019246872280547616e-03,-2.045700749372381999e+00,1.278488357072142256e-01,3.490041597537781037e-02,9.911794167420212576e-01,2.804554984312757626e-01
-9.471455497545072655e-01,-2.828397979397528905e-01,1.513834742685964962e-01,-2.604039560406570697e+00,2.845074397221932783e-01,-9.586108639237276297e-01,-1.098764352021384949e-02,-1.965367966603870364e+00,1.482255859254858754e-01,3.266282701794958471e-02,9.884140404750632047e-01,2.827839978021172151e-01
-8.625902132052715165e-01,-4.897697662873429780e-01,1.267426530940737039e-01,-2.800100200779018778e+00,4.916010549896921433e-01,-8.706224006243840075e-01,-1.857520562621957361e-02,-1.783744039799016079e+00,1.194425670165587122e-01,4.628403139178684927e-02,9.917616959847849190e-01,3.066879977591945861e-01
-7.176543813448507114e-01,-6.861077255908850647e-01,1.192827641406806471e-01,-2.876175228455929211e+00,6.876339123469382697e-01,-7.252398650277087633e-01,-3.444910398013564107e-02,-1.655945869418501859e+00,1.101444121459738273e-01,5.730032337686474797e-02,9.922625063026025982e-01,2.921527559690909048e-01
-3.933763004922019024e-01,-9.161770456523986583e-01,7.664663874371942243e-02,-2.951761443992332534e+00,9.191954876003053387e-01,-3.935883146019265033e-01,1.295739881503120937e-02,-1.438576354158859205e+00,1.829594999734786634e-02,7.555037808281669931e-02,9.969741213217301334e-01,2.993943043331950826e-01
-2.233285292440136960e-01,-9.715248837911469870e-01,7.914397134528163014e-02,-2.956321392683788574e+00,9.746674037182778694e-01,-2.215610860787063097e-01,3.056365921639075944e-02,-1.294113567618173199e+00,-1.215813122059384785e-02,8.396478613217121800e-02,9.963945476240823051e-01,2.808204456225104617e-01
-1.263491029980407521e-01,-9.901749370897607871e-01,5.991242050591175095e-02,-2.942389462202538386e+00,9.919720944596704948e-01,-1.257987706149699403e-01,1.288538416410551536e-02,-1.010042537875617485e+00,-5.221875609859973240e-03,6.105950598431767601e-02,9.981204680518600547e-01,2.457759657083565807e-01
-7.694066692867956858e-02,-9.941936391636420067e-01,7.522726646052221855e-02,-2.912704186065502299e+00,9.962096314774415706e-01,-7.358710030726504925e-02,4.638220369870604126e-02,-8.311667294107041304e-01,-4.057713548477429738e-02,7.851080508389243762e-02,9.960871194634168813e-01,2.323518508572652297e-01
3.735795704594592481e-02,-9.950148420333002619e-01,9.246538367842470352e-02,-2.882018143002329502e+00,9.981302171239324617e-01,4.163363447533972167e-02,4.475164962887004383e-02,-6.109700313619499390e-01,-4.837822557188950490e-02,9.062066328282318561e-02,9.947097278486295435e-01,2.211413714045470380e-01
1.208181583422537758e-01,-9.881340801412780150e-01,9.483676648924174724e-02,-2.884608534219031739e+00,9.924739622214321377e-01,1.221622067944464346e-01,8.475231182805353924e-03,-4.876875103124451716e-01,-1.996013344838161799e-02,9.309905957881507710e-02,9.954567585677748243e-01,2.144491371944600155e-01
1.551272195663204456e-01,-9.836891796294986445e-01,9.105571717067083293e-02,-2.867996587916723517e+00,9.872415437384605141e-01,1.577154042150838709e-01,2.190857343995518056e-02,-3.543543731444324107e-01,-3.591211587366903435e-02,8.649537070338089717e-02,9.956047763949101848e-01,2.137663639728717424e-01
1.449070097709125593e-01,-9.839035190157929822e-01,1.045744891815900413e-01,-2.856965092042670573e+00,9.883122768299471561e-01,1.489868311208804030e-01,3.227642513916505196e-02,-3.000693818022224235e-01,-4.733711003492438452e-02,9.867517124837477116e-02,9.939931632524660055e-01,2.116161171989345002e-01
1.764159738280874912e-01,-9.791390191373006147e-01,1.008175846820930921e-01,-2.857189064172438453e+00,9.831041088501195624e-01,1.803525255976616559e-01,3.129341260644057793e-02,-2.497223677030399880e-01,-4.882330734700088271e-02,9.359352388594117944e-02,9.944126592850224267e-01,2.120538167018655995e-01
2.208754592926742699e-01,-9.726752276672888664e-01,7.153274050836042064e-02,-2.849640771248991289e+00,9.749125549275947655e-01,2.222651460949815194e-01,1.198812228523925619e-02,-2.130731423078477405e-01,-2.755978459276372736e-02,6.709028479416928592e-02,9.973662075483786804e-01,1.958847870453587769e-01
2.963333537828260478e-01,-9.518121578527668492e-01,7.899468083029838328e-02,-2.779083234138055580e+00,9.543633351506060070e-01,2.983087293682974428e-01,1.423118065669610674e-02,-8.736860345711780496e-02,-3.711021363498318709e-02,7.117245356407310430e-02,9.967734516416624224e-01,1.383511996809850542e-01
4.161566592367304529e-01,-9.062245956903509647e-01,7.463656703508270152e-02,-2.674016307860331398e+00,9.091501817976935795e-01,4.161416515498259083e-01,-1.649462890166912901e-02,2.655594644198180920e-02,-1.611154586451132159e-02,7.472019814776932611e-02,9.970743753996547110e-01,1.562566408609027957e-01
6.169018401330377266e-01,-7.826135203893370695e-01,8.335584769096446300e-02,-2.505109135264436127e+00,7.857929371272271979e-01,6.184201025530066120e-01,-9.275598055867933026e-03,1.519685320062429956e-01,-4.428972342921989880e-02,7.122256989281199047e-02,9.964766760624276243e-01,1.178918538920471770e-01
7.628851052988324666e-01,-6.413673530587459259e-01,8.157349167226994602e-02,-2.379787912448869225e+00,6.428836388753692566e-01,7.659042280970091987e-01,9.557209293922893506e-03,2.246077957154969940e-01,-6.860716419989962289e-02,4.515121054348104207e-02,9.966215054908778015e-01,1.223704276174388816e-01
9.371969665826642704e-01,-3.346693347996800294e-01,9.827655963143362705e-02,-2.178939363636726245e+00,3.372754283361573679e-01,9.413448949581414427e-01,-1.072726325334680611e-02,2.913895759788030504e-01,-8.892205164588085076e-02,4.319982732586580970e-02,9.951013233083856324e-01,1.215123427755971236e-01
9.799764050734122156e-01,-1.501281237249947331e-01,1.307967582404195583e-01,-2.059584048191327010e+00,1.549144407260306111e-01,9.875544025181954844e-01,-2.716280768754528868e-02,2.833909486272371270e-01,-1.250910130822003863e-01,4.688121728093331414e-02,9.910370275183083555e-01,1.365284475940284070e-01
9.949245797290706683e-01,-3.636637769295804345e-02,9.382199755080719572e-02,-1.884550089355893299e+00,3.403372957455780279e-02,9.990734089028673326e-01,2.634442776849268281e-02,2.671984783224180537e-01,-9.469311433349528184e-02,-2.301760623298163694e-02,9.952403749351834694e-01,9.001015054514766023e-02
9.986569564400950005e-01,2.610377519190380888e-03,5.174426811746186267e-02,-1.770980166859037253e+00,-5.428324151505076710e-03,9.985048147571545796e-01,5.439364120635797883e-02,2.387320275462355978e-01,-5.152491291317885108e-02,-5.460147283716015876e-02,9.971779492714927251e-01,9.971943968698813998e-02
9.960359331144638118e-01,3.747913304285546005e-02,8.067053074793426037e-02,-1.639856420172700391e+00,-4.064876947285120390e-02,9.984501146509838776e-01,3.801376189986211546e-02,2.142242469669445870e-01,-7.912077783452635404e-02,-4.114223061274574489e-02,9.960156722537374385e-01,6.887398716003179100e-02
9.919067384167276069e-01,8.526685976432393788e-02,9.407754731825737626e-02,-1.591780509151955014e+00,-8.624799547988785953e-02,9.962531081786701881e-01,6.405288443108411375e-03,2.049986313252253334e-01,-9.317889009421126412e-02,-1.446744864408621399e-02,9.955442669065696082e-01,6.751963889529757901e-02
9.872670930528335553e-01,1.265840411938324306e-01,9.633362595710896759e-02,-1.547352564879254766e+00,-1.282622401644277210e-01,9.916746808963748938e-01,1.140723529498199884e-02,2.114662981421576715e-01,-9.408764383811901721e-02,-2.361795469786761095e-02,9.952837321552473471e-01,6.582268148903293314e-02
9.879360603679601116e-01,1.228779273973871905e-01,9.425155480497382499e-02,-1.530603030499975148e+00,-1.253647993321871379e-01,9.918902954064217070e-01,2.091193360168906376e-02,2.191096295628221780e-01,-9.091758747917268180e-02,-3.247548055200143169e-02,9.953287574715606878e-01,6.108271828649988744e-02
9.888228969251171563e-01,1.090207524671163303e-01,1.017042479354778317e-01,-1.520996342642955801e+00,-1.113002877071105068e-01,9.936414470828290879e-01,1.699766441177870402e-02,2.257137938739437188e-01,-9.920445792872335800e-02,-2.812739182087016163e-02,9.946694553249439963e-01,7.458181151148587928e-02
9.897215110745229971e-01,1.036758327162149024e-01,9.850204174006038649e-02,-1.519501717453898504e+00,-1.068899646438061651e-01,9.938787958832884240e-01,2.791907147507154824e-02,2.266293476136546359e-01,-9.500455765281504150e-02,-3.816098536704339017e-02,9.947451297799886349e-01,8.267131873088907901e-02
9.906768021641055855e-01,9.770444963219024337e-02,9.493847574071652418e-02,-1.517902489518972553e+00,-1.008639440414357547e-01,9.944757466205872420e-01,2.905949372978710796e-02,2.360430830603912900e-01,-9.157476970381060732e-02,-3.836443542522440658e-02,9.950589086321447452e-01,8.843515368257183484e-02
9.906260038122106648e-01,1.001585637950505453e-01,9.288908800048066572e-02,-1.512382806302397631e+00,-1.032985479886115165e-01,9.942091734508193834e-01,2.962312288876697147e-02,2.370813353720076233e-01,-8.938417395989507741e-02,-3.894074376217346312e-02,9.952356946576791374e-01,7.422317805999556484e-02
9.900234541080654704e-01,1.060222309745951358e-01,9.280542470730468452e-02,-1.482993646619507944e+00,-1.093717245144588263e-01,9.934931509476734313e-01,3.176767062276811271e-02,2.450937782137221910e-01,-8.883347450520517885e-02,-4.160102834345508205e-02,9.951773551724825140e-01,5.000941010509320217e-02
9.905241864378226957e-01,1.212714711858214750e-01,6.445980420474749228e-02,-1.363119557520794833e+00,-1.237505832319729104e-01,9.916617439922985611e-01,3.595523121743828682e-02,2.208244264921894739e-01,-5.956197806851686039e-02,-4.359146451519334275e-02,9.972723574781281464e-01,3.237059697362178190e-02
9.934644220325927755e-01,1.034451359278331234e-01,4.824464745769334317e-02,-1.216835459560666521e+00,-1.060848911201121153e-01,9.927899251473113473e-01,5.580466290580098077e-02,1.836776658076419988e-01,-4.212407899858429394e-02,-6.055797535311301105e-02,9.972754351680633844e-01,6.626405887201147760e-03
9.926261735645898199e-01,6.041270465771376996e-02,1.050884611670533236e-01,-9.420215351503473666e-01,-6.507668435507121818e-02,9.970156557605096559e-01,4.153079967676541473e-02,9.551941618948135704e-02,-1.022658530882613742e-01,-4.806336738495382843e-02,9.935952938735903572e-01,1.139000251709721204e-02
9.925945881510470636e-01,6.213943395320305901e-02,1.043775565973218272e-01,-7.596226880752653399e-01,-6.334452728588269022e-02,9.979574752120581316e-01,8.267317055883757412e-03,5.222580381791592369e-02,-1.036506364485026699e-01,-1.481784115011209810e-02,9.945033821699490462e-01,2.162823623823192237e-02
9.821907299361656296e-01,1.655791721232466596e-01,8.879700325146472339e-02,-4.753664360465584826e-01,-1.675933680969805550e-01,9.857315590413396889e-01,1.567662208002022772e-02,-1.483221244521600729e-02,-8.493428634756641782e-02,-3.027922173554019325e-02,9.959263706387720960e-01,-7.466173734342999163e-03
9.709272328814528841e-01,2.234731647098512353e-01,8.579075185430549977e-02,-3.168728904836373150e-01,-2.234314286403119298e-01,9.746661568449058732e-01,-1.021172840074054122e-02,-7.463312754079969025e-02,-8.589938966554179489e-02,-9.253505051866223532e-03,9.962608431025179456e-01,-3.133536636641337872e-03
9.553598683936808111e-01,2.900459266299418304e-01,5.622172452162629147e-02,-7.907433724066753600e-02,-2.884833980368578521e-01,9.568690022271213458e-01,-3.433717568439766804e-02,-2.614385092287438428e-01,-6.375618338573275923e-02,1.658532550936573507e-02,9.978276785386496206e-01,-1.311600671949948380e-02
9.034745135002024696e-01,4.225741317863594970e-01,7.186728463337987982e-02,4.160336011009069246e-02,-4.214414801154230950e-01,9.063255016647416840e-01,-3.100264295630347430e-02,-4.148252722271943416e-01,-7.823606772897309658e-02,-2.277757045601467526e-03,9.969322592479120670e-01,6.199477039895925218e-03
7.372141119968889100e-01,6.742244859077690666e-01,4.400790468815198031e-02,1.364144189720661593e-01,-6.742011187630867486e-01,7.383378695369223754e-01,-1.760800574401063384e-02,-6.373180215006318816e-01,-4.436445121085050985e-02,-1.668930825656460976e-02,9.988759995408212911e-01,3.849939491721185436e-02
5.466367070926524407e-01,8.356439693023640647e-01,5.373515634563356264e-02,1.922703418241389073e-01,-8.370407258305011533e-01,5.470946916239460833e-01,7.086726892396115994e-03,-7.880457063160499764e-01,-2.347623820055502741e-02,-4.885237932268905042e-02,9.985300752979152650e-01,2.615803164585227963e-02
2.390785231744157746e-01,9.688861702939018938e-01,6.403943136813916581e-02,2.237077421015471468e-01,-9.700695423168131937e-01,2.412162525706775251e-01,-2.792494521047510225e-02,-9.948033466141283920e-01,-4.250344487202364213e-02,-5.544644721687290445e-02,9.975565892043593008e-01,3.716783953810610941e-02
1.302561655111818817e-01,9.884195070552672657e-01,7.784734689727126900e-02,2.144587644594865838e-01,-9.913721915250767180e-01,1.309997154837380939e-01,-4.500268208312240698e-03,-1.152405351838768688e+00,-1.464613317878263668e-02,-7.658950721737406431e-02,9.969551334774833240e-01,3.637632192640443546e-02
7.724135328388230526e-02,9.924568093409295022e-01,9.520112885724797691e-02,1.737519056669485640e-01,-9.970121295774962977e-01,7.681502868664970285e-02,8.140322058458489968e-03,-1.419888727232073045e+00,7.660406129745931259e-04,-9.554544971210839066e-02,9.954247737629838833e-01,4.220525016503282045e-02
3.660598122055660434e-03,9.954660670495174557e-01,9.504687987699611540e-02,1.498799494892905926e-01,-9.997365924713051966e-01,5.796608872143935165e-03,-2.220686829444896287e-02,-1.592576023425241072e+00,-2.265713342972608055e-02,-9.494055339288212658e-02,9.952250728484478559e-01,4.476056353702314444e-02
-1.687626578795636267e-01,9.835388447105926080e-01,6.457945687891726572e-02,1.142885151872639060e-01,-9.856126601462569248e-01,-1.677730325702212200e-01,-2.049130795266029467e-02,-1.854405820103259384e+00,-9.319306028054459221e-03,-6.710849787874965944e-02,9.977021599894483339e-01,6.587391293873677556e-02
-2.929134899425638872e-01,9.558071760836439612e-01,2.518589995761925243e-02,4.247796891590124857e-02,-9.561113866433671449e-01,-2.926034083083561832e-01,-1.530561260554938290e-02,-1.996960814603732537e+00,-7.259734193827470025e-03,-2.856374613634074869e-02,9.995656099857032073e-01,7.066408160009080008e-02
-4.520630040166068730e-01,8.911570532553408919e-01,3.844667518442360793e-02,-1.043789440668993485e-01,-8.905617272272344787e-01,-4.533565112278070686e-01,3.698220822769026500e-02,-2.180844553481684933e+00,5.038700623698307707e-02,-1.752084931180727945e-02,9.985760709339397412e-01,7.010744967137422234e-02
-5.914547298018739685e-01,8.058192950963761758e-01,2.892345493487343336e-02,-2.331412450639690770e-01,-8.052315331352488670e-01,-5.921415423428504354e-01,3.115400257570487969e-02,-2.253157771599306969e+00,4.223127561000526026e-02,-4.863895785115848226e-03,9.990960223512757032e-01,7.783972927941940068e-02
-8.260866757275404648e-01,5.635126221445461159e-01,5.859084330982069523e-03,-4.642640998905998018e-01,-5.632450680361544837e-01,-8.259432747997836888e-01,2.393115429637440381e-02,-2.312656675534514150e+00,1.832477880815522667e-02,1.646910734638141333e-02,9.996964394179079783e-01,9.147369509037366064e-02
-9.325733387443476685e-01,3.607687371757720696e-01,1.236471349514204655e-02,-6.303538796129261046e-01,-3.605032349115689372e-01,-9.325545809670645614e-01,1.947745198009801296e-02,-2.342967533063998964e+00,1.855762596650178259e-02,1.370663320955949581e-02,9.997338359406184871e-01,1.362350984372728280e-01
-9.931705393190795039e-01,1.136400592540087739e-01,2.642379157865415787e-02,-8.792264810919971918e-01,-1.133519777719902560e-01,-9.934804698474115625e-01,1.216080453525553336e-02,-2.351862203763267267e+00,2.763347542067428469e-02,9.082563763158581563e-03,9.995768595118939004e-01,1.502491207305050591e-01
-9.969910149281788758e-01,5.319382215705199812e-02,5.638557826964164105e-02,-1.063529807287914242e+00,-5.384654410884265330e-02,-9.984979437633570987e-01,-1.011958437299841779e-02,-2.334490748942276817e+00,5.576258458870444329e-02,-1.312530322208563076e-02,9.983577818474262955e-01,1.076569035522808304e-01
-9.993039039543135660e-01,-1.531471550009617065e-02,3.401715788859093620e-02,-1.380665493096984831e+00,1.575508681896476207e-02,-9.997950263123440706e-01,1.271544731521804215e-02,-2.256736369051375313e+00,3.381545180820590829e-02,1.324253941849221593e-02,9.993403576203424565e-01,1.435327171747390052e-01
-9.971427276530804296e-01,-6.717237233818364184e-02,3.455796699798056176e-02,-1.576478111452928932e+00,6.769524239824996348e-02,-9.976051576689850542e-01,1.418814818367464259e-02,-2.232161034697412116e+00,3.352215454315684434e-02,1.648701873293469469e-02,9.993019780667313778e-01,1.649094649608474905e-01
-9.809973812089144429e-01,-1.896404200778209481e-01,4.099572092252825456e-02,-1.874635847945988365e+00,1.910561107775394230e-01,-9.809937947695757110e-01,3.389302521387806827e-02,-2.213537121889605164e+00,3.378906029783741716e-02,4.108145197404197008e-02,9.985843047574356479e-01,1.898507075952937662e-01
-9.734981143216739907e-01,-2.275566124428367309e-01,2.279055825740374311e-02,-2.051812780014652393e+00,2.283654985900707146e-01,-9.726042177205994621e-01,4.347682975803958405e-02,-2.175333807727642732e+00,1.227275298586446607e-02,4.752918898573425810e-02,9.987944511902856481e-01,2.251318903213257450e-01
-9.704791080356920396e-01,-2.303638091345291128e-01,7.143399965896074510e-02,-2.330940447863669274e+00,2.331029556092825972e-01,-9.719049731158246885e-01,3.261495544907893479e-02,-2.092623134603969870e+00,6.191375414609519290e-02,4.830360932434241833e-02,9.969119561795694029e-01,2.198361603641139916e-01
-9.625487587217842478e-01,-2.564522929813989327e-01,8.793240874520522055e-02,-2.505175015540833883e+00,2.583606673239253193e-01,-9.659874759168021185e-01,1.086102904067671841e-02,-2.039910816381838465e+00,8.215626977344608894e-02,3.317254582435625460e-02,9.960672314359314550e-01,2.648554438886316365e-01
-9.124326316353317257e-01,-3.965469497125378440e-01,1.010802127060679290e-01,-2.725108809237977603e+00,3.984906554817215785e-01,-9.171717952055318257e-01,-1.046696331736132876e-03,-1.962455239705546806e+00,9.312298438500639375e-02,3.932448032898402945e-02,9.948777286813103027e-01,2.687286644619288900e-01
-8.267708294368019128e-01,-5.594093106449459230e-01,5.925553776760339453e-02,-2.848411622005938337e+00,5.623546601086950592e-01,-8.245975844444278779e-01,6.161217397925350392e-02,-1.882895122946575350e+00,1.439554953505048189e-02,8.426177598509067279e-02,9.963396615920797617e-01,2.671295701405466128e-01
-6.094638945608615854e-01,-7.897672445525227847e-01,6.943673853675459695e-02,-2.925190578948680731e+00,7.922397934016557342e-01,-6.033500542750173112e-01,9.124046118491906110e-02,-1.675470851368263459e+00,-3.016406765688405683e-02,1.106183142081332144e-01,9.934051125216436517e-01,2.518608062796749425e-01
-5.006032548721579545e-01,-8.635676423670509694e-01,6.039294882694046934e-02,-2.938561789065066154e+00,8.654656574968480065e-01,-4.977208676825627398e-01,5.694851681006982830e-02,-1.506382974603216018e+00,-1.912006550591918014e-02,8.077663603994435226e-02,9.965488237738868715e-01,2.608855818791553927e-01
-3.118677985424321841e-01,-9.480686205329329486e-01,6.248493412877572512e-02,-2.958547626357943550e+00,9.495480454163137685e-01,-3.087109915821043549e-01,5.528139942560620496e-02,-1.236541177516421897e+00,-3.312077412072796101e-02,7.657293540915478813e-02,9.965137228781482115e-01,2.199209554937341382e-01
-1.710350050782048770e-01,-9.836349560555633920e-01,5.665068634595146757e-02,-2.973509835625596232e+00,9.851106221317389444e-01,-1.697076501145177163e-01,2.750228455652568502e-02,-1.069213028408630750e+00,-1.743815360404000342e-02,6.051104624923785147e-02,9.980151923095670341e-01,1.963634344888527949e-01
9.334471308135214307e-02,-9.931106006104399864e-01,7.083854526266185336e-02,-2.962143678474396857e+00,9.946365082663921608e-01,9.619870017798107242e-02,3.800034878402244742e-02,-8.104260671018743700e-01,-4.455312518107413383e-02,6.691147165648878015e-02,9.967637001804188213e-01,2.319495597540226772e-01
1.149505385763754384e-01,-9.901717009765722555e-01,7.966414667942979533e-02,-2.932882084347700147e+00,9.928949981067763941e-01,1.170082822500572439e-01,2.164681545717156430e-02,-6.415691294465213357e-01,-3.075542904183047738e-02,7.660981967118500602e-02,9.965866942290564356e-01,2.035023825826020039e-01
9.474744157005045297e-02,-9.942993777032937963e-01,4.890470135653304101e-02,-2.863338269233924649e+00,9.952173654236897704e-01,9.343273749968060427e-02,-2.850822903035478417e-02,-3.649059786416436468e-01,2.377641425995915755e-02,5.137188980520023679e-02,9.983965199572656379e-01,1.850158301675889627e-01
1.834513137783815584e-01,-9.817278956761236186e-01,5.055644691149700082e-02,-2.784771408451806263e+00,9.830205732638656047e-01,1.834173734331544514e-01,-5.349734840645046716e-03,-1.772044803999658913e-01,-4.020946775088091868e-03,5.067944331000617114e-02,9.987068769227622766e-01,1.802350293808790416e-01
3.971759794975324720e-01,-9.124821379656739007e-01,9.812027926869927585e-02,-2.628824718526454163e+00,9.172096285754134382e-01,3.983129033164536370e-01,-8.563194507373032144e-03,5.896456252496318218e-02,-3.126881127783343040e-02,9.339796006985302823e-02,9.951377203664119042e-01,1.408636422614788775e-01
6.252058672792775162e-01,-7.739995391210745534e-01,1.002114612204083322e-01,-2.510216263302267770e+00,7.776512472567973511e-01,6.286827184332717255e-01,4.071508725344960035e-03,1.489904961932416450e-01,-6.615255973516127874e-02,7.538403666371198963e-02,9.949578311952561593e-01,1.469280050684696470e-01
8.379361533526311634e-01,-5.376850811222515514e-01,9.358288541796684623e-02,-2.311162643572203468e+00,5.390377334313630753e-01,8.421912698688716059e-01,1.233640522348023252e-02,1.846584863951654942e-01,-8.544779015149459034e-02,4.010758650450517437e-02,9.955350604890856880e-01,1.031403822875518461e-01
9.183032052703951065e-01,-3.950328519011098161e-01,2.585090151219445950e-02,-2.055853066778448479e+00,3.928622736717297670e-01,9.174077261125517246e-01,6.342158934052129216e-02,2.257924036434285631e-01,-4.876942808354903930e-02,-4.808440483019896239e-02,9.976519598018774859e-01,9.649883570540666866e-02
9.550071584820021275e-01,-2.902450269916638792e-01,6.098484692724118889e-02,-1.893073554864547647e+00,2.861628318176373531e-01,9.557898154775400501e-01,6.765103336625512276e-02,2.247765322846359826e-01,-7.792407159691651375e-02,-4.715562464881416921e-02,9.958434546301625501e-01,7.977668365681453433e-02
9.941335070700330068e-01,-9.619785844744607739e-02,4.944231134120281174e-02,-1.628316407564874391e+00,9.423086892327414699e-02,9.947185505655730120e-01,4.068843205005485963e-02,2.093638548355307161e-01,-5.309532430073269499e-02,-3.579074169184542908e-02,9.979478490114327416e-01,6.316424220693413194e-02
9.947636467483871314e-01,5.205767727324116939e-02,8.795047097522386281e-02,-1.349093547711115670e+00,-5.256360279189628559e-02,9.986116372375268835e-01,3.444653149966754504e-03,1.897268539655478370e-01,-8.764904317438050596e-02,-8.049609350946410058e-03,9.961188930142377274e-01,5.709672703597092752e-02
9.964714979720292742e-01,4.757772340597181404e-02,6.914415351194462545e-02,-1.158352582759785365e+00,-4.856882298811233956e-02,9.987388005079284037e-01,1.272312043232903291e-02,1.724193108722229528e-01,-6.845161183586527531e-02,-1.603647702866622948e-02,9.975255426512038559e-01,3.708292560905234597e-02
9.975406241599215074e-01,1.204599819999392467e-02,6.904778836428057676e-02,-8.530712383048301151e-01,-1.477121020576669351e-02,9.991263229572105997e-01,3.909478383444953131e-02,1.031753654297777878e-01,-6.851652720103226790e-02,-4.001855446378632664e-02,9.968470297888922804e-01,-2.245253067088071736e-02
9.965780433862800880e-01,2.993023830148828709e-02,7.704793492098403751e-02,-6.819311347575749416e-01,-3.395569217479237761e-02,9.980967350747186329e-01,5.147735815015361260e-02,6.801378543934716303e-02,-7.536056269231827809e-02,-5.391742082485546927e-02,9.956975933094797115e-01,-1.882096509322654654e-02
9.909045105302060064e-01,1.202422642839039713e-01,6.041563448951779713e-02,-3.878850521265636564e-01,-1.230527211146834332e-01,9.913718296846231182e-01,4.516550823400598130e-02,2.574325316700236399e-02,-5.446355512784036706e-02,-5.218901405127119447e-02,9.971509554602002723e-01,-3.710432042837007172e-02
9.790685425745813131e-01,1.920401443793025853e-01,6.741937323692932804e-02,-2.254121303347148553e-01,-1.945011574852644198e-01,9.803800780436884299e-01,3.200316096802204718e-02,-6.831885730496561893e-03,-5.995071874278417451e-02,-4.444643429825510805e-02,9.972113245447986607e-01,-3.346536803429593643e-02
9.713045019690890181e-01,2.372130932627919131e-01,1.724856049867422303e-02,2.342363157802271334e-02,-2.377703674481012608e-01,9.702126020432517706e-01,4.639783615707795267e-02,-1.148181295473352653e-01,-5.728596527398400855e-03,-4.916762370871477494e-02,9.987741125803479836e-01,-1.084795062022113690e-02
9.624744372887779065e-01,2.713658714119279169e-01,1.876538966812002929e-03,1.693514707161206667e-01,-2.710564423983138349e-01,9.609974230065404521e-01,5.488495248389445996e-02,-2.024475685659460900e-01,1.309055384691666310e-02,-5.333401173392369327e-02,9.984909216374197038e-01,-1.641198473036452332e-02
8.701008507962577632e-01,4.927111938563779603e-01,1.265657506001262832e-02,3.026461355998981695e-01,-4.926396758000975984e-01,8.686095963700983802e-01,5.313679442110628981e-02,-3.943074485963229403e-01,1.518747086261891706e-02,-5.246950106869480851e-02,9.985070316159002646e-01,3.146473809675714300e-02
6.961685175537517534e-01,7.166848434995689576e-01,4.137910420741974793e-02,3.708188877880321255e-01,-7.176388439125256369e-01,6.962681034026144689e-01,1.432542816187804859e-02,-5.185184864022801543e-01,-1.854413316673915804e-02,-3.966816459232617303e-02,9.990408159044190661e-01,3.737719067385419924e-02
3.138311654978944154e-01,9.479475264398455892e-01,5.390256653268184206e-02,3.926245866299924447e-01,-9.485444658536779095e-01,3.155346225758067780e-01,-2.648203644558979469e-02,-6.969380535791496190e-01,-4.211170693044341551e-02,-4.281809281740787260e-02,9.981949784821007032e-01,3.919172976538970454e-02
1.643043402110865858e-01,9.843377498167800166e-01,6.390053265377779179e-02,3.797894932569721438e-01,-9.863514504600409127e-01,1.646535023588013846e-01,-2.008391275728219007e-04,-8.256729222464784801e-01,-1.071914003894735255e-02,-6.299538432787843423e-02,9.979562523428597842e-01,4.322088395595060500e-02
7.931075390433979522e-02,9.931120399872190863e-01,8.624546566369799272e-02,3.375813294621823890e-01,-9.966735747032093862e-01,7.737198011616111537e-02,2.560004260215169650e-02,-1.081605854722927917e+00,1.875072807794216090e-02,-8.798893524374050423e-02,9.959449570489411485e-01,3.636433611110415770e-02
2.422795977220588981e-02,9.970136082919631715e-01,7.332714944626451958e-02,3.162950813969317987e-01,-9.996939816079952745e-01,2.452887417405400297e-02,-3.205849108739971653e-03,-1.244832234787304648e+00,-4.994907609853579782e-03,-7.322703880665823450e-02,9.973027883674920879e-01,3.612965405502144983e-02
-9.749663745411976667e-02,9.941342138270332640e-01,4.681421347886648848e-02,2.977474758127326981e-01,-9.950014744098536479e-01,-9.838657631722427799e-02,1.709232350482136828e-02,-1.524458318763407094e+00,2.159795377711250935e-02,-4.491376736681156057e-02,9.987573688807301897e-01,4.830653388033134821e-02
-1.872251089140220259e-01,9.812600969606345425e-01,4.555634648363668382e-02,2.767600775508501920e-01,-9.822996394059622105e-01,-1.872963514082355008e-01,-2.737731192138193569e-03,-1.711848905039635715e+00,5.846111104825146149e-03,-4.526255474415461638e-02,9.989580191994955616e-01,6.976863639880855061e-02
-2.381728518210500245e-01,9.699537948544000310e-01,4.963193027653697853e-02,1.916009046706158014e-01,-9.700537201204761928e-01,-2.400819489808398155e-01,3.682985004025034897e-02,-1.966986780416862812e+00,4.763898336293168057e-02,-3.937376818528658118e-02,9.980882895030053215e-01,5.776826376014976977e-02
-2.843778342648610180e-01,9.567580698128939076e-01,6.118204987356420932e-02,9.933474876993038383e-02,-9.571525901322698315e-01,-2.869751939260264950e-01,3.878346650581383087e-02,-2.129463040216971859e+00,5.466412518201357873e-02,-4.753139929587638784e-02,9.973728487877833171e-01,7.885633704994494952e-02
-5.203152023457202624e-01,8.530050667497229844e-01,4.067488546058003335e-02,-5.637753011100481160e-02,-8.522253346982451294e-01,-5.217070406831365581e-01,3.916302593147295841e-02,-2.290244892572396385e+00,5.462663367256213875e-02,-1.428705011345033846e-02,9.984046329483136084e-01,1.019089246317366193e-01
-8.180532751486984111e-01,5.748503540010665436e-01,-1.832783466028793315e-02,-2.338172846844858155e-01,-5.751387058405704744e-01,-8.175174859567405639e-01,2.967539720046591042e-02,-2.385318518876250238e+00,2.075587271300823652e-03,3.481710297855784841e-02,9.993915455304077655e-01,1.358935770180906832e-01
-9.341553312562109745e-01,3.530526095588984448e-01,-5.203529541810063275e-02,-3.884836271315070810e-01,-3.547519232319162330e-01,-9.345452548336858900e-01,2.786107734993271967e-02,-2.404548954954518258e+00,-3.879291235333880844e-02,4.448619506649369171e-02,9.982565243461469784e-01,7.344242822348415189e-02
-9.879773662827237013e-01,1.542002024789106696e-01,1.109149532362816402e-02,-6.121956311834404474e-01,-1.538249901972581213e-01,-9.876686297066193942e-01,2.912988644439804334e-02,-2.365607505589896853e+00,1.544655637559904683e-02,2.707351933002143801e-02,9.995140961723451012e-01,1.224687095450773533e-01
-9.970650740108225607e-01,6.238653712607498958e-02,4.437519772584769262e-02,-7.730974524790502622e-01,-6.208438008269753783e-02,-9.980375760000483876e-01,8.156386558768774150e-03,-2.331028523510347839e+00,4.479696348569106590e-02,5.377441526023580762e-03,9.989816390630477105e-01,1.539117710879759904e-01
-9.986069238150642180e-01,-4.348247253209300972e-02,2.989124104329622320e-02,-1.040853519248222891e+00,4.409192377755452585e-02,-9.988264370411691351e-01,2.004123063184651277e-02,-2.317668177983094324e+00,2.898471952955563452e-02,2.133127399243428882e-02,9.993522215833865463e-01,1.232432754625058108e-01
-9.908839138136437130e-01,-1.278910259618282474e-01,4.234329727104963609e-02,-1.235006468248993405e+00,1.288565849114289841e-01,-9.914428233380480071e-01,2.090714175693889759e-02,-2.303227332617292955e+00,3.930712238662729952e-02,2.617276313100943413e-02,9.988843459579132000e-01,1.920216994621799234e-01
-9.819155855859942328e-01,-1.835609416212651557e-01,4.633749555626133498e-02,-1.508923747116206027e+00,1.849067202907593022e-01,-9.823955809124743643e-01,2.661629942268467150e-02,-2.266342321454841269e+00,4.063603788052087828e-02,3.470307356355376016e-02,9.985711837974360350e-01,1.708887979393609591e-01
-9.849252921768784086e-01,-1.532872763044696995e-01,8.015721897275457364e-02,-1.688335820149953648e+00,1.532002044735383539e-01,-9.881684158021933895e-01,-7.271819596959239532e-03,-2.226796624285069193e+00,8.032350950721157956e-02,5.117903295463851338e-03,9.967557077269738608e-01,1.588460122546603848e-01
-9.890707886849046115e-01,-1.277381455514612907e-01,7.363383149947173856e-02,-1.973047946708430089e+00,1.281655179627459729e-01,-9.917521939401927611e-01,1.088953697994840021e-03,-2.138727887678374184e+00,7.288741301185014398e-02,1.051437044662874298e-02,9.972847502286137367e-01,2.282230772398026741e-01
-9.801366716698829418e-01,-1.796776814420216750e-01,8.395257970724870344e-02,-2.137365992922351854e+00,1.805930902672095995e-01,-9.835520973640982101e-01,3.377501802224173576e-03,-2.106873330850937975e+00,8.196487415730102644e-02,1.847166918022757898e-02,9.964640268680408086e-01,2.061463547026822496e-01
-9.421318692693403385e-01,-3.205486271246159036e-01,9.816373340282606719e-02,-2.364450386113440938e+00,3.239678851821176653e-01,-9.458415317464924366e-01,2.070280642996478668e-02,-2.064939511040325026e+00,8.621107978493121327e-02,5.130667083307902110e-02,9.949549111644908628e-01,2.492366228154867802e-01
-8.821726897358292963e-01,-4.634361874157779670e-01,8.365551791590783437e-02,-2.564559063181732768e+00,4.675027303527096167e-01,-8.832116086299923730e-01,3.712750320159540623e-02,-1.962664928524154195e+00,5.667929601726939826e-02,7.186205239728413185e-02,9.958028433521538547e-01,2.808827048620384792e-01
-8.133703429542439300e-01,-5.745689201708767957e-01,9.110017110942678076e-02,-2.656832929970551760e+00,5.792331115189444102e-01,-8.144052041183094115e-01,3.511646373282022865e-02,-1.862856964290973805e+00,5.401562480039909242e-02,8.133092572132590015e-02,9.952223835900859683e-01,2.828087829612769277e-01
-6.466163180205397598e-01,-7.590029403255419416e-01,7.617003247170582581e-02,-2.758106071788565483e+00,7.623262700095391198e-01,-6.465473619027752861e-01,2.889925379497538388e-02,-1.715953425194430171e+00,2.731291494702945202e-02,7.675314582310915901e-02,9.966759550041078830e-01,2.532387833092584750e-01
-4.911413522565176160e-01,-8.650549809883564256e-01,1.022743954803562727e-01,-2.824417892862716162e+00,8.706240232414440561e-01,-4.912870852572143177e-01,2.551097831039538660e-02,-1.597120157769245319e+00,2.817769079469407273e-02,1.015720420524486300e-01,9.944290512725237896e-01,2.173875665387065281e-01
-2.266012558780712838e-01,-9.671618446316949669e-01,1.151079368379819973e-01,-2.880275875013485809e+00,9.738874201528019414e-01,-2.266851827866583069e-01,1.253478253105400411e-02,-1.410466136639237700e+00,1.397010030752140509e-02,1.149425691099491831e-01,9.932739008469918529e-01,2.135259501454778996e-01
-3.889565840288913140e-02,-9.983849202773001918e-01,4.140867928699843575e-02,-2.875508452908920987e+00,9.979894719608908282e-01,-3.673819625804274763e-02,5.164609172947418753e-02,-1.221671756931820507e+00,-5.004139898753335453e-02,4.333423471798329707e-02,9.978065957332487024e-01,1.711559094129526115e-01
1.344064677740460650e-02,-9.987209066203462937e-01,4.874320151197945178e-02,-2.838111512129730230e+00,9.991185009566907471e-01,1.535286204021291991e-02,3.907058578049384806e-02,-1.066416703028980395e+00,-3.976895850109478381e-02,4.817510048361682562e-02,9.980468874923308364e-01,1.740645650941759492e-01
1.603599929441717475e-01,-9.822919728418499918e-01,9.688731987938502266e-02,-2.754672532174686328e+00,9.824309195991978161e-01,1.683311877623931974e-01,8.058597546706246229e-02,-8.692312520220240035e-01,-9.546811445933767182e-02,8.226233230930835028e-02,9.920275942757890153e-01,1.355989415398238529e-01
3.088068694467052122e-01,-9.418894186586032058e-01,1.322219361584264508e-01,-2.694013314551603866e+00,9.418073953042895852e-01,3.222233994283970615e-01,9.576487357564389402e-02,-7.346712371397545738e-01,-1.328049228480506216e-01,9.495474648360334446e-02,9.865832192914876231e-01,1.539611797657397807e-01
5.160880685358546494e-01,-8.455813237976584906e-01,1.365479049986833004e-01,-2.588441602607484793e+00,8.401160906663056593e-01,5.307860470606170500e-01,1.116741977778660105e-01,-5.726666629561211197e-01,-1.669073387197092528e-01,5.708237109969775680e-02,9.843188219226218783e-01,1.546484699414674979e-01
6.063009149801301678e-01,-7.907848583204247772e-01,8.401492930070118825e-02,-2.480171319199053315e+00,7.907753826758348037e-01,6.106998362968761862e-01,4.147293214685329049e-02,-4.846150675355663795e-01,-8.410407034231394408e-02,4.129186116069893248e-02,9.956010684775997710e-01,1.306007877315743804e-01
7.017126121363596036e-01,-7.093393203362223787e-01,6.661185024987779923e-02,-2.251986668305135719e+00,7.098876285292405885e-01,7.040542912859532043e-01,1.916010915853575206e-02,-2.959962649758629549e-01,-6.048937782700748722e-02,3.384203815937646131e-02,9.975949837601022496e-01,1.585460042866764230e-01
7.717359241268311187e-01,-6.284131013156692980e-01,9.757375419100941527e-02,-2.103013005175748962e+00,6.298473337925574178e-01,7.764811786233645208e-01,1.921757940218237967e-02,-1.922219276039312530e-01,-8.784076232884709123e-02,4.662567252591336142e-02,9.950427363359781729e-01,1.219516890799564185e-01
8.846646322501855453e-01,-4.598550834316092462e-01,7.682311297878147149e-02,-1.910566669131903428e+00,4.607447190776792767e-01,8.875068942484107826e-01,6.768788929508638870e-03,-4.242168530333551013e-02,-7.129370440420335076e-02,2.940773543897826428e-02,9.970217614519126803e-01,1.307831768781198556e-01
9.382966208360069560e-01,-3.291827861736730254e-01,1.060101156242527487e-01,-1.773406777874338536e+00,3.321297856438510387e-01,9.431701265179763816e-01,-1.095070464562333812e-02,2.099502529111724192e-02,-9.638079069970049984e-02,4.548412614312408869e-02,9.943047507947925245e-01,1.194502678090708647e-01
9.756748766038171317e-01,-2.065093844327636208e-01,7.356907845913461530e-02,-1.550174678040877607e+00,2.077750178623960498e-01,9.781265105964294104e-01,-9.903091473656543825e-03,6.487051140447006037e-02,-6.991478467682211984e-02,2.494801414252250174e-02,9.972409535683618431e-01,6.283583521315713738e-02
9.940711894101769142e-01,-8.580879109157073248e-02,6.677815328412732565e-02,-1.259179890702839311e+00,8.525858793651713841e-02,9.962975672216951573e-01,1.105127735624698848e-02,6.016642363751961015e-02,-6.747920841049066809e-02,-5.292345372013544484e-03,9.977066440155415439e-01,3.506428703820749226e-02
9.961889041901439423e-01,1.149755797180266291e-02,8.646081961862421561e-02,-1.080059474694481381e+00,-1.197347635252073335e-02,9.999158750727485945e-01,4.987849389952534601e-03,4.064832569144422036e-02,-8.639619802094798684e-02,-6.004076797165789660e-03,9.962427656095357298e-01,3.147965879418881952e-02
9.758655408532601605e-01,2.074077964829657283e-01,6.832607213394845114e-02,-8.232704086706119639e-01,-2.078427617909257286e-01,9.781619554143111683e-01,-7.585190659365577881e-04,-2.140297989560271258e-02,-6.699128709237835155e-02,-1.346086691611849025e-02,9.976627549004576379e-01,3.120013547473693416e-02
9.300478163179632940e-01,3.612828132494511069e-01,6.697602714963811488e-02,-7.039175346301456138e-01,-3.625539675565012110e-01,9.319327285306003850e-01,7.483989748235180331e-03,-8.763649689582891922e-02,-5.971331485712914888e-02,-3.124289269696567742e-02,9.977265164786875973e-01,1.846926215495589552e-02
8.559279767705807451e-01,5.165948462544247555e-01,2.273902822871331705e-02,-4.954913239835416205e-01,-5.170465946316517014e-01,8.556218955137552262e-01,2.395810713021759644e-02,-2.698747901346273403e-01,-7.079375765710498210e-03,-3.226355127410945184e-02,9.994543239678080893e-01,-6.975478947757150772e-03
7.969586538922384111e-01,6.039630603014340959e-01,9.248014792192074673e-03,-3.734068974184461265e-01,-6.033364285809671435e-01,7.952096381614645049e-01,6.022279736344229861e-02,-4.318546523599189890e-01,2.901823449892696957e-02,-5.357474373657934719e-02,9.981421185883915248e-01,3.657284582475082285e-02
6.770633163553652079e-01,7.352906739051778828e-01,3.054325643973155452e-02,-2.064146518131962926e-01,-7.358708275495319251e-01,6.769328509129225457e-01,1.600126608966470979e-02,-6.557747929274594378e-01,-8.910151931506056153e-03,-3.330976167691605816e-02,9.994053576850497889e-01,4.441263586645737005e-02
5.460677158538561615e-01,8.369142596338986495e-01,3.720983369479802932e-02,-1.062288508126228853e-01,-8.374916210919634008e-01,5.464501514755670808e-01,-1.286588006162252805e-04,-8.155742081516079711e-01,-2.044099564376582190e-02,-3.109266752424192509e-02,9.993074660600290704e-01,6.628132695672553365e-02
3.050089483203903828e-01,9.521054961712807074e-01,2.155610365831034034e-02,-4.498465252043819251e-02,-9.510848147900278216e-01,3.056919721742734075e-01,-4.461046092592792917e-02,-1.026722297070327139e+00,-4.906339287401167287e-02,-6.895093084353705153e-03,9.987718664294895632e-01,9.029118529675690674e-02
1.846177389007011838e-01,9.817730028715927482e-01,4.514489246511946968e-02,-2.389419853152307399e-02,-9.828006532005639784e-01,1.846256534201623778e-01,4.030405404510981060e-03,-1.130172890160515253e+00,-4.377962053178637708e-03,-4.511251413602263699e-02,9.989723191943737923e-01,9.493619011106471661e-02
2.973029483578411292e-02,9.979127357293247069e-01,5.732609735706396814e-02,-3.850850002322865617e-02,-9.986033558596744131e-01,2.714711997843634317e-02,4.532517559452709649e-02,-1.323641091849149021e+00,4.367433153209911156e-02,-5.859356403301141381e-02,9.973260986353117419e-01,6.288848242410907674e-02
-1.503789744278135609e-01,9.850795025464974541e-01,8.369311628075137843e-02,-8.338906457413552964e-02,-9.876633565569277184e-01,-1.534325109984850943e-01,3.129790222051204857e-02,-1.449076129282520942e+00,4.367216693437510344e-02,-7.795407770889342669e-02,9.959999516083370974e-01,9.470511939665693379e-02
-4.263372620726871842e-01,9.040940766860323663e-01,2.916229534167079362e-02,-1.736673450537452035e-01,-9.044916662839312949e-01,-4.264899298500031133e-01,-1.079518160551422648e-03,-1.633132848526830827e+00,1.146143931990504551e-02,-2.683729192317902204e-02,9.995741068930027451e-01,1.228037714136252512e-01
-5.605939614890678158e-01,8.277302291414453395e-01,2.443518175588544131e-02,-2.436558890558091772e-01,-8.280483243999811060e-01,-5.606200386306872119e-01,-6.414416895742049152e-03,-1.730370642018897342e+00,8.389445773011356897e-03,-2.382939468759616430e-02,9.996808376419158426e-01,1.159138434802748502e-01
-6.330069812933315498e-01,7.715940737283077944e-01,6.280722109166968214e-02,-4.460911636110640455e-01,-7.725205399122647698e-01,-6.348503068575628294e-01,1.330801625048429714e-02,-1.908388313830500671e+00,5.014157005487122898e-02,-4.009580115440371240e-02,9.979369467467456012e-01,9.649374265442427212e-02
-6.785021376059960918e-01,7.334006781100734784e-01,4.193202370238760524e-02,-5.711511217756224390e-01,-7.328765182662893007e-01,-6.797140634305249840e-01,2.967829086466054062e-02,-1.994335976812926292e+00,5.026786486390523445e-02,-1.059421174270042988e-02,9.986795804659134301e-01,9.603694798529760490e-02
-8.059407610596505123e-01,5.917058121186319353e-01,1.853972943763550901e-02,-7.473444978933856397e-01,-5.915848967647359125e-01,-8.061529700550681410e-01,1.202908106427868704e-02,-2.092153934885287558e+00,2.206353513034736008e-02,-1.273097177616465750e-03,9.997557599939728146e-01,1.387416565803554769e-01
-8.925311194925824587e-01,4.492205009349081735e-01,3.986404742505282595e-02,-8.528292802136162587e-01,-4.489604193628773943e-01,-8.934126966042320594e-01,1.575739165805721195e-02,-2.157376665722039899e+00,4.269358948163559653e-02,-3.833417032604145066e-03,9.990808587551989195e-01,1.570643973619042233e-01
-9.728271769669128988e-01,2.287583556344931768e-01,3.573371631930682968e-02,-1.036749563818190278e+00,-2.291165308365285536e-01,-9.733791438006343943e-01,-6.217532579693601721e-03,-2.205833944797267687e+00,3.336014166666713410e-02,-1.423576978417898271e-02,9.993420054248843831e-01,1.506535031833597660e-01
-9.911497554724884029e-01,1.138557134326861620e-01,6.825715160742769350e-02,-1.187765616025050264e+00,-1.165891629825420717e-01,-9.924725744670119809e-01,-3.748541057335830901e-02,-2.205965344598490585e+00,6.347542281746204607e-02,-4.511169969705196292e-02,9.969632918260256105e-01,1.518077657682064541e-01
-9.976171840924605849e-01,-2.122339527237909751e-02,6.564694582797199474e-02,-1.420451857388727257e+00,2.023659843664205038e-02,-9.996725599587884536e-01,-1.566055392246134409e-02,-2.187551540804494543e+00,6.595782051540542701e-02,-1.429476682414097290e-02,9.977200136081758597e-01,1.517918489616742750e-01
-9.824051558050129751e-01,-1.691818814940400928e-01,7.910499871603278443e-02,-1.565565007676664955e+00,1.697323556654839749e-01,-9.854901676800841281e-01,2.384242590727496554e-04,-2.169061499936787651e+00,7.791686138425212016e-02,1.366090699836973801e-02,9.968662610059620954e-01,1.593880990813213439e-01
-9.089269899387621976e-01,-4.153773000920579772e-01,3.624121312942770595e-02,-1.761110002138769559e+00,4.167962715458528034e-01,-9.075421236450081919e-01,5.146029377477825267e-02,-2.082548820316517446e+00,1.151498963684053148e-02,6.187885243071795244e-02,9.980172406504402849e-01,2.002669573619991761e-01
-8.450410203922843477e-01,-5.344487092308720655e-01,1.643931433547507134e-02,-1.891003329384491449e+00,5.343604386900845382e-01,-8.430049030781473496e-01,6.165756197860668836e-02,-1.990428330380830557e+00,-1.909438182574058757e-02,6.088768830937120458e-02,9.979619702148131433e-01,1.754805419370266406e-01
-7.767536246506823172e-01,-6.276721871619891369e-01,5.178254585582697106e-02,-2.080560887079848431e+00,6.275651894395025687e-01,-7.782985156602415522e-01,-2.033109748213120932e-02,-1.784540083519446707e+00,5.306354300071117885e-02,1.670466953730029638e-02,9.984514081415575282e-01,1.828512801841188362e-01
-7.305237861864225524e-01,-6.802067691764667190e-01,6.044624870383437376e-02,-2.192837896056202496e+00,6.818233564048948869e-01,-7.314617002755150477e-01,8.982855382234606473e-03,-1.650476030899357571e+00,3.810391681465385288e-02,4.777585369792872183e-02,9.981310331448540740e-01,2.256213071347228372e-01
-6.420096414910497762e-01,-7.628359853543275060e-01,7.684321493160481409e-02,-2.361903709613869307e+00,7.651184639123655984e-01,-6.438894074236030107e-01,4.088863719464204557e-04,-1.484500325998352466e+00,4.916661888839359007e-02,5.905667156362132131e-02,9.970431049512893384e-01,2.083396669055991857e-01
-5.492440718916142828e-01,-8.302925827202642939e-01,9.457894359544900820e-02,-2.473429210003746714e+00,8.344679511810106920e-01,-5.509833194874163009e-01,8.978869549989356574e-03,-1.363076996306404221e+00,4.465633150726428663e-02,8.385468815957859701e-02,9.954768723229943106e-01,2.567694085147880223e-01
-4.707304909802721982e-01,-8.785730092836844252e-01,8.076058580571102152e-02,-2.598254589048338836e+00,8.812431214684368630e-01,-4.726351326509940498e-01,-5.156767257168929849e-03,-1.163648183995540597e+00,4.270088671256036528e-02,6.874226314420631145e-02,9.967201891863993746e-01,2.543891079738959671e-01
-4.012324623292349846e-01,-9.130565218458190913e-01,7.307735003428343645e-02,-2.653145723548814061e+00,9.135090058238277688e-01,-4.047279499541326375e-01,-4.118959583060218671e-02,-1.027766620945613774e+00,6.718487517278040611e-02,5.023021442059973779e-02,9.964753474658952781e-01,2.724401895118741534e-01
-2.943336135331465764e-01,-9.535525873823724741e-01,6.407173355624370958e-02,-2.713284446653266180e+00,9.554743540946796232e-01,-2.950668021043953426e-01,-2.083497838176595097e-03,-8.480556823168400316e-01,2.089216628012422611e-02,6.060565478787943022e-02,9.979431206215384487e-01,2.706779372682520113e-01
-1.479669150894382113e-01,-9.866040644399990400e-01,6.868924274868982993e-02,-2.763023908930771100e+00,9.889523611270510939e-01,-1.469793713090582765e-01,1.924296834758784658e-02,-7.722876486233887228e-01,-8.889289068723044487e-03,7.077771146390225698e-02,9.974525031798676666e-01,2.486558635546546880e-01
2.654801305448539761e-02,-9.955880869543032308e-01,8.999757839813597726e-02,-2.801467992876552682e+00,9.994802862493855633e-01,2.808259447654581215e-02,1.582799059621626397e-02,-6.931568425543154222e-01,-1.828552437604398853e-02,8.953060371814575147e-02,9.958162032203312641e-01,2.339614061339663764e-01
3.239702025151456471e-02,-9.959736903988903878e-01,8.358732626443456104e-02,-2.816757561133483634e+00,9.987197530539818624e-01,3.550987105866067195e-02,3.602643358968813520e-02,-6.499505492750331515e-01,-3.884955519202083762e-02,8.231316474666364180e-02,9.958490121352580049e-01,2.558386968613974299e-01
2.748598337311649459e-02,-9.977994073946014897e-01,6.033956679488016589e-02,-2.822369309100124735e+00,9.977382691273110060e-01,3.108831793581622385e-02,5.959750671597318500e-02,-6.380152270141880022e-01,-6.134221252002278885e-02,5.856499885514100667e-02,9.963971466600274329e-01,2.493434547290023784e-01
-3.300786753404606169e-04,-9.984953755878359649e-01,5.483498862745796870e-02,-2.831950680863788428e+00,9.996923044267812530e-01,1.030590288085377233e-03,2.478375180498191416e-02,-6.512467714831765564e-01,-2.480297397371818841e-02,5.482629673216551230e-02,9.981878028050102936e-01,2.586644569606195154e-01
3.858403999663275602e-03,-9.982978041273632419e-01,5.819456154194312114e-02,-2.821992488609718741e+00,9.997636158046078192e-01,5.096181956561544359e-03,2.113625895855813369e-02,-6.468317092729544138e-01,-2.139685098029629057e-02,5.809925304123316619e-02,9.980814854330163355e-01,2.371542687231511515e-01
1.707755610454406853e-02,-9.962699465801220233e-01,8.458457671902037955e-02,-2.806191317409346020e+00,9.992914336593938796e-01,1.984462543902443254e-02,3.198157995064150605e-02,-6.414550861363944589e-01,-3.354083619188122367e-02,8.397847570910374482e-02,9.959029209341258015e-01,2.179191161248627551e-01
1.539010731775012145e-02,-9.963030219858649561e-01,8.451883209427438204e-02,-2.822027738313479528e+00,9.993443372020449633e-01,1.809734145986464232e-02,3.135892112767531964e-02,-6.378440743985623884e-01,-3.277255404991867571e-02,8.398079907881969564e-02,9.959283031860911573e-01,2.621374495661384918e-01
2.418771356924038704e-02,-9.963273188287100623e-01,8.213907881079068884e-02,-2.825634472999660751e+00,9.990077210527734675e-01,2.716260489996342661e-02,3.529541290301019957e-02,-6.273341994322424453e-01,-3.739689544919318903e-02,8.120385859453597976e-02,9.959956855128034858e-01,2.517016117227455774e-01
6.513938901035422335e-02,-9.952931390259459610e-01,7.175254286250747071e-02,-2.820819309434398736e+00,9.976996537416741306e-01,6.631171487250922536e-02,1.407683893536359164e-02,-6.290962425624430088e-01,-1.876861537521710283e-02,7.067053048156149431e-02,9.973231247686732415e-01,2.292133782077595827e-01
5.549754556944706818e-02,-9.963483226040616980e-01,6.488484013881226642e-02,-2.829995691552917414e+00,9.982688075917375281e-01,5.663745891730205539e-02,1.586146389092181822e-02,-6.349718747147465869e-01,-1.947845540948286297e-02,6.389223968106798324e-02,9.977666919091839892e-01,2.321192758950220425e-01
1.104948697951363759e-02,-9.984286448921766421e-01,5.493769103503470808e-02,-2.854274572342538008e+00,9.998653146391461854e-01,1.169874286992576319e-02,1.151051679230289705e-02,-6.374611270174392885e-01,-1.213513160423424983e-02,5.480310642686911371e-02,9.984234362768693583e-01,2.074587208464637178e-01
-1.124133038126047882e-02,-9.993747047830880970e-01,3.352360259540076298e-02,-2.854617404245826329e+00,9.995717508125450124e-01,-1.213674911629753286e-02,-2.662732240449149079e-02,-6.512247355845529606e-01,2.701754002132725901e-02,3.320991961151148475e-02,9.990831565843714124e-01,1.883507075601003333e-01
-1.086353176220125789e-02,-9.997308412830842039e-01,2.049947962919211608e-02,-2.846557966903412229e+00,9.996716388196845715e-01,-1.133412531886855527e-02,-2.298156093096041450e-02,-6.461738052168983781e-01,2.320771891459600875e-02,2.024308747874678169e-02,9.995256971144400593e-01,1.904746407303050393e-01
-7.653274303766726024e-03,-9.993494343936324409e-01,3.524394089141306280e-02,-2.842377881644407189e+00,9.996840021385826613e-01,-8.490262698706551106e-03,-2.366033193964823395e-02,-6.490297198246681720e-01,2.394416965815848036e-02,3.505172487101115147e-02,9.990986204188988529e-01,1.778961488461278939e-01
-1.474442684548279026e-03,-9.995103965385409017e-01,3.125369146417242977e-02,-2.839164945128335393e+00,9.999110910962613064e-01,-1.887791864410920872e-03,-1.320023274649894870e-02,-6.539857161465947311e-01,1.325277033133271699e-02,3.123144974611915398e-02,9.994243146058130467e-01,1.495065081187671452e-01
-1.284733408148751657e-02,-9.994363325927613229e-01,3.101552998949360859e-02,-2.833842395912866685e+00,9.992755785546079128e-01,-1.394415163742142479e-02,-3.541015023220314001e-02,-6.605972144881150365e-01,3.582267593791994831e-02,3.053813564452024717e-02,9.988914646546952492e-01,1.471605812169911598e-01
-1.755074809853288467e-02,-9.996165222095876324e-01,2.141914486598657866e-02,-2.828400088369858789e+00,9.987695954661521824e-01,-1.852159406966528629e-02,-4.600267085179197968e-02,-6.617413789986201778e-01,4.638174655574745647e-02,2.058540936505281679e-02,9.987116573404508646e-01,1.581884392770805392e-01
-1.393159672089494538e-02,-9.992153861458947794e-01,3.707455599351131004e-02,-2.821272300693930202e+00,9.988087847035364009e-01,-1.564089357939250566e-02,-4.622092650611690778e-02,-6.685361278487339520e-01,4.676454011162799185e-02,3.638646090715289688e-02,9.982430081151575374e-01,1.550625555705434644e-01
-3.566740899443085217e-03,-9.995762535055234821e-01,2.888930229716138443e-02,-2.810788815068342661e+00,9.973594858034365851e-01,-5.651374538640020415e-03,-7.240247263546777112e-02,-6.913209651415253010e-01,7.253505660893791451e-02,2.855477882394718767e-02,9.969570152062986468e-01,2.020207884384274954e-01
-7.275315880757641379e-03,-9.993738811779468989e-01,3.462535773333390299e-02,-2.805840668112754344e+00,9.961872817546231218e-01,-1.025379232577714080e-02,-8.663578598521652629e-02,-6.798531435067366457e-01,8.693658291635074364e-02,3.386303829053114584e-02,9.956381497253713464e-01,2.306152448520399356e-01
-4.748749827382873351e-02,-9.975627792012525807e-01,5.112180611016554216e-02,-2.817534112184028494e+00,9.970069111659235483e-01,-5.046268415797950518e-02,-5.857249008670790957e-02,-6.619293536138465273e-01,6.100947955095650799e-02,4.818733298123297620e-02,9.969733318123790156e-01,2.087267830653045109e-01
-5.447882003737420514e-02,-9.975213144132781817e-01,4.453409321565600376e-02,-2.820323007002626170e+00,9.962196409385611906e-01,-5.732185042512700363e-02,-6.527352045113600509e-02,-6.570930105872967442e-01,6.766450454692526928e-02,4.080971397896192981e-02,9.968731524468763538e-01,1.960071701559227830e-01
-2.040405574849069731e-02,-9.987421015486119824e-01,4.580271938732522613e-02,-2.807337411867818489e+00,9.979798481377520902e-01,-2.310258752779437499e-02,-5.918186513173657320e-02,-6.626481886800502652e-01,6.016558168889338948e-02,4.450264086301126965e-02,9.971958773161136991e-01,1.867858364814011796e-01
-1.575260666663983594e-02,-9.989749443855495681e-01,4.243719916646128409e-02,-2.813167055571269337e+00,9.981406319097523294e-01,-1.821052149877141341e-02,-5.816920007653582358e-02,-6.688310075907031305e-01,5.888237693917736104e-02,4.144197626357291886e-02,9.974043454333658687e-01,1.814033223194945754e-01
