9.999917054639763103e-01,3.777297290621174034e-03,1.523492181227785371e-03,-5.519196391105651855e-03,-3.777082513379608538e-03,9.999928564548681287e-01,-1.438294843683767010e-04,1.743104308843612671e-03,-1.524024584814247067e-03,1.380739356925513039e-04,9.999988291416411768e-01,-1.297848857939243317e-02
9.999460901981366279e-01,1.008555651441068492e-02,2.469462948615732366e-03,-7.643601957271536212e-04,-1.009230330491450722e-02,9.999453309864129169e-01,2.735041585546355881e-03,1.462787733842950237e-02,-2.441743529031950750e-03,-2.759816709074070298e-03,9.999932106270875698e-01,-5.557049940044357997e-03
9.999764560689516912e-01,5.902445788161948120e-03,3.499777349719554887e-03,1.353579317288655139e-03,-5.921757932856169630e-03,9.999671551392934621e-01,5.533662947175592255e-03,1.556484694062054697e-02,-3.467000254464335050e-03,-5.554257497280653232e-03,9.999785648367115476e-01,3.140837874428278539e-03
9.989395142344354994e-01,4.600612797938193055e-02,1.811929748754932939e-03,-7.751334608444832193e-03,-4.601034465321196532e-02,9.989381788358835390e-01,2.358611655380115670e-03,1.997310370344248728e-02,-1.701495213728733196e-03,-2.439477893520715108e-03,9.999955769210403522e-01,3.795506859486669909e-02
9.818574703799921588e-01,1.876945429254767150e-01,2.695675082421587418e-02,1.021481528160858437e-01,-1.879188463336353698e-01,9.821661037660112115e-01,6.020947245097820963e-03,-1.164917407110010669e-02,-2.534590798606427622e-02,-1.097739354715305225e-02,9.996184681063433608e-01,2.968867275449758175e-02
8.762334798384033840e-01,4.813041149492541249e-01,2.369045679587703651e-02,2.537237085888643939e-01,-4.816012803479505777e-01,8.763475109814032882e-01,8.674489259523363374e-03,-1.511030922044870606e-01,-1.658600547138761039e-02,-1.901023223461520070e-02,9.996817070912564773e-01,3.353219980237172326e-02
7.555162765526447499e-01,6.551298229096825798e-01,-2.664551655243546082e-04,3.373896383335899807e-01,-6.549144488851340595e-01,7.552782050319161167e-01,2.533569902820093436e-02,-2.716628568777245123e-01,1.679941979677700842e-02,-1.896702765576285463e-02,9.996789641461886200e-01,2.789164354654702707e-02
5.395058549295606021e-01,8.400552072868037179e-01,-5.692698136252294372e-02,4.317068682580007533e-01,-8.388087042864879050e-01,5.421070597563765192e-01,5.019853957556198731e-02,-3.943044953503743733e-01,7.303006305588691238e-02,2.066844146570995938e-02,9.971155526905751687e-01,4.293676936278494061e-02
3.424885236278699119e-01,9.395161549141316515e-01,-3.317504870720495037e-03,6.632870740821762423e-01,-9.376389796902364626e-01,3.420234102493185935e-01,6.207359025284555493e-02,-5.901834501405647249e-01,5.945380516547134342e-02,-1.814887039987865894e-02,9.980660617186389860e-01,-4.433179424901007026e-02
7.224217967069962443e-02,9.973740144724667633e-01,-5.112996333067314041e-03,5.511423492747477004e-01,-9.949441703266327375e-01,7.242286633758605874e-02,6.957748460886080399e-02,-7.986792580649475504e-01,6.976507299125007944e-02,6.071675033811219920e-05,9.975634470568783829e-01,-5.639018203466667628e-02
-2.252153575146769171e-01,9.727842869524148117e-01,-5.448645517941226590e-02,4.880262849911855549e-01,-9.732435357194554326e-01,-2.220023765524480053e-01,5.926183413764562341e-02,-1.052721474933750345e+00,4.555285852533391688e-02,6.637526544991617650e-02,9.967543635302650307e-01,-3.411929681550456006e-02
-3.611207203585184988e-01,9.304298525390675145e-01,-6.238681617035553989e-02,4.114546945478051998e-01,-9.317317170514791691e-01,-3.572588132348766266e-01,6.513177263294350761e-02,-1.258940226244576799e+00,3.831230569995407176e-02,8.164820800321616334e-02,9.959245640919880405e-01,-3.942499784947989944e-02
-4.597560640705143920e-01,8.875282935685346875e-01,-3.029669397333649081e-02,2.673839275838145735e-01,-8.840528060887805628e-01,-4.541912957508195681e-01,1.102764839426070009e-01,-1.437818495438712096e+00,8.411300492160414533e-02,7.748415953932945299e-02,9.934390808819338892e-01,-5.214217866096704929e-02
-6.735614169041734822e-01,7.371847405641384077e-01,-5.360667810475054640e-02,2.992360532991833466e-02,-7.384160814555534857e-01,-6.679478366648774479e-01,9.266810747250231461e-02,-1.520071296123207460e+00,3.250705009482771773e-02,1.020016949569659964e-01,9.942529587182721285e-01,-3.814279318338718860e-02
-8.515266993142265317e-01,5.242624594559082141e-01,-7.152199679914452574e-03,-1.833257133764831515e-01,-5.223256603283953359e-01,-8.470369595064773938e-01,9.851037403506091028e-02,-1.523752910407747629e+00,4.558711350288451730e-02,8.761999107089714356e-02,9.951103216464045609e-01,-4.142167688836959072e-02
-9.584402020743401085e-01,2.850202856857250722e-01,-1.248261973009509238e-02,-3.646724362275929332e-01,-2.838424303629460965e-01,-9.482448733496303683e-01,1.423556633639816993e-01,-1.502924440000210415e+00,2.873767167594733912e-02,1.399824878824880159e-01,9.897368586209539520e-01,-4.723863673665316953e-02
-9.990250426311055865e-01,4.344603634155259908e-02,7.836205850189500999e-03,-6.654827850181193050e-01,-4.207893551729098569e-02,-9.907953723158293702e-01,1.286619344766300188e-01,-1.410656295305122043e+00,1.335392757392809410e-02,1.282067553748454936e-01,9.916575520282213674e-01,-9.608572676846921512e-02
-9.968169735805260112e-01,-7.836114494517827656e-02,1.467828820544819432e-02,-9.917260964196548123e-01,7.958001638333743466e-02,-9.890679534289686936e-01,1.241434834868875153e-01,-1.287699666481713523e+00,4.789798971687856538e-03,1.249164299150121588e-01,9.921557052011031885e-01,-8.876007701728381993e-02
-9.558050440230416722e-01,-2.873539974321471235e-01,6.216428218742280770e-02,-1.190938564361470497e+00,2.934756626224875320e-01,-9.451619189369613316e-01,1.433212560637560085e-01,-1.172892112984482260e+00,1.757137639468661638e-02,1.552308833678611444e-01,9.877219343420644559e-01,-1.212992847284764808e-01
-8.866919744087183863e-01,-4.508341198555947948e-01,1.025959984268409314e-01,-1.381505020653402749e+00,4.609254610528739637e-01,-8.793731261116772835e-01,1.193759792662306835e-01,-1.071539796441328907e+00,3.640139931876892887e-02,1.531388306296198876e-01,9.875340179867364565e-01,-7.144315629578174009e-02
-8.323501006649323131e-01,-5.445424570889462190e-01,1.032803095977682245e-01,-1.552700865583075629e+00,5.540717695890667871e-01,-8.222363388916229532e-01,1.301225466648271156e-01,-9.241249700912745890e-01,1.406357235972621918e-02,1.655322187177882820e-01,9.861041022624582597e-01,-6.605055869328349538e-02
-7.984497487837156626e-01,-5.860424173862247565e-01,1.379575430751497911e-01,-1.693223948701914283e+00,6.014024058742200030e-01,-7.870732831117694950e-01,1.372253373847560909e-01,-7.085344231410226623e-01,2.816282791058868570e-02,1.925355344755104725e-01,9.808857849353856961e-01,-9.689836906252577431e-02
-5.822134532037622767e-01,-8.012579765686581590e-01,1.378881789481991860e-01,-1.750446356609333787e+00,8.113523004929905635e-01,-5.616821331370912551e-01,1.619278413346471324e-01,-5.150326308658719210e-01,-5.229664801191667017e-02,2.061524588736863006e-01,9.771213969139403988e-01,-8.649714530018456915e-02
-2.117272547659155291e-01,-9.646529734745072915e-01,1.568955396309310857e-01,-1.659370369389044031e+00,9.668552602716709021e-01,-1.833023447914736981e-01,1.777390111341550227e-01,-2.371576814921415588e-01,-1.426971452913079474e-01,1.893274706975711374e-01,9.714899039953895921e-01,-1.302105358922705791e-01
1.178504924398975917e-01,-9.688296597095592544e-01,2.178998666790173400e-01,-1.606556623699374020e+00,9.678371759496694482e-01,1.611751888041806080e-01,1.931676975161880361e-01,-2.573007826066381343e-02,-2.222666468038839160e-01,1.881266833306655117e-01,9.566639371992448071e-01,-1.484997576628696858e-01
2.554107800691422514e-01,-9.507255166710831817e-01,1.757450578963019316e-01,-1.524182972128085067e+00,9.480656891631019656e-01,2.819216209000072193e-01,1.472808497422710694e-01,1.818764965751497042e-01,-1.895699935542678460e-01,1.290007427095470338e-01,9.733560632801440127e-01,-1.967578733106488398e-01
2.727413262545754780e-01,-9.505639848656313173e-01,1.484596902504769222e-01,-1.475677039252100142e+00,9.438716566025512344e-01,2.942578949505278985e-01,1.500619442818193483e-01,3.862663864653152479e-01,-1.863289156713232586e-01,9.919880007165557401e-02,9.774666916315318810e-01,-2.178897051014808683e-01
4.065933180775229694e-01,-8.991228189619923095e-01,1.620494681156072481e-01,-1.371777707043128736e+00,8.890389349173547506e-01,4.302438365714121860e-01,1.565248008889571774e-01,5.708703253358486940e-01,-2.104558050891593146e-01,8.042634838255849350e-02,9.742894624238325196e-01,-2.668876294909149349e-01
6.109270813796489064e-01,-7.726372370347827090e-01,1.726261891608612264e-01,-1.235138143291481194e+00,7.641757605047836410e-01,6.324902611638534289e-01,1.264574101815165996e-01,7.412415095641411433e-01,-2.068900874712950588e-01,5.466049286402062390e-02,9.768360774592540485e-01,-2.929169760874437700e-01
7.784538056227109371e-01,-5.966619244826412150e-01,1.949467116526720778e-01,-1.094248018782070453e+00,5.842690466054628606e-01,8.022766971948804837e-01,1.224000911634369887e-01,8.433966010570960181e-01,-2.294326779041354625e-01,1.861851258143242330e-02,9.731464418570269226e-01,-3.123121575365342961e-01
8.743214469610481876e-01,-4.642817609136035695e-01,1.414371021581782850e-01,-8.891302022001414951e-01,4.493246574467070764e-01,8.844704171274502258e-01,1.257753292056653927e-01,8.568832751431547656e-01,-1.834921240662362452e-01,-4.641689034562124228e-02,9.819246980783725709e-01,-3.681411897098652575e-01
9.617592794956847380e-01,-2.192338659554602109e-01,1.641816077463162937e-01,-7.355794622930762472e-01,2.059783890029065478e-01,9.740281698229376062e-01,9.403205652938669001e-02,8.797877080500922098e-01,-1.805325221884116482e-01,-5.661833986970715021e-02,9.819380693417933959e-01,-3.691994873216063455e-01
9.883404988084513176e-01,5.594447208202304317e-02,1.416095846280396864e-01,-5.985323474873457394e-01,-6.497062447459948931e-02,9.960855398631335289e-01,5.993676026405102275e-02,8.760608797464917163e-01,-1.377021291427358018e-01,-6.843839068120716185e-02,9.881064266112853378e-01,-3.880027259751671620e-01
9.348138447128673256e-01,3.316675528616481738e-01,1.269634203694656460e-01,-4.332674241459888442e-01,-3.382829364652109039e-01,9.404285623662749227e-01,3.404076941221040320e-02,7.907706556469018544e-01,-1.081098082026860363e-01,-7.477134119746239871e-02,9.913231137756804978e-01,-3.879627878938644026e-01
8.843129007821077803e-01,4.525955625673647176e-01,1.146645117491246202e-01,-3.203750644866300012e-01,-4.553536358744432744e-01,8.903074479084279735e-01,-2.390500932148968520e-03,6.881948332445773087e-01,-1.031685989352327804e-01,-5.009895151710073991e-02,9.934013968435054798e-01,-3.847510266679080027e-01
8.247444299178133820e-01,5.581433886399977951e-01,9.095374119299218241e-02,-2.001245774150008927e-01,-5.633578328818250602e-01,8.249199719103055273e-01,4.620597444264335635e-02,5.642972186354336950e-01,-4.923999847923014872e-02,-8.934762258147341263e-02,9.947826018225305322e-01,-3.532336411539178656e-01
7.845187861814579833e-01,6.120565495876201245e-01,9.958440759109647711e-02,-7.095000932419318063e-02,-6.179130028989187062e-01,7.850902284317624602e-01,4.262457119319365551e-02,4.187665203529093993e-01,-5.209409733177762514e-02,-9.497427719051371175e-02,9.941157335518466809e-01,-3.274761317073349720e-01
7.200014831369860868e-01,6.923272942087934645e-01,4.775753316568646933e-02,1.744084971797499328e-02,-6.939481608042448180e-01,7.188459725194159544e-01,4.118759411547004423e-02,2.517049588225441781e-01,-5.815014784682694983e-03,-6.279638115485848548e-02,9.980094188517997233e-01,-3.256561206562831323e-01
6.400275196559057633e-01,7.675577933439898803e-01,3.492574924056359581e-02,1.501728734241530028e-01,-7.683496690236482074e-01,6.392524143250629676e-01,3.154579038204567004e-02,1.000815780103025132e-01,1.886847730793077618e-03,-4.702536184319579260e-02,9.988919136468953353e-01,-2.991525670649897717e-01
5.804598843003071496e-01,8.139426627778222345e-01,2.374161806244099240e-02,2.799070955540139405e-01,-8.121137059934221414e-01,5.765335754631084608e-01,8.989084993119873801e-02,-2.748990473233245413e-02,5.947815780354293730e-02,-7.145892578168920595e-02,9.956686048432094038e-01,-3.011248669497061936e-01
5.428946312011626585e-01,8.392288565964766134e-01,3.098944447266861399e-02,3.612407640166941380e-01,-8.326781008225437875e-01,5.331276509243606521e-01,1.497400688875038244e-01,-1.813515803599346221e-01,1.091448570639727694e-01,-1.070973112437654251e-01,9.882396298979514437e-01,-2.578489482820736090e-01
4.479245987358466685e-01,8.927580804142709603e-01,4.844134290415087751e-02,4.606947534805169164e-01,-8.907109720968791056e-01,4.408925388185575556e-01,1.106694781787610077e-01,-3.593099772017924742e-01,7.744364424252836443e-02,-9.271881723336151959e-02,9.926760311890694410e-01,-2.462409330108663585e-01
2.689546495717780594e-01,9.615449719805984063e-01,5.562969829643910763e-02,4.643973430238675926e-01,-9.564151917037172490e-01,2.598075443553646280e-01,1.333042421469664840e-01,-6.012292604423971065e-01,1.137250084724721610e-01,-8.905788429367753056e-02,9.895126657567699935e-01,-2.111050787905218717e-01
4.058425417374389443e-02,9.981019729530402618e-01,4.631813792036567484e-02,4.735505216792376681e-01,-9.954280511523702080e-01,3.637712128219184465e-02,8.831591037981272041e-02,-7.722751565294656562e-01,8.646336387254058287e-02,-4.969060911751616016e-02,9.950150401242053855e-01,-1.906592000857370295e-01
-1.190803078149543087e-01,9.895118845242986128e-01,8.176864115213949846e-02,3.665076090097268424e-01,-9.830121189234497514e-01,-1.290804855710360188e-01,1.304814250932864739e-01,-9.819866955698320909e-01,1.396676567438759620e-01,-6.484179693621330842e-02,9.880731182608688545e-01,-1.412659404248380324e-01
-2.489745791027866972e-01,9.662508930246518357e-01,6.611256075552859879e-02,2.213779112611709843e-01,-9.564961139667701451e-01,-2.560311164154762120e-01,1.398686934003182947e-01,-1.184398535345631887e+00,1.520751226435727577e-01,-2.841265837805405717e-02,9.879604637417600532e-01,-1.080208595658720683e-01
-4.975551137425435200e-01,8.660543590080589382e-01,4.887490185959632305e-02,5.811569115759016024e-02,-8.551180234418591652e-01,-4.991727969075434590e-01,1.399988743254320656e-01,-1.329257631873307366e+00,1.456436568255982389e-01,2.786334636472559759e-02,9.889446694106934777e-01,-7.431074848813987166e-02
-7.297045899183455253e-01,6.805661840849834832e-01,6.603696337736815469e-02,-1.371208367912863657e-01,-6.658769833646207559e-01,-7.292404602475336395e-01,1.575315656089202598e-01,-1.356210985874510611e+00,1.553674820460575201e-01,7.097901251757031404e-02,9.853034686352716287e-01,-4.956743114993254762e-02
-8.713604487968519274e-01,4.887409900317276623e-01,4.316495031105289926e-02,-2.504394607902850622e-01,-4.766811161332406011e-01,-8.641199189513427692e-01,1.614678890476138606e-01,-1.413357129926111178e+00,1.162156693157896520e-01,1.201208155747005846e-01,9.859335210201298771e-01,-2.152452705234367963e-02
-9.376266612902630637e-01,3.324546213921326654e-01,1.016374377514914912e-01,-4.760706063760281048e-01,-3.134785485635930846e-01,-9.349307391146317592e-01,1.662399249549612879e-01,-1.388085643668858449e+00,1.502911961098774285e-01,1.240098293426041831e-01,9.808333796309542940e-01,-5.028802656721877151e-03
-9.784998655930885469e-01,1.762019901768328289e-01,1.071954835430640324e-01,-6.319408449178065545e-01,-1.533639583118984739e-01,-9.691266071929474091e-01,1.930624653359443166e-01,-1.379054306257008644e+00,1.379039858931361551e-01,1.724716727129695371e-01,9.753132895569378569e-01,3.300743150019361943e-02
-9.808132800142891350e-01,-1.513318369420100229e-01,1.228982704327812869e-01,-8.199255663334857891e-01,1.752752750934451764e-01,-9.605143430375209235e-01,2.160804821359773031e-01,-1.271356480528245569e+00,8.534569519623780298e-02,2.334756345894711815e-01,9.686099526458077369e-01,2.794899806494667918e-02
-9.159169504373035897e-01,-3.760338017942310151e-01,1.403378773168798277e-01,-9.864994710761714192e-01,3.996312885572433915e-01,-8.868822674235288250e-01,2.318074134616431303e-01,-1.224348510081672448e+00,3.729575187213048787e-02,2.683997459720802170e-01,9.625853745275868567e-01,6.177790489795098594e-02
-8.519563199467140580e-01,-5.127132768376960748e-01,1.062804058009031993e-01,-1.201790786098224650e+00,5.230856981921779836e-01,-8.242762645165288005e-01,2.166794685739250048e-01,-1.102929725245714643e+00,-2.349002447111837172e-02,2.401952029267641897e-01,9.704403553239715485e-01,5.832837674361868174e-02
-8.529330476712824183e-01,-5.028156307724592766e-01,1.402913313112118809e-01,-1.348302434233805913e+00,5.208021724269974451e-01,-8.379861941600493802e-01,1.629240178502717462e-01,-9.331411932428765876e-01,3.564145599576117041e-02,2.120273092034373752e-01,9.766135913279374581e-01,7.111785895170120997e-02
-8.427643905328259244e-01,-5.298079696656556870e-01,9.514040849497452934e-02,-1.478397860266719377e+00,5.376681012975991214e-01,-8.201057964452832527e-01,1.958047381548313204e-01,-8.199628777503186194e-01,-2.571371028982585849e-02,2.161712236066667681e-01,9.760168068161158006e-01,6.667690821458954753e-02
-8.107915409853041488e-01,-5.754696020306476756e-01,1.070131496843466229e-01,-1.615679680995618206e+00,5.842225165266574649e-01,-7.843447107417669262e-01,2.085363899051509984e-01,-7.089215741904368873e-01,-3.607115537289096174e-02,2.315990325327422772e-01,9.721423557689287120e-01,5.333657895676745253e-02
-6.999786947130753889e-01,-7.024447829019723200e-01,1.288454652736409356e-01,-1.724891328948997993e+00,7.119048377232478630e-01,-6.719767450773305173e-01,2.040557671361244718e-01,-5.529760207002791805e-01,-5.675675267327488088e-02,2.345603995756271598e-01,9.704432440781411984e-01,1.054932974175427918e-01
-5.923688346254267767e-01,-7.913425215138664148e-01,1.512487269651893451e-01,-1.811159415509142834e+00,8.022746577668242729e-01,-5.621778173001314993e-01,2.007771780875124978e-01,-4.139639527451964285e-01,-7.385483917549698352e-02,2.402771636667464517e-01,9.678906691102177051e-01,7.309844932519928007e-02
-4.744965756809635948e-01,-8.646408757455543714e-01,1.650731827311785194e-01,-1.890428292023307977e+00,8.788110544359354348e-01,-4.545673351537183882e-01,1.451194970100371795e-01,-1.871263771374841456e-01,-5.043937220305819841e-02,2.139268421708890866e-01,9.755466036692213017e-01,5.578715105625103865e-02
-3.067996823614385637e-01,-9.410122102255255028e-01,1.427234217267530914e-01,-1.909222059423034246e+00,9.440603020944255963e-01,-2.818193024320662654e-01,1.712542752344746733e-01,-7.045910440056180057e-02,-1.209301488972121807e-01,1.872802738762836261e-01,9.748343439295326096e-01,4.000749061405010909e-02
-2.772613450372952981e-02,-9.907885751923508622e-01,1.325490880156977580e-01,-1.819180565991668219e+00,9.812527341353289856e-01,-1.677188689886865329e-03,1.927180811186107179e-01,9.902505552021398372e-02,-1.907205631740372664e-01,1.354074824609429184e-01,9.722605003167450466e-01,1.735870936874260584e-02
2.435730744535470338e-01,-9.569711541815749678e-01,1.577287781783389409e-01,-1.736295347357400098e+00,9.381809502088566122e-01,2.737142450264801741e-01,2.118891614377442778e-01,3.134956971058390218e-01,-2.459444288176771964e-01,9.636764049186057057e-02,9.644815269353673726e-01,-1.094154052310923955e-02
3.954873936821876601e-01,-9.115429529972730593e-01,1.126018040685055205e-01,-1.559600547173566776e+00,8.957554081241478894e-01,4.098937694138186094e-01,1.720736662365049130e-01,5.031581417544988000e-01,-2.030073157667266481e-01,3.281070917768547091e-02,9.786273484368017694e-01,-1.018646681094349249e-01
4.329903397631504891e-01,-8.889539976932935295e-01,1.492653866671837526e-01,-1.407539796921735586e+00,8.779541774764837436e-01,4.534275416437396067e-01,1.536226764852934024e-01,6.727341468771794730e-01,-2.042445297269482596e-01,6.453103489040483420e-02,9.767906211735402078e-01,-1.620904727207087836e-01
5.186305606283047043e-01,-8.348369518778637755e-01,1.845795366817462868e-01,-1.292366643933860582e+00,8.248840296595661981e-01,5.453556267249323186e-01,1.488407807425492779e-01,8.265557654349988681e-01,-2.249192726179024826e-01,7.506333444987163539e-02,9.714817634038735994e-01,-2.092938073293396373e-01
6.051443511932781405e-01,-7.823699404415136449e-01,1.473010200657448032e-01,-1.212739067920606262e+00,7.804076030026251276e-01,6.195353871154775094e-01,8.449779457105190128e-02,9.810424884934265677e-01,-1.573667289949289005e-01,6.382147291638737285e-02,9.854757897585403326e-01,-2.151584454905221266e-01
5.670117532748947253e-01,-8.063546184426508834e-01,1.681960194663867925e-01,-1.163133409198216839e+00,8.037664134881390421e-01,5.862866040471941265e-01,1.011314514047034208e-01,1.075538942641884432e+00,-1.801588859771946216e-01,7.784758975726320529e-02,9.805521549476297061e-01,-2.199943288516102435e-01
5.554224249349755116e-01,-8.173993989918719727e-01,1.528533689752316349e-01,-1.137077940563229861e+00,8.088812559125924118e-01,5.737068888417533596e-01,1.287304141560278725e-01,1.103113559442370883e+00,-1.929171939268725100e-01,5.214046627373153386e-02,9.798287238411306221e-01,-2.197469589627797371e-01
5.912559795538747665e-01,-7.910975948596459251e-01,1.567831688960011904e-01,-1.125962271206758070e+00,7.817175059063833364e-01,6.099723626578433811e-01,1.298131647912152131e-01,1.145390068089897628e+00,-1.983282824039266090e-01,4.580733784986277396e-02,9.790646455662751491e-01,-2.279724608909134698e-01
7.522473273414245210e-01,-6.411530116510831823e-01,1.518116403917374457e-01,-1.004369214236412455e+00,6.258585460598141692e-01,7.673482618674988265e-01,1.395626215461113762e-01,1.174732864704683521e+00,-2.059733935040630182e-01,-9.972996524296794812e-03,9.785067708037311629e-01,-2.544231787723223448e-01
9.213796081453243803e-01,-3.647276983671092765e-01,1.342882114625109924e-01,-9.063664460621453367e-01,3.360829647639654860e-01,9.212011387360667936e-01,1.960528061182399417e-01,1.173495008075743140e+00,-1.952123420520134878e-01,-1.355070774358440311e-01,9.713547104304187663e-01,-2.740929817938340673e-01
9.711193476439784478e-01,-2.157395628745472360e-01,1.019002141422365587e-01,-7.177674910227794802e-01,1.954028944277472202e-01,9.642139059115026889e-01,1.791905480100495773e-01,1.155945079119179875e+00,-1.369120939902430112e-01,-1.541038113012859478e-01,9.785229143262937912e-01,-2.759122078401921030e-01
9.921649353637959079e-01,3.224129912869257153e-02,1.207031054490706329e-01,-5.838083552619746097e-01,-5.251046818575043351e-02,9.842642143082208639e-01,1.687205001270833948e-01,1.133177231169118615e+00,-1.133639791356518406e-01,-1.737367406817395543e-01,9.782454462821773555e-01,-2.861003745559185241e-01
9.517353811118056672e-01,2.739300651759954408e-01,1.384271784464365385e-01,-3.321125302626836695e-01,-2.925907625380064214e-01,9.459798085463619888e-01,1.396883942924934952e-01,9.880184108332756843e-01,-9.268446481150019456e-02,-1.734489008764898421e-01,9.804718602628746948e-01,-2.844467389727461937e-01
9.233676412364423269e-01,3.692764075340634888e-01,1.050101612044552907e-01,-1.487758975783370075e-01,-3.815713062480312057e-01,9.129184283164990532e-01,1.448560716307859819e-01,8.312215936436768704e-01,-4.237378158271989936e-02,-1.738242735605961264e-01,9.838646169852383050e-01,-2.316176442066742447e-01
9.021186845472254356e-01,4.118974011447225636e-01,1.285395266873491649e-01,2.877752854472043209e-02,-4.275394933503767758e-01,8.934885239534127166e-01,1.374344905373249270e-01,7.165434991177463964e-01,-5.823968248957678978e-02,-1.789379459303559738e-01,9.821350980846458301e-01,-2.858246799844021968e-01
9.087387570741194409e-01,4.099883834517374370e-01,7.812423968280401976e-02,2.044922369804565154e-01,-4.173581518215870312e-01,8.937637836457175133e-01,1.643121180904172363e-01,5.889568842711752072e-01,-2.458556375926706193e-03,-1.819225782521832757e-01,9.833097838538084057e-01,-3.011547047064530580e-01
8.879319155845181166e-01,4.512087330246386530e-01,8.937333231288492608e-02,4.404505688227136062e-01,-4.597112149370871648e-01,8.770886322661836099e-01,1.392161269770918475e-01,4.446763049535596424e-01,-1.557280152944853606e-02,-1.647003654875588141e-01,9.862207042344973695e-01,-2.598429632060822447e-01
8.059579263647533853e-01,5.895253954580413902e-01,5.377386948944388317e-02,5.409200508533142937e-01,-5.895758550515558527e-01,7.912096016637565343e-01,1.624428434105540109e-01,3.314272089420077783e-01,5.321777964227372704e-02,-1.626258723116338623e-01,9.852515889785844472e-01,-2.494328276692399093e-01
6.248857356265168361e-01,7.785309032682592445e-01,5.837336778717107377e-02,6.548613301858325908e-01,-7.763844419115150108e-01,6.118137705353834388e-01,1.513641587068153826e-01,2.052808167386820926e-01,8.212804495573916563e-02,-1.399054782329353930e-01,9.867529789122304607e-01,-2.105774728605601942e-01
4.236637265970653043e-01,9.049798639338041406e-01,3.899349484518438436e-02,7.444367947023580179e-01,-8.983809627320873403e-01,4.142896061664194107e-01,1.458621541834625723e-01,-1.169748408099288706e-02,1.158477128235776143e-01,-9.682751725014678013e-02,9.885361598528995541e-01,-1.925710321863740859e-01
2.207458185494134695e-01,9.746602518996134723e-01,3.617564042186759837e-02,7.238068976359739448e-01,-9.609401593360523686e-01,2.109909182806092576e-01,1.791000909500235216e-01,-2.543472430948137686e-01,1.669290081685944060e-01,-7.429822185011043800e-02,9.831655407212765985e-01,-1.527081384552278487e-01
-2.554500433116946995e-02,9.995064797677302160e-01,1.828249589200875783e-02,6.947835948614926593e-01,-9.892983990016476215e-01,-2.790370025949755889e-02,1.432133417129992647e-01,-4.771055908445342997e-01,1.436528123166987969e-01,-1.442845848137862090e-02,9.895229603699722265e-01,-1.227259934405029312e-01
-2.266468745286928932e-01,9.738795169532803442e-01,1.377972152190053666e-02,6.272294415194311634e-01,-9.566614832085337250e-01,-2.252511269299428409e-01,1.845555102456675478e-01,-6.719453471662283350e-01,1.828387289707055496e-01,2.864640074488675539e-02,9.827254870576723755e-01,-6.675443008041848092e-02
-4.159414609232685578e-01,9.093893434379981544e-01,-1.929540469756689048e-03,5.561797429298049877e-01,-8.939660484492364390e-01,-4.084960851095648104e-01,1.842705963256646429e-01,-8.346771958963314919e-01,1.667855068795682794e-01,7.837072470997001605e-02,9.828736562770205021e-01,5.183671016193533432e-03
-4.932339298359323942e-01,8.695528365450632124e-01,2.445720578966170677e-02,4.714581761055713915e-01,-8.477153774003093334e-01,-4.867755675242637081e-01,2.107799463432926679e-01,-9.821068430756112466e-01,1.951894704579464346e-01,8.323107182936902160e-02,9.772275371194161231e-01,3.337423043116766186e-02
-5.490199930670139894e-01,8.322823454316178315e-01,7.670166031802755358e-02,3.524176234379665651e-01,-8.022168522436144977e-01,-5.504860723077076301e-01,2.311129727461861127e-01,-1.110319608580816686e+00,2.345744427448200609e-01,6.535427819262097648e-02,9.698987829319499765e-01,6.611977994197068553e-02
-7.115234204332427925e-01,7.012405458394000979e-01,4.467794809344003554e-02,1.501926127730945915e-01,-6.793456988316548539e-01,-7.027645412821120763e-01,2.112141590790553580e-01,-1.207147167601872795e+00,1.795100098989188542e-01,1.199320490419579638e-01,9.764181788346050217e-01,1.060606269417352782e-01
-9.365918161218956817e-01,3.454243285899894489e-01,5.897290218096121195e-02,-4.283839859406771144e-02,-3.262513174298859453e-01,-9.209713940101773577e-01,2.130065005820570012e-01,-1.195104283712678184e+00,1.278899833792857543e-01,1.802601581967157862e-01,9.752694127871234242e-01,1.288245736404602937e-01
-9.990253709808675220e-01,1.364491750002029546e-02,4.197766504891234374e-02,-2.638913135188455938e-01,-5.190942992641374952e-03,-9.807393649970361782e-01,1.952520219000486723e-01,-1.095653919626985884e+00,4.383334629466682786e-02,1.948438199472272425e-01,9.798543379405859621e-01,1.599279441846689354e-01
-9.658679327611918719e-01,-2.463852576472816136e-01,7.995899747811770208e-02,-5.155155350313560536e-01,2.577784112780656667e-01,-9.446118740364234379e-01,2.031223722497157436e-01,-9.735757358008024775e-01,2.548386043320515978e-02,2.168010891196780199e-01,9.758831183158882538e-01,1.303199968524247909e-01
-9.303725129855382470e-01,-3.578618593007664161e-01,7.963590106713362704e-02,-7.367308388876450120e-01,3.664526915964188003e-01,-9.012798152734280421e-01,2.310998039861459352e-01,-8.368331287194167301e-01,-1.092757533560563543e-02,2.441916956788128534e-01,9.696654081995451646e-01,1.272935451899158965e-01
-8.765211904221609229e-01,-4.778733670120470789e-01,5.785886139122280863e-02,-9.133677656647704035e-01,4.755778674603600709e-01,-8.411285328571233011e-01,2.575431676350184995e-01,-7.165462554381758498e-01,-7.440628147391138703e-02,2.532584377946625609e-01,9.645329797176621645e-01,1.265185916595792659e-01
-8.048305595989808658e-01,-5.900338414054163705e-01,6.409240463550200384e-02,-1.063819222075379489e+00,5.878443641758699378e-01,-7.776143364858102425e-01,2.230581699880103408e-01,-5.423345829354884184e-01,-8.177269619047204674e-02,2.172003906260339123e-01,9.726958499292772675e-01,1.135650671270280743e-01
-7.733753789070567652e-01,-6.313302010861597813e-01,5.755606394531339459e-02,-1.201328567596453789e+00,6.256048551264222768e-01,-7.453635599387758992e-01,2.303296089469244468e-01,-4.053609113218713533e-01,-1.025138456142156151e-01,2.141386016389965063e-01,9.714090645786048750e-01,9.175613980588687157e-02
-7.855294529629947009e-01,-6.130450648789240731e-01,8.437551158514865202e-02,-1.360069987437504180e+00,6.177827012356520431e-01,-7.689760271642490652e-01,1.643788420103673709e-01,-2.851642131717698758e-01,-3.588889217626931027e-02,1.812501533083073768e-01,9.827819541200760733e-01,4.982150441459522877e-02
-7.776263346682088518e-01,-6.229440598886287761e-01,8.507632972784336112e-02,-1.463511611234554310e+00,6.271005460884634397e-01,-7.587554266285680971e-01,1.761678394521845603e-01,-1.328661679487755376e-01,-4.519058227150938439e-02,1.903441641111522920e-01,9.806767614575093717e-01,1.882861287389103397e-02
-7.095961568290681809e-01,-6.973017580203506594e-01,1.012104365920146049e-01,-1.647024065550216854e+00,7.035562033134835636e-01,-6.933409140719126729e-01,1.558430160547497612e-01,4.827893164021010430e-02,-3.849627244984588775e-02,1.817928357654788607e-01,9.825830254343970172e-01,-2.880089956838955897e-02
-4.888861745437751427e-01,-8.685557040329845435e-01,8.124836817882136186e-02,-1.733299529065739586e+00,8.693697712063540584e-01,-4.774104594765373188e-01,1.275752879479929158e-01,2.149703290734304162e-01,-7.201742325690961566e-02,1.330046697457262228e-01,9.884954469157991586e-01,-4.926634645886440733e-02
-2.049286317608730867e-01,-9.760064121519252955e-01,7.359170688973044883e-02,-1.716042567447165768e+00,9.695575034852335072e-01,-1.921283010320448681e-01,1.518056763695667666e-01,4.172569673920205613e-01,-1.340242639229848320e-01,1.024607211611732044e-01,9.856669302046379144e-01,-6.269941533618318685e-02
3.912890981953624780e-02,-9.941509743233074570e-01,1.006616544089874721e-01,-1.644421586791355194e+00,9.851241724236843300e-01,5.524966860540151542e-02,1.627201248326237415e-01,6.726922832430579646e-01,-1.673298936917308743e-01,9.279716790405317939e-02,9.815240151448669792e-01,-1.162760829498178106e-01
2.365225925084082637e-01,-9.643068151687982370e-01,1.190354125968910992e-01,-1.574820029112957265e+00,9.451637277722341191e-01,2.567451182307029511e-01,2.018600306360741892e-01,8.371318405097583071e-01,-2.252167643333777280e-01,6.476349653711249710e-02,9.721538451189150054e-01,-1.419622893234380456e-01
4.522781510851130449e-01,-8.866555501262126660e-01,9.636601829180337087e-02,-1.438783944299230511e+00,8.751003583065840585e-01,4.620310184420188260e-01,1.439677077997679744e-01,9.467605733096664533e-01,-1.721738567341769555e-01,1.921648843609509438e-02,9.848791243748973301e-01,-1.997743948218748400e-01
6.083689534125547027e-01,-7.855124386726473062e-01,1.133905869738075778e-01,-1.325092733699989145e+00,7.736619619129064818e-01,6.188258702805280453e-01,1.360209945582659674e-01,1.103795216654507971e+00,-1.770152118118284990e-01,4.975033879064988569e-03,9.841955414576493144e-01,-1.958748167668239171e-01
6.746989243853019902e-01,-7.334952850758854614e-01,8.225587033618568522e-02,-1.228892286412294865e+00,7.230672456740234733e-01,6.792187517950226683e-01,1.258397609795607053e-01,1.222746054770906143e+00,-1.481726009311412351e-01,-2.542742577330764711e-02,9.886345767531315998e-01,-2.206966040559363573e-01
7.063074543873689715e-01,-7.058968766277492479e-01,5.328582779711758116e-02,-1.130704130906696303e+00,6.995122028457141372e-01,7.075099977102201620e-01,1.005598389518446573e-01,1.348030966056147584e+00,-1.086851321330222914e-01,-3.375207708086201686e-02,9.935030645881043343e-01,-2.297463169032841201e-01
8.055690176979122263e-01,-5.910013268261489205e-01,4.214248942520422425e-02,-1.029230082341864971e+00,5.831931361766190536e-01,8.034629294625756923e-01,1.197208707615173423e-01,1.335532485332724395e+00,-1.046151214772586824e-01,-7.186621368311926772e-02,9.919127601201380706e-01,-3.240470056098427865e-01
9.553073519908998890e-01,-2.938820210086228735e-01,3.195654799917083816e-02,-8.438742297461832020e-01,2.875239498127774573e-01,9.488349590720289717e-01,1.305457725353092735e-01,1.302873354532692707e+00,-6.868654537968513218e-02,-1.155230633712092947e-01,9.909271316868540902e-01,-3.503874419750730995e-01
9.932298433912403191e-01,1.000873003286379959e-01,5.896618106964422040e-02,-6.946215505700499282e-01,-1.074901908138014700e-01,9.843273100237496243e-01,1.398055993879422365e-01,1.243517279048633073e+00,-4.404925738108993877e-02,-1.451973796400413685e-01,9.884216629909727825e-01,-3.123015105643187073e-01
9.438530345979190272e-01,3.252500534202728000e-01,5.791244970133779812e-02,-5.794489513056395591e-01,-3.302369212401390364e-01,9.337686100799539313e-01,1.379121411594539937e-01,1.155573798070571367e+00,-9.220896384526798550e-03,-1.492936220320912055e-01,9.887499125109466824e-01,-3.079938726571301300e-01
9.045147207915364973e-01,4.219691355215479112e-01,6.160493923872525229e-02,-3.777360703183273438e-01,-4.264375359624686390e-01,8.943264751480674013e-01,1.353927020614154875e-01,9.930098292939868454e-01,2.036613283701964316e-03,-1.487353505943722620e-01,9.888749403690547668e-01,-2.884261434434792215e-01
8.529949153873137568e-01,5.130882870217752245e-01,9.560378676836257805e-02,-2.048543012223418280e-01,-5.213747362954589404e-01,8.460523048441849214e-01,1.111929935773063316e-01,8.935472909809821784e-01,-2.383398154380179587e-02,-1.446924572633385975e-01,9.891895845260738618e-01,-2.791740723947171432e-01
8.208503251068810513e-01,5.644980518339527409e-01,8.687170567912562424e-02,-3.220688184737052762e-02,-5.710137187748873799e-01,8.078748385756200356e-01,1.458820693823940084e-01,7.896903944557879251e-01,1.216867876155452478e-02,-1.693522797959574333e-01,9.854804557093508333e-01,-2.774603637682516721e-01
7.470563182746029485e-01,6.592907707328566902e-01,8.510309602166063470e-02,1.332941170988946045e-01,-6.636496714098767402e-01,7.322721456250154137e-01,1.527960024977702835e-01,6.914004110470860498e-01,3.841836752854124043e-02,-1.706258607837992936e-01,9.845866364460922338e-01,-2.400078987661651841e-01
7.893240599792906709e-01,6.084784442122354031e-01,8.198482339352759773e-02,2.707229010633147026e-01,-6.106517568880942548e-01,7.641408675676669704e-01,2.078296569847935260e-01,5.548768957567443705e-01,6.381191226795748794e-02,-2.141091250787580114e-01,9.747232029713436274e-01,-2.360627916502993084e-01
7.897602262345742030e-01,6.089368679083358993e-01,7.399105324227565894e-02,4.059358606449106066e-01,-6.107230587529137722e-01,7.692630657294701191e-01,1.877543107680401113e-01,4.168624736716846080e-01,5.741193748167316979e-02,-1.934689293051559122e-01,9.794251593808057654e-01,-2.301287217921483275e-01
7.345279064414558245e-01,6.773837927846571016e-01,4.024862645365492875e-02,6.156019480765643204e-01,-6.740828433026945232e-01,7.215607952829391492e-01,1.579947438227204404e-01,1.937053278280765345e-01,7.798124789772933885e-02,-1.431824569677644654e-01,9.866193333768535911e-01,-2.500776583352417037e-01
6.156206598794559115e-01,7.872290501607678292e-01,3.579980045418940798e-02,7.462650211583551352e-01,-7.825222212133250421e-01,6.053091846645863860e-01,1.458072846878963047e-01,7.316412146064707467e-02,9.311378220729285560e-02,-1.177761161852002858e-01,9.886650646297676648e-01,-2.318910039641643162e-01
4.614795945676158362e-01,8.868868727704083410e-01,2.163928615355958235e-02,8.113636312727704469e-01,-8.808854538007454549e-01,4.551903417729245005e-01,1.297789275610748416e-01,-7.780447679890953316e-02,1.052492331561779432e-01,-7.895205927760713671e-02,9.913067997627482697e-01,-2.220443917486839835e-01
2.937781063887079935e-01,9.556960559616800577e-01,1.842478835578762950e-02,7.819351527085075526e-01,-9.453601556694469776e-01,2.876419416046585020e-01,1.534805834708127537e-01,-2.967614140493857189e-01,1.413810463934392914e-01,-6.250729596769326324e-02,9.879798771591974393e-01,-1.308918732788921790e-01
4.560676392081373237e-02,9.988825270160728298e-01,1.239839935867047618e-02,7.505928125225697078e-01,-9.912603710858893802e-01,4.371383802762970200e-02,1.244667709855083876e-01,-4.938302970634451672e-01,1.237857011101684002e-01,-1.796656858946873297e-02,9.921463110921612261e-01,-9.767061622894870898e-02
-1.656241431355971183e-01,9.861622341651794521e-01,7.258864714434454593e-03,6.749011167483778273e-01,-9.757862074613218306e-01,-1.649389044584571307e-01,1.436538726393897514e-01,-7.038580987986156057e-01,1.428632931821514074e-01,1.670944949383634456e-02,9.896013711382797284e-01,-8.603855799481906208e-02
-4.533976145115217182e-01,8.912494337463008343e-01,-1.024939033118987992e-02,5.976302247441179771e-01,-8.781988958924068500e-01,-4.447344589288850236e-01,1.760055689306139759e-01,-8.733472955225867196e-01,1.523066065823122373e-01,8.880150836630475164e-02,9.843358114501622458e-01,-4.603232356190828378e-02
-6.100661668171966090e-01,7.920882649680330845e-01,2.038265451075507717e-02,5.075011307976473596e-01,-7.793185180068691320e-01,-6.044800595954985534e-01,1.651257249582851749e-01,-1.007746524817549005e+00,1.431150571971721297e-01,8.485303796184394398e-02,9.860618856603755589e-01,-1.193235788134627828e-02
-6.165443267922320336e-01,7.823372366736001116e-01,8.843947769084885280e-02,4.013667124695908806e-01,-7.625707801969463517e-01,-6.213270157450241360e-01,1.801070367731439359e-01,-1.148299088453845540e+00,1.958542782022753281e-01,4.360261023492066623e-02,9.796631635876520416e-01,-8.911719194065331751e-03
-6.538180046955297531e-01,7.544712365594704595e-01,5.740357079817321601e-02,2.659323435606952835e-01,-7.341797332983215352e-01,-6.509236876396546911e-01,1.930763374512738106e-01,-1.242505719382479557e+00,1.830358870548667860e-01,8.409224740733836634e-02,9.795031179001015831e-01,1.196690785683830402e-02
-8.375226821065699934e-01,5.399213219148312204e-01,8.390901679056574081e-02,-3.337316502469067636e-02,-5.143183813541457594e-01,-8.308408400375081326e-01,2.125561128902647146e-01,-1.249327972332530567e+00,1.844786154497846109e-01,1.348646160692596185e-01,9.735395090977155830e-01,3.885920214558877955e-02
-9.545475801705483043e-01,2.919063107798341439e-01,6.024635190166005572e-02,-2.184520544461936165e-01,-2.741283683555116868e-01,-9.391429804208621945e-01,2.070364701905552107e-01,-1.263038919241230795e+00,1.170151906946130249e-01,1.811109274812720549e-01,9.764764600816427942e-01,8.977651892785204479e-02
-9.976415602357585621e-01,-6.456193362563565630e-02,2.330394852554893564e-02,-3.743921018839246884e-01,6.819728656707529924e-02,-9.708002405930872269e-01,2.299913541185669152e-01,-1.207057953029665009e+00,7.774792296298809260e-03,2.310381994193228816e-01,9.729136153913284790e-01,8.876451377920485664e-02
-9.574959482845178949e-01,-2.723203203458852695e-01,9.509548961673815193e-02,-5.407203801546827115e-01,2.871559796438615253e-01,-9.310731544191904741e-01,2.250427169998452381e-01,-1.151829896365515582e+00,2.725715270358749706e-02,2.427847281988980144e-01,9.696971812787122946e-01,8.614120974816849574e-02
-8.676429329036311477e-01,-4.917732660063668382e-01,7.317647042470082352e-02,-6.873571031059206859e-01,4.942559904628402445e-01,-8.371732549949265634e-01,2.342049466018949755e-01,-1.052928661594478621e+00,-5.391434757077378376e-02,2.393741756385414365e-01,9.694293409853993460e-01,8.678319569762542318e-02
-7.653434521313584593e-01,-6.410618244287608070e-01,5.735100295308308282e-02,-8.503083295019421284e-01,6.344611805460063092e-01,-7.364683376596068420e-01,2.346772208908724788e-01,-9.693511183190504088e-01,-1.082054095682055544e-01,2.159956594123240425e-01,9.703800618598937833e-01,7.538663559618105636e-02
-6.434433848012538482e-01,-7.611700980331242983e-01,8.124464545894988232e-02,-9.757957641649449565e-01,7.586644236781582284e-01,-6.199557785603732052e-01,2.002077043339977880e-01,-7.633503961254660686e-01,-1.020240305055309105e-01,1.904597450640065082e-01,9.763791183293297760e-01,6.811047830797711811e-02
-5.979887148756312110e-01,-7.997700382310146683e-01,5.270088072654229711e-02,-1.084842730206154071e+00,7.890683135384143343e-01,-5.758983886497719418e-01,2.138042153939878620e-01,-6.268411388279777618e-01,-1.406438532287620224e-01,1.694371030753251406e-01,9.754539326131230759e-01,3.068973813880426782e-02
-5.964547271151778851e-01,-8.009669979809093121e-01,5.190016037942135618e-02,-1.219735703569839735e+00,7.970729357126649095e-01,-5.834661807386961607e-01,1.556982693821388208e-01,-4.679735457382418473e-01,-9.442718706152770924e-02,1.342351819742124142e-01,9.864402781030368050e-01,1.968595434449053189e-03
-6.000361410101482385e-01,-7.950194958901053432e-01,8.888549170867711402e-02,-1.367802389773631333e+00,7.970263355830005114e-01,-5.845965571368538782e-01,1.516439440626347335e-01,-3.161370094144414500e-01,-6.859773953115404221e-02,1.618359247459620343e-01,9.844305377185504913e-01,2.270913897702344503e-02
-5.572103671642791856e-01,-8.247159015055055553e-01,9.674858411683050219e-02,-1.489056394080553236e+00,8.284462591908812179e-01,-5.442031650791341324e-01,1.323620442214761828e-01,-8.259955355733583637e-02,-5.651019693192216309e-02,1.539045058528656640e-01,9.864684489231775322e-01,6.588886912955484176e-04
-4.844337682743962148e-01,-8.697118366831279035e-01,9.447351633516050395e-02,-1.569453104941802124e+00,8.722667913337839307e-01,-4.719334593557138469e-01,1.281774343510349579e-01,7.701752139174602996e-02,-6.689221846921865333e-02,1.444995884901060512e-01,9.872412572590630875e-01,-1.350554297597295408e-02
-4.537655625963363248e-01,-8.850691735511445613e-01,1.036791793521021077e-01,-1.670871984912690955e+00,8.891905247914367871e-01,-4.420531198145127294e-01,1.180222431721461851e-01,2.388972226080040284e-01,-5.862614453261831560e-02,1.457449734699315935e-01,9.875836055167626082e-01,-5.227298330970225893e-02
-4.079165776382382425e-01,-9.068291071469438691e-01,1.061368744545672926e-01,-1.745532062555095854e+00,9.124995138826287322e-01,-4.009986947504198262e-01,8.089922108664249212e-02,4.789237295538474326e-01,-3.080102030571241212e-02,1.298499797440766101e-01,9.910551346461956568e-01,-5.807441673908976532e-02
-1.897494000600213615e-01,-9.773681046614854928e-01,9.352407800816914252e-02,-1.721856934521584170e+00,9.798685511051107300e-01,-1.824868243879241014e-01,8.097025058613591120e-02,6.763534739553196395e-01,-6.207082834981776653e-02,1.070053592827349409e-01,9.923190340574643553e-01,-5.813944345203318764e-02
2.069979866540345714e-01,-9.770417887635365339e-01,5.041008362347328131e-02,-1.596552234826541738e+00,9.745218394355992242e-01,2.104645528038720792e-01,7.753616237680444057e-02,8.866455747608119609e-01,-8.636560648911301152e-02,3.307589791397081563e-02,9.957142998837322789e-01,-9.285282686990450896e-02
5.437726788463763672e-01,-8.363592035826317161e-01,6.938700399110936390e-02,-1.477586696018902579e+00,8.251734667712088411e-01,5.479029528058917409e-01,1.374449127591459707e-01,1.013563974860970607e+00,-1.529706621448065074e-01,-1.748247377263575236e-02,9.880760798813862378e-01,-1.047151645855710356e-01
6.883365928242514142e-01,-7.188982234008437500e-01,9.684048414899608381e-02,-1.391337919374186605e+00,7.040647103217017033e-01,6.942525359011207930e-01,1.493529379506174648e-01,1.101365007415758823e+00,-1.746013134507280462e-01,-3.462312501744344018e-02,9.840302945312741079e-01,-1.365958523608248876e-01
7.764567710257173072e-01,-6.246550816123761507e-01,8.319201731027554836e-02,-1.152944622973905542e+00,6.091512843775943598e-01,7.778006977069589212e-01,1.547927239494632512e-01,1.225077552483809340e+00,-1.613988707192356153e-01,-6.951333442155785414e-02,9.844380635002646374e-01,-2.124453060870679366e-01
8.145839334784522601e-01,-5.710628400801290860e-01,1.016870099786099657e-01,-9.609875086383806719e-01,5.529132487186350087e-01,8.174455279842017807e-01,1.614612900048619515e-01,1.322493523750454258e+00,-1.753281343942773574e-01,-7.529967767690788627e-02,9.816262037209351199e-01,-2.479255459075000445e-01
8.635570113277121207e-01,-4.917947442994968776e-01,1.113876908196896470e-01,-8.171100862015951982e-01,4.745801984651094041e-01,8.673224660117658802e-01,1.500845600855943152e-01,1.386709148189528840e+00,-1.704198445356865932e-01,-7.674418173817151856e-02,9.823784439602539775e-01,-2.673787761741303615e-01
9.019706904996749319e-01,-4.260841238171240164e-01,7.000852027099288555e-02,-6.652584994242763949e-01,4.160891785740923332e-01,9.009918553561732102e-01,1.228147876087309770e-01,1.477691492239810334e+00,-1.154065377397544279e-01,-8.164555109027268887e-02,9.899572389927189242e-01,-3.128407448137318081e-01
9.173932968625734263e-01,-3.913866242982324550e-01,7.215295691829291813e-02,-5.244057270479616228e-01,3.797941261965973037e-01,9.151412341163706055e-01,1.351774512503077230e-01,1.547860941055188011e+00,-1.189367923654486986e-01,-9.660761843871563948e-02,9.881907748412837034e-01,-3.287467564411457599e-01
9.124424114627887050e-01,-4.010700986546463231e-01,8.118880297875998020e-02,-5.085029058475096786e-01,3.882861422460942569e-01,9.112102030381653561e-01,1.375857464230633154e-01,1.574273805853260599e+00,-1.291615945380726327e-01,-9.401458314696656271e-02,9.871567963865131023e-01,-3.387576410267163496e-01
9.233601150540430291e-01,-3.756208044423273162e-01,7.946766133141289212e-02,-5.127255602918256994e-01,3.627072271617957644e-01,9.212883387931771750e-01,1.402542839570670441e-01,1.589217555206388521e+00,-1.258950566622323020e-01,-1.006817166808702396e-01,9.869212869495749274e-01,-3.477700796806643124e-01
9.449617489813624260e-01,-3.230612851050760348e-01,5.175614966689740665e-02,-4.347454593570216907e-01,3.099984286877285888e-01,9.346517926558874922e-01,1.741464920584828713e-01,1.678493869266454386e+00,-1.046339675880865183e-01,-1.485174486428876006e-01,9.833586834290839462e-01,-3.363960858935954867e-01
9.720378292531659525e-01,-2.265499372223837293e-01,6.178660409285773036e-02,-2.720442768857409543e-01,2.134669596334730357e-01,9.621328754103503078e-01,1.695057143563386826e-01,1.710230920684124634e+00,-9.784843200396602103e-02,-1.515765681071630511e-01,9.835904779709990775e-01,-3.646280216696733967e-01
9.992461717471298188e-01,-3.290062789821236039e-02,2.060672056901987834e-02,-5.620764797650512623e-02,2.883093131774788764e-02,9.843897244539299152e-01,1.736250206302860921e-01,1.680336306985590555e+00,-2.599741618041324920e-02,-1.729000262389202014e-01,9.845962194110445820e-01,-3.405607839078526600e-01
9.773236899284835077e-01,2.097804600314632506e-01,2.881950196588477925e-02,9.893600873012975416e-02,-2.116150321650800137e-01,9.627356994787854561e-01,1.684014581613410833e-01,1.638227468216245875e+00,7.581771979298847046e-03,-1.706813743150711604e-01,9.852971050376486684e-01,-3.265090722434024206e-01
9.112251987800282782e-01,4.090785816501458227e-01,4.820115292607875246e-02,2.143231011108226447e-01,-4.108392218390741757e-01,8.941891320049953906e-01,1.778677317638502342e-01,1.549376601148869215e+00,2.966093233467385903e-02,-1.818804833929635045e-01,9.828731957143700404e-01,-3.293562143010417831e-01
6.920946602017225002e-01,7.206084204699810813e-01,4.157506064964337777e-02,3.273379460946939656e-01,-7.123299624652251749e-01,6.725711906982362320e-01,2.005841918423471038e-01,1.358268352193452655e+00,1.165804696102791527e-01,-1.684384094870162163e-01,9.787938987932697232e-01,-3.047996944635851801e-01
5.325522840065890495e-01,8.446203956804232416e-01,5.481288169774373858e-02,4.011598758487647243e-01,-8.377454869778960811e-01,5.167664564051425158e-01,1.764509240061944151e-01,1.217243624258379509e+00,1.207085906119906710e-01,-1.398885868651100206e-01,9.827820813473086003e-01,-2.617708899166009129e-01
4.771339081751051481e-01,8.770454334653587924e-01,5.598697444148605096e-02,4.711950999352255698e-01,-8.641052556503292514e-01,4.565731164385656293e-01,2.118091039192019909e-01,1.087085751329643690e+00,1.602040599580098479e-01,-1.494399444028845503e-01,9.757060839155569099e-01,-2.445103839066126994e-01
4.512444195803817504e-01,8.886151984788409619e-01,8.210665521122355315e-02,4.819041185118883575e-01,-8.722995876117347613e-01,4.197916628065223033e-01,2.507356960836104043e-01,9.750264245965960530e-01,1.883398610224661651e-01,-1.847646851282609415e-01,9.645673164064243466e-01,-2.657340794866651090e-01
4.307279049420452699e-01,8.993304334263195754e-01,7.535412010941981709e-02,5.458922472441498641e-01,-8.866974700510084073e-01,4.061688645207020554e-01,2.208946583761243754e-01,8.869890230481274340e-01,1.680507914571588157e-01,-1.619618010741792624e-01,9.723822841266849260e-01,-2.347843994394900047e-01
3.954858934094508394e-01,9.168718724417351806e-01,5.419296669601515043e-02,5.243499248229279708e-01,-9.027459923420640964e-01,3.771653549805714656e-01,2.068718644782845673e-01,8.603706008232276936e-01,1.692352842183645623e-01,-1.307373876424278991e-01,9.768659857155236326e-01,-1.758499041358105586e-01
3.830506925955367015e-01,9.217330990505149257e-01,6.066515488164117564e-02,5.296110500672511767e-01,-9.071756058683394519e-01,3.629981609054168112e-01,2.127551533963314701e-01,8.614900996480355788e-01,1.740821272258900321e-01,-1.365299574965839757e-01,9.752204795257781722e-01,-1.784344965871721422e-01
3.970967357822448029e-01,9.156311989905898674e-01,6.271913476875416726e-02,5.534255187414696131e-01,-9.013013237625605578e-01,3.761660975811748631e-01,2.148371262477839772e-01,8.655636910718838006e-01,1.731187633243208845e-01,-1.418399607501536763e-01,9.746339411899481719e-01,-1.717365654978249834e-01
4.110085016821114490e-01,9.092189900874609876e-01,6.627850035542313945e-02,5.776538826240870117e-01,-8.958335788110242115e-01,3.893409279776210430e-01,2.142331460725855896e-01,8.641462402575008639e-01,1.689799118820299872e-01,-1.474261505495648161e-01,9.745313332645991755e-01,-1.725214481255238352e-01
4.152744747967879180e-01,9.071397910849245960e-01,6.815064205605050884e-02,5.972188090715301323e-01,-8.939581216183701828e-01,3.930684203795716813e-01,2.152582023823113311e-01,8.630417197748762037e-01,1.684814155175806405e-01,-1.503150568995278435e-01,9.741762655158885398e-01,-1.661717329512243102e-01
4.210772473124883009e-01,9.046488858678868317e-01,6.560750790671171506e-02,6.069200761716111447e-01,-8.906599185930428320e-01,3.987187626608709734e-01,2.185137471968730261e-01,8.623099448231199560e-01,1.715192735746405572e-01,-1.504451448208804776e-01,9.736259020754588489e-01,-1.576219216562816106e-01
4.239804230775875982e-01,9.033355638428476331e-01,6.500353793198514196e-02,6.191984256585817414e-01,-8.894390269399850002e-01,4.017796139477990414e-01,2.178792307036420406e-01,8.543253460848611036e-01,1.707009613417659888e-01,-1.501932119394306930e-01,9.738085956102017215e-01,-1.503284399365571455e-01
4.246169155292257025e-01,9.029342364781927088e-01,6.640963515929189376e-02,6.272111293392650389e-01,-8.896339371754927727e-01,4.024937727847844871e-01,2.157550015529240695e-01,8.514666275089064484e-01,1.680831129890160425e-01,-1.506934884625547588e-01,9.741866041282372102e-01,-1.413370722197634100e-01
4.141100738602684905e-01,9.080986653364776506e-01,6.220659725102806875e-02,6.869670584318360307e-01,-8.885484878441771706e-01,3.884758229898099269e-01,2.440658101869587204e-01,7.931182091716835192e-01,1.974700774225542355e-01,-1.563436886046204455e-01,9.677614476492805151e-01,-1.356234147999477724e-01
4.348186293105673617e-01,8.979258992846694820e-01,6.827766104882011799e-02,7.736672948815419559e-01,-8.759557841767230402e-01,4.041535186127791501e-01,2.633655208265741621e-01,6.056040000220277442e-01,2.088880651732453186e-01,-1.743244468992463103e-01,9.622768642347424572e-01,-1.131796107238288718e-01
4.916202996866271269e-01,8.676316589432525594e-01,7.432889973227872760e-02,8.331952321781527226e-01,-8.550955462988464317e-01,4.648447437048878750e-01,2.296322515454111701e-01,4.199575475484114140e-01,1.646848130093016560e-01,-1.764501874448349827e-01,9.704350795982042976e-01,-1.938439273051754952e-02
5.128052113479405483e-01,8.579346169802867239e-01,3.128910675112785145e-02,9.133608084273916461e-01,-8.403540207003887819e-01,4.941749170579815553e-01,2.227022030502351646e-01,2.097883936541081185e-01,1.756016375410123231e-01,-1.404967769652617493e-01,9.743842776622001489e-01,3.690653803900448282e-03
4.226692679456609536e-01,9.057043437219197690e-01,3.240882129183949439e-02,9.855953347370685069e-01,-8.851782570574669995e-01,4.048894762895902111e-01,2.291810751843322558e-01,3.683680977941652945e-02,1.944483046132934878e-01,-1.255553812195586150e-01,9.728441309273681004e-01,5.813780530831236942e-02
3.706562318255471888e-01,9.283141699395061064e-01,2.909913569872386863e-02,1.078600385122551186e+00,-9.055488035639134292e-01,3.542494119127989061e-01,2.334281870798847469e-01,-1.280210716376595226e-01,2.063863420211029809e-01,-1.128722997416223284e-01,9.719385380661601515e-01,1.092504906239062656e-01
3.210467573043039313e-01,9.470568865659105828e-01,-3.497603819182331514e-03,1.085862706614149520e+00,-9.186876175272878919e-01,3.123227418985125570e-01,2.418006747199672180e-01,-3.911450817215498255e-01,2.300913753847100562e-01,-7.441611721313937111e-02,9.703196383009526915e-01,1.684367165395377897e-01
1.376123732832625346e-01,9.901802488857210927e-01,-2.461522772512717006e-02,1.014371909288381834e+00,-9.583801852120874543e-01,1.393867487559508622e-01,2.491560853442900958e-01,-6.005796928329968365e-01,2.501404711600936914e-01,-1.069621371594993778e-02,9.681504716209913264e-01,2.397196062480487777e-01
-1.162740705808536640e-01,9.927006375816026518e-01,-3.202787310513396934e-02,9.229219751335712152e-01,-9.571349556443511375e-01,-1.033789534220836970e-01,2.705650913792119749e-01,-7.232171772570762380e-01,2.652791307175240143e-01,6.211470143560669788e-02,9.621687724465594060e-01,2.937770179377225954e-01
-4.743617989259136802e-01,8.803273147570600532e-01,2.168550759278585743e-03,7.691981508268235235e-01,-8.470479395190432248e-01,-4.570974654069713261e-01,2.712410280084242564e-01,-8.569648503681288609e-01,2.397721248942730476e-01,1.268295155362006155e-01,9.625090140422252194e-01,3.212586072248724278e-01
-6.870612413924028772e-01,7.263883981897543141e-01,-1.751415289568929515e-02,6.656459865742578863e-01,-7.078913912529789521e-01,-6.637421049733621681e-01,2.415288725503703104e-01,-9.607979295582171897e-01,1.638188901386306573e-01,1.783432450665114744e-01,9.702355683919715590e-01,3.633657447746363456e-01
-7.959371859482595735e-01,6.045726175014957127e-01,3.124013751819973775e-02,4.358307971285934612e-01,-5.843372951753792455e-01,-7.807353855949712429e-01,2.213643673832673409e-01,-1.017977370733551767e+00,1.582211158217762814e-01,1.579373541859625252e-01,9.746906538286126409e-01,3.610157627433505656e-01
-8.184557684258310095e-01,5.727916172850562315e-01,4.516545470215325292e-02,2.072227222865415941e-01,-5.486188896148039840e-01,-8.024289441305512138e-01,2.347873582187701424e-01,-1.112213166859755464e+00,1.707262987600402793e-01,1.673844460799710776e-01,9.709968991310925501e-01,3.853194140219872721e-01
-8.766414815127290261e-01,4.807003367960858142e-01,2.066153661510507569e-02,3.861511132688702497e-02,-4.616116608526698029e-01,-8.523888458047835792e-01,2.456581570240022605e-01,-1.195205561130132210e+00,1.356996221660463908e-01,2.058165244865407528e-01,9.691363014521083841e-01,4.104660988784187281e-01
-9.239153878990046254e-01,3.820978170882706748e-01,1.953494765312699041e-02,-1.491589536996088816e-01,-3.632802288579106698e-01,-8.921430437769409805e-01,2.685298209908164591e-01,-1.266314679797037490e+00,1.200326260829790853e-01,2.410021734690248885e-01,9.630732687905050327e-01,4.430687766879647382e-01
-9.728217206835463315e-01,2.307672798258096070e-01,-1.908827724287957134e-02,-3.189763610311251441e-01,-2.259237923035454787e-01,-9.278614253257356781e-01,2.967012225517097757e-01,-1.269974421121035979e+00,5.075765791965936025e-02,2.929498898349185976e-01,9.547795673390893079e-01,4.868823220069768420e-01
-9.950700527658267180e-01,8.766590930216767996e-02,4.637109482036341768e-02,-5.134048773154901157e-01,-6.925955812911650800e-02,-9.489381581359672690e-01,3.077653093532113915e-01,-1.240176761264353056e+00,7.098382700569631776e-02,3.030364010803690000e-01,9.503316452291177274e-01,4.740715696918567090e-01
-9.955417814012820221e-01,-8.557931010996334964e-02,3.965782603049450294e-02,-6.573084220886424855e-01,9.387262076037501679e-02,-9.399443672154056406e-01,3.281653814947729231e-01,-1.195721847835895302e+00,9.191983243076415691e-03,3.304251325506788461e-01,9.437874438786119091e-01,4.889816733279576111e-01
-9.080520727876785214e-01,-4.179026487721791416e-01,2.826321381579821601e-02,-7.600222793279672873e-01,4.010155187373847796e-01,-8.479068005432370825e-01,3.467572801316761710e-01,-1.067187242695049498e+00,-1.209462146484408251e-01,3.262076543273140228e-01,9.375289752431567036e-01,4.664560338015326102e-01
-7.617672151931211832e-01,-6.476701401968695260e-01,1.530030569252149690e-02,-8.735893955621507612e-01,6.123671417686060714e-01,-7.121345134228839191e-01,3.433233439108103191e-01,-9.337785266501110737e-01,-2.114644025340070566e-01,2.709018720668434632e-01,9.390926376942870801e-01,4.150504931238073181e-01
-5.707717315529158286e-01,-8.210971706923795299e-01,-4.366547956448006869e-03,-1.009613968353387126e+00,7.678478612299364237e-01,-5.356253560587483920e-01,3.514472079154301598e-01,-7.549869285985504330e-01,-2.909111418710158548e-01,1.972432869020112056e-01,9.361975183193934624e-01,3.682956867738794160e-01
-5.020548902381632983e-01,-8.647818426455320395e-01,9.656698118112750501e-03,-1.117533544141395163e+00,8.152724721709261324e-01,-4.695271634183957321e-01,3.389322040358248023e-01,-5.276670142662438501e-01,-2.885683338626264249e-01,1.780354106431469852e-01,9.407612392360095166e-01,2.757215145695651182e-01
-4.358429338563548638e-01,-8.992100620159466651e-01,3.823874183027817925e-02,-1.168552033070216156e+00,8.523149371277874975e-01,-3.987183948196028060e-01,3.385009447273901184e-01,-2.987003422038954081e-01,-2.891369657382829583e-01,1.801246957020528339e-01,9.401887624524665199e-01,2.017723860194166885e-01
-4.021700532956369867e-01,-9.145631093639108311e-01,4.282017308232245051e-02,-1.226552079023112807e+00,8.637118662671618985e-01,-3.634619660172954680e-01,3.491378113698648256e-01,-1.182327340354443201e-01,-3.037450580692319657e-01,1.773970638129562238e-01,9.360925282519135804e-01,1.341174378823930258e-01
-2.992770160778030486e-01,-9.507265150373713780e-01,8.094665683313666260e-02,-1.274977828139772784e+00,9.050882551584670255e-01,-2.560027755853435116e-01,3.395258889492855925e-01,1.155146281814215803e-01,-3.020736963420821430e-01,1.748761633199206189e-01,9.371071494128805357e-01,8.022515400647686756e-02
-2.624743108317066365e-01,-9.607641947774078206e-01,8.966269116605869727e-02,-1.380011907582646913e+00,9.048448510943492007e-01,-2.127838846739411871e-01,3.687530526939575282e-01,2.802636109475419302e-01,-3.352059540065868704e-01,1.779190278098055078e-01,9.251928382460310463e-01,3.012970437388855227e-02
-2.467558251125849811e-01,-9.623777849133444695e-01,1.137565904828899133e-01,-1.438461876138857898e+00,9.245387088403805853e-01,-1.986089463271030475e-01,3.252424669298286108e-01,4.904956050161725645e-01,-2.904130483101092786e-01,1.854278445760574601e-01,9.387634291061335290e-01,-5.017764244746492075e-02
-1.911726813058167995e-01,-9.760716163888915053e-01,1.036204883327675741e-01,-1.479269322291771438e+00,9.423463093450397121e-01,-1.529706830887317681e-01,2.976296412979563266e-01,7.222414311883991189e-01,-2.746569481846904415e-01,1.545450413159330516e-01,9.490413010077737299e-01,-9.087824641373691559e-02
-7.090859399380793071e-02,-9.912312940629012248e-01,1.115010895382069767e-01,-1.515653110140445348e+00,9.606030245172202386e-01,-3.774423816078450317e-02,2.753492360149764062e-01,9.030771520065296043e-01,-2.687262558556389735e-01,1.266329110304582062e-01,9.548561699322891672e-01,-1.566389331873597190e-01
2.054821318226674742e-01,-9.661533238353283704e-01,1.559642534158352800e-01,-1.428238465508057775e+00,9.116267154613080237e-01,2.469271380136736638e-01,3.285783318625924987e-01,1.037502951372746063e+00,-3.559688541977225062e-01,7.466420396899169087e-02,9.315102959639450786e-01,-2.425580944890607382e-01
4.847014005868379161e-01,-8.523431849704904417e-01,1.964068412849154510e-01,-1.282403441360886243e+00,7.795076825385014452e-01,5.227915961322412430e-01,3.450459677738008102e-01,1.179730239516744383e+00,-3.967774251801790553e-01,-1.414362216209030798e-02,9.178058797041576122e-01,-3.136533417849879934e-01
6.280666186568253373e-01,-7.609851297823856386e-01,1.625852231264196535e-01,-1.143152809114845958e+00,6.941747132085399619e-01,6.423315951847741179e-01,3.248562595506279682e-01,1.270426636643931850e+00,-3.516444085590203494e-01,-9.116882184973786052e-02,9.316836672667964114e-01,-3.763049557041757143e-01
7.692378085522970643e-01,-6.095084433652236955e-01,1.917619653637330501e-01,-9.768000493351228775e-01,5.408870403274855798e-01,7.809230910809852322e-01,3.124105238661019635e-01,1.397505855418391452e+00,-3.401681988361529574e-01,-1.365964248544637161e-01,9.303907852174512216e-01,-4.032974860321372756e-01
8.933574454279314958e-01,-4.190128358017983223e-01,1.622982382277005642e-01,-7.745483758885229886e-01,3.536536539677468394e-01,8.784604633270093332e-01,3.213040731247538417e-01,1.427054202692157991e+00,-2.772031163853345692e-01,-2.296420209905649101e-01,9.329646158679473222e-01,-4.616729324520609801e-01
9.552192263740001410e-01,-2.358331938743817302e-01,1.787146726837636479e-01,-6.281375814338616692e-01,1.744457074361483173e-01,9.366789534920801907e-01,3.036465597402399075e-01,1.473669352244947106e+00,-2.390082105756163589e-01,-2.588730243806594555e-01,9.358738336578554806e-01,-4.971942345597957780e-01
9.614128606068000904e-01,-2.307052267156363412e-01,1.498679746508114197e-01,-4.438394810406404156e-01,1.846529087411752368e-01,9.449597087261252248e-01,2.701008185431127973e-01,1.485515990229350880e+00,-2.039328682514728597e-01,-2.320048431613509765e-01,9.510968078993868868e-01,-5.666605141972163029e-01
9.716539827081022151e-01,-2.077256205585623627e-01,1.128654262874296405e-01,-2.438543633793983090e-01,1.690326393122622284e-01,9.442218408427043297e-01,2.826182621890266922e-01,1.504731173563621516e+00,-1.652770544710114309e-01,-2.555292191495422971e-01,9.525693221105803188e-01,-6.176016751622084300e-01
9.876249102377707700e-01,-6.731539049734661107e-02,1.416533616968715104e-01,-3.618989749267476075e-02,2.209844203857353959e-02,9.539213601412708243e-01,2.992418712775596901e-01,1.443786449856699239e+00,-1.552697508766688050e-01,-2.924084076568547186e-01,9.436040629386240886e-01,-6.158307010103601931e-01
9.762346462017864601e-01,1.584235888981931073e-01,1.478779295090680568e-01,1.548585436739828569e-01,-1.934232504528464736e-01,9.446925276796249715e-01,2.648461333124126349e-01,1.401713842220620787e+00,-9.774130007078932203e-02,-2.871550010480348747e-01,9.528843810418837768e-01,-6.323852915972708599e-01
9.021423563688610869e-01,4.089751239056603205e-01,1.373991152503848956e-01,2.827130639995920625e-01,-4.314374500745682406e-01,8.544706446036414160e-01,2.893814855580634782e-01,1.329611833972817347e+00,9.463183361464618231e-04,-3.203424191970004609e-01,9.473013453725370736e-01,-6.326057777638212087e-01
7.571845443338686144e-01,6.361593523171120701e-01,1.482323995669777572e-01,4.485229683676156265e-01,-6.445533186747759435e-01,6.908631340174056223e-01,3.275044265975358693e-01,1.117435347735893147e+00,1.059367037775127279e-01,-3.435249750966008486e-01,9.331495090700280270e-01,-6.352539503005520949e-01
6.613005453288518520e-01,7.336633390946168953e-01,1.562680185332247784e-01,5.436698015404962669e-01,-7.243171597295693376e-01,5.703716162180786364e-01,3.873510959505164775e-01,9.472954030273819104e-01,1.950544561630228046e-01,-3.693430983263578660e-01,9.085920068158385154e-01,-5.895631760589249426e-01
5.219461553336934845e-01,8.366245569497716694e-01,1.662274394947307887e-01,6.269081532545027757e-01,-8.241125360764561814e-01,4.443456899504586999e-01,3.512768647435843272e-01,7.867863941089895397e-01,2.200244050418213859e-01,-3.203377257380858323e-01,9.213973098804567607e-01,-5.532852149681994902e-01
4.002490727496406109e-01,9.074866895268527411e-01,1.275483755076745884e-01,7.148945948432797737e-01,-8.705561511978964218e-01,3.330489352121036029e-01,3.622297535620027098e-01,5.649614454594368285e-01,2.862388292572445314e-01,-2.560201458590275481e-01,9.233206471967164708e-01,-5.048858873329161723e-01
3.128563668800876663e-01,9.422872700129628631e-01,1.192291678831562396e-01,7.706127466049509378e-01,-9.087444685179113524e-01,2.604566877264515301e-01,3.261070449356538448e-01,3.908587907670805217e-01,2.762324829571835560e-01,-2.103735120923817536e-01,9.377838774308422387e-01,-4.557385264154557025e-01
3.130983831494278391e-01,9.405062107521794390e-01,1.319752628555485585e-01,8.391407104474501999e-01,-9.054887649022645979e-01,2.537053756727901677e-01,3.401818322463732724e-01,1.963531078181292855e-01,2.864602923704875348e-01,-2.260124994138717203e-01,9.310525500763683349e-01,-4.316837139352485697e-01
3.244540985036724612e-01,9.370146831814133437e-01,1.293561806277720161e-01,9.523309128580598193e-01,-9.006154314082212009e-01,2.642107208682444863e-01,3.450862786140093674e-01,-6.294388204134590548e-02,2.891736202933319899e-01,-2.284648298550962520e-01,9.296141343835777615e-01,-3.294891115326639142e-01
2.864472579896142901e-01,9.450659819369396919e-01,1.574746270857603769e-01,1.021274373330435248e+00,-9.099780401946290231e-01,2.169279897443635585e-01,3.533867762509101951e-01,-2.338384511037912006e-01,2.998131664116382988e-01,-2.445251256027428932e-01,9.221277179410610758e-01,-2.784011814990302036e-01
2.078572589064734966e-01,9.673756450828083775e-01,1.448437821258050651e-01,1.075181568557588507e+00,-9.211783077941132492e-01,1.437889690420294242e-01,3.616009646439065084e-01,-4.024792580743402071e-01,3.289770283309466081e-01,-2.085883354419674762e-01,9.210130407046840384e-01,-1.985771183699152065e-01
1.272069306256950194e-01,9.807232420746769819e-01,1.483250459474881600e-01,1.109429377750592360e+00,-9.320209498848098795e-01,6.702522471256364134e-02,3.561524508241474263e-01,-5.727299160247327769e-01,3.393454667099676247e-01,-1.835471103198446918e-01,9.225806807627331407e-01,-1.260870768480737147e-01
8.532600080929876596e-02,9.864447520882499987e-01,1.401649908623497920e-01,1.103035778005353684e+00,-9.177503310493750899e-01,2.304655036096732793e-02,3.964885702958174662e-01,-7.353903618385301266e-01,3.878837499105282638e-01,-1.624672508353929568e-01,9.072764677656613985e-01,-4.954936856761690822e-02
2.303222752276755728e-02,9.907458946875787875e-01,1.337613122507722851e-01,1.082698744189817486e+00,-9.053824204015967769e-01,-3.607017678432682117e-02,4.230621883062740118e-01,-9.362837944614447183e-01,4.239719204417728982e-01,-1.308492052190482202e-01,8.961731396167023078e-01,5.629304266737915341e-02
-1.952026743186313362e-01,9.689748412331039562e-01,1.516036707871391553e-01,1.024940009940391139e+00,-8.605923709762249851e-01,-2.433656966063537930e-01,4.473856376023075954e-01,-1.028505865591434532e+00,4.704005601148592008e-01,-4.313808957968695568e-02,8.813979908480847891e-01,1.334567451047357078e-01
-5.331870130463709501e-01,8.327393333828276845e-01,1.491871702118278964e-01,9.142292289160957042e-01,-7.226281899418131038e-01,-5.399939171661006787e-01,4.315264401227682511e-01,-1.140520060246846823e+00,4.399092045185094002e-01,1.222774388868777262e-01,8.896786609327871354e-01,2.126885283971426399e-01
-7.792014485794043210e-01,6.163557463985331886e-01,1.138011265904916997e-01,7.537152738546761821e-01,-5.257085428405894323e-01,-7.415599978570718287e-01,4.167964701897602375e-01,-1.201998313490046932e+00,3.412852626706610604e-01,2.649421889011384090e-01,9.018481058493666991e-01,2.701264411103190821e-01
-8.556386165280420730e-01,4.958720609827497183e-01,1.483019117971798584e-01,6.049066092639800996e-01,-4.027201107318668094e-01,-8.178361511091626346e-01,4.110481022350835345e-01,-1.258091265062361019e+00,3.251139343646950453e-01,2.919844671821958393e-01,8.994698441894742880e-01,2.962676567216345758e-01
-8.811250955909926130e-01,4.434638969760264504e-01,1.641899448766590552e-01,4.029367506716872160e-01,-3.453256837410967894e-01,-8.406210978882689977e-01,4.172605204591792738e-01,-1.308420109216521521e+00,3.230615081815042533e-01,3.109597109979959639e-01,8.938318186703436696e-01,3.706093904054385546e-01
-9.112822614536827404e-01,3.828409859437951201e-01,1.516490007927668859e-01,1.941608699222392986e-01,-2.832126292665742562e-01,-8.500451081357282002e-01,4.440877399325859343e-01,-1.376997674007800487e+00,2.989234794789056848e-01,3.617403676894531683e-01,8.830564306997162882e-01,3.939331081222129938e-01
-9.381324810782971646e-01,3.044427377517742173e-01,1.649911130215286348e-01,-4.848949125179585762e-02,-1.977961978003813515e-01,-8.622214736127549184e-01,4.663161959194230821e-01,-1.407417590073072544e+00,2.842254599461331299e-01,4.048317550183699876e-01,8.690955862545586275e-01,4.616364625452475945e-01
-9.702406446514636462e-01,1.949119642385751250e-01,1.436746938850834709e-01,-2.171091626221771931e-01,-1.059115334712368295e-01,-8.751800277855436017e-01,4.720621421413351837e-01,-1.428695099511793742e+00,2.177517819538641874e-01,4.427970699563799073e-01,8.697786593691299029e-01,5.137588247292284027e-01
-9.749557817924064951e-01,1.370927591642470134e-01,1.751193848044557966e-01,-4.167550841347325563e-01,-3.728440797851705069e-02,-8.770213520428938869e-01,4.790025271149889741e-01,-1.413231881182436034e+00,2.192512177189648026e-01,4.604770607159359708e-01,8.601684602931931600e-01,5.313147869345765661e-01
-9.734447007746550584e-01,8.187384451066309632e-02,2.137804671123768041e-01,-6.124937515139087241e-01,2.598508886308689703e-02,-8.883014861785091254e-01,4.585250754428044084e-01,-1.362023759745655038e+00,2.274427173829046966e-01,4.519039092972039762e-01,8.625848752855477253e-01,5.386772309847691620e-01
-9.644951920792910194e-01,-1.580345783951344063e-01,2.115989047405581192e-01,-7.775614477758872045e-01,2.425676975237618382e-01,-8.469606764340145144e-01,4.730946255163519520e-01,-1.256121020340910110e+00,1.044506418072793374e-01,5.076245508305409215e-01,8.552235841112768577e-01,5.320642018987152833e-01
-8.503889605046273115e-01,-4.982017796594866432e-01,1.692146642462761807e-01,-9.338380810817125122e-01,5.060468024980688817e-01,-6.863791289549866503e-01,5.223029054260315274e-01,-1.083924912629303572e+00,-1.440668231527994780e-01,5.297911645914018530e-01,8.358026515796329603e-01,4.447032128043812982e-01
-6.610918532535803305e-01,-7.343091010999900359e-01,1.541029058891208448e-01,-9.885930330549972389e-01,6.729719752031494417e-01,-4.894966614537188954e-01,5.545283933369278273e-01,-9.533692050655852013e-01,-3.317623880926195423e-01,4.703011401935866531e-01,8.177717012587886192e-01,3.795684693596285131e-01
-5.415779387113758281e-01,-8.237372678052635733e-01,1.677803621698815972e-01,-1.103901576410370788e+00,7.615656617053410127e-01,-3.962456516857696398e-01,5.128422042221422172e-01,-7.722254389643323780e-01,-3.559649971730969309e-01,4.055197863838938543e-01,8.419279206907899216e-01,2.800380977948382921e-01
-4.644362127755791714e-01,-8.679369185716044877e-01,1.760241734623533838e-01,-1.151417771429590342e+00,8.066228875352732253e-01,-3.325230411722154278e-01,4.886593336812860011e-01,-5.813831462451078957e-01,-3.655933828270612196e-01,3.689362173465878803e-01,8.545335253593365765e-01,2.051938369592204991e-01
-3.503911329787073869e-01,-9.186593893191673521e-01,1.824581605344966495e-01,-1.249982966636178805e+00,8.310718078097634187e-01,-2.151194675243226495e-01,5.128774365829158466e-01,-4.289374811762061146e-01,-4.319093703471929002e-01,3.313435394085513241e-01,8.388478733945172738e-01,1.319130528277881464e-01
-3.029090512036844984e-01,-9.363833071661382679e-01,1.772918744880572772e-01,-1.301737830253069994e+00,8.411305959173840385e-01,-1.752195421338123560e-01,5.116614434038223580e-01,-2.702921573342286221e-01,-4.480462334520280976e-01,3.041125023984093123e-01,8.406962344238417817e-01,6.491804468327834476e-02
-2.563483730644713909e-01,-9.505506056034662699e-01,1.753255766112922220e-01,-1.351866158049654487e+00,8.480408081721763081e-01,-1.341426472587241847e-01,5.126719593083893800e-01,-1.231200052661531319e-01,-4.638020044177039169e-01,2.801058663671736615e-01,8.404929531678503318e-01,-9.755505199146960460e-03
-2.620038949029349085e-01,-9.502533721071002581e-01,1.684413484117734394e-01,-1.375456699252209702e+00,8.593062908439661474e-01,-1.502678199468267806e-01,4.888888225398614895e-01,2.235779946890009695e-02,-4.392569379892318771e-01,2.728334860084308255e-01,8.559294546519651270e-01,-1.074402165490106198e-01
-2.805924882332531123e-01,-9.426317253474233437e-01,1.808681451102192861e-01,-1.457882483206484725e+00,8.575336603382184286e-01,-1.615486178191872790e-01,4.884035887129068443e-01,2.626129438269993455e-01,-4.311657186442444112e-01,2.921429007339554351e-01,8.536677624326347580e-01,-2.389584603224099157e-01
-2.225080393260996381e-01,-9.560169252730149614e-01,1.911068052864292599e-01,-1.463397868144052039e+00,8.722065873805259217e-01,-1.076194821154932979e-01,4.771516698065815798e-01,4.068576730508239869e-01,-4.355982568437009039e-01,2.728546969739082395e-01,8.577904598292084293e-01,-3.124162585995384211e-01
-1.192065619604669724e-01,-9.686963745515995150e-01,2.177547462540189993e-01,-1.449505844063836202e+00,8.796776144525824126e-01,-1.348232556057901753e-03,4.755685827512030062e-01,5.970026383507718304e-01,-4.603879779235968139e-01,2.482448714466457262e-01,8.523012340621471949e-01,-3.930824712380997510e-01
1.166148226879474246e-02,-9.776683462566656546e-01,2.098299658272163304e-01,-1.461000427353765785e+00,8.487961960640248993e-01,1.206079266223142737e-01,5.147802886505145059e-01,7.350217172851097880e-01,-5.285915506121290353e-01,1.720997756059627071e-01,8.312476405126459911e-01,-4.735519532163718903e-01
1.785327795969348097e-01,-9.594006560809086315e-01,2.183493249838758532e-01,-1.389613383482967146e+00,8.247946427757003596e-01,2.669285357018729710e-01,4.984605842757859895e-01,9.022103432585024674e-01,-5.365070771741002886e-01,9.110179987012315128e-02,8.389640148436207090e-01,-5.728390480152474318e-01
3.897478952828378196e-01,-8.953151463162125623e-01,2.156556674408928176e-01,-1.279296936679474639e+00,7.348323286405099575e-01,4.434927064949674702e-01,5.131624188018190091e-01,1.013872013962155094e+00,-5.550838016978721923e-01,-4.153321637614419692e-02,8.307568627643642234e-01,-6.551378514781309725e-01
6.120983682798655234e-01,-7.604101633493599577e-01,2.170529221736618997e-01,-1.146101787375905845e+00,6.054160832230319755e-01,6.271990341969015947e-01,4.899925894106519353e-01,1.089400962989948818e+00,-5.087307281106656642e-01,-1.685163344529938545e-01,8.442720481565865187e-01,-7.462177290196405632e-01
7.766395975118103312e-01,-5.893304598705079167e-01,2.225321204804125153e-01,-1.025736672805688254e+00,4.364586721493398103e-01,7.581293258655790179e-01,4.845036148144168942e-01,1.198201950762256551e+00,-4.542408646107568004e-01,-2.791586185870278403e-01,8.460116444743850384e-01,-8.011192588587217056e-01
8.684544938314159301e-01,-4.409323041765881857e-01,2.266395712966819964e-01,-9.148157119268326420e-01,2.755970364656825100e-01,8.093773876052154925e-01,5.186082509223016723e-01,1.230164991097143501e+00,-4.121080751882352788e-01,-3.879264718563047998e-01,8.244270657843337791e-01,-8.704895250700166454e-01
8.969043217136004609e-01,-3.924981646365771071e-01,2.037347011394588236e-01,-7.288753778010503837e-01,2.467633256958524923e-01,8.265096523775201653e-01,5.059542030839474513e-01,1.253502130822947924e+00,-3.669747931166236210e-01,-4.035182589223293426e-01,8.381542315906435059e-01,-9.318184767401318513e-01
9.410710969163730288e-01,-2.315771514174800871e-01,2.464897837436263450e-01,-5.344078806255432301e-01,8.428794718641124950e-02,8.664018156540818083e-01,4.921823196645833121e-01,1.283198515532227191e+00,-3.275373757416318865e-01,-4.424024375754214145e-01,8.348648697361802373e-01,-9.481517692764082073e-01
9.620473983846498101e-01,1.953131844931128847e-03,2.728754084510416900e-01,-3.133955998570906454e-01,-1.299492947921498942e-01,8.825881963212455217e-01,4.518310043560893607e-01,1.251107507932974761e+00,-2.399541290420931783e-01,-4.701428091446316904e-01,8.493454862217398871e-01,-1.002829254528783798e+00
9.396146924116023369e-01,2.204470660576630936e-01,2.617772352035557804e-01,-1.576694851511602213e-01,-3.213358380155520999e-01,8.314845261882484184e-01,4.531851298491001434e-01,1.211186995741393435e+00,-1.177603881239032979e-01,-5.099378136362030522e-01,8.521126200290870534e-01,-1.012909029929459415e+00
9.330864202957334097e-01,2.975890601019797188e-01,2.019665407123507617e-01,4.056291512810875077e-02,-3.589671481813226928e-01,8.052429430735014160e-01,4.719389676185821170e-01,1.110585230498054576e+00,-2.218825784647519492e-02,-5.128591950408464273e-01,8.581859514556224866e-01,-9.783504487692498142e-01
9.147040474258097964e-01,3.425870190200797083e-01,2.143610039670854062e-01,1.844215488598827946e-01,-4.038382645379348101e-01,7.948260873227017687e-01,4.529526984203459672e-01,1.001620741051754138e+00,-1.520400334879736318e-02,-5.008848423642098258e-01,8.653803862879889675e-01,-9.506086650648601921e-01
8.601592248930893803e-01,4.589899399304750993e-01,2.223833241813283346e-01,3.327404663108952665e-01,-5.086596602912798470e-01,7.401244384118362829e-01,4.398649402463473135e-01,9.454185484620561963e-01,3.730224957932979507e-02,-4.914713121924633166e-01,8.700945301909087659e-01,-9.413798602718689290e-01
7.901681233525613690e-01,5.777840279007349089e-01,2.044503703598832822e-01,4.863237791071005067e-01,-5.989830839191061518e-01,6.573456704443954024e-01,4.572919578636435722e-01,8.190371784207532979e-01,1.298214235642465297e-01,-4.837998415159002197e-01,8.654964536801643682e-01,-9.311857123819864412e-01
6.749573233664951655e-01,7.051921584962111966e-01,2.171097216372176453e-01,6.164572839100395107e-01,-7.134985471758451547e-01,5.488019817238247722e-01,4.355871991162733048e-01,6.974626979741441746e-01,1.880224316721105515e-01,-4.489102409741355659e-01,8.735714972093860942e-01,-8.653488169452828727e-01
5.877144634828002090e-01,7.799310113399706701e-01,2.151727839744936310e-01,6.988127126111977061e-01,-7.614850384143662110e-01,4.433676896725022853e-01,4.728272708141292857e-01,4.837443626019153342e-01,2.733719914040101950e-01,-4.417382814571063077e-01,8.544793999922564165e-01,-7.911733398921567684e-01
5.394592004290225118e-01,8.122707414570361495e-01,2.218107608871038028e-01,7.859308334015396857e-01,-7.941345515446932568e-01,4.032510888537277349e-01,4.546854664283775382e-01,2.474898227198821521e-01,2.798822700983178424e-01,-4.214318472910171809e-01,8.625897709650234280e-01,-6.706931078752724762e-01
4.394872337342453639e-01,8.724029681649845269e-01,2.139252965909949344e-01,8.715380245923354252e-01,-8.388618587656703207e-01,3.134627846246233474e-01,4.450301838792293241e-01,1.118902944058347559e-01,3.211880341681865869e-01,-3.750388563766445804e-01,8.695884675608760439e-01,-5.979442626009620065e-01
3.021053524581098770e-01,9.321431152136792075e-01,1.996035289665442081e-01,9.513476487683067973e-01,-8.732725622566456236e-01,1.866519029516054418e-01,4.500623280549668759e-01,-6.255892665772241901e-02,3.822661219960161727e-01,-3.102745234212461178e-01,8.704035455407128641e-01,-4.843425106297855609e-01
1.475524647802735068e-01,9.671848208556812487e-01,2.068375992019562404e-01,9.734748476357302227e-01,-8.997712395043963030e-01,4.443471463665113474e-02,4.340936220400858914e-01,-1.755970901895271552e-01,4.106579923707652791e-01,-2.501581068874690339e-01,8.768015367575996422e-01,-4.146667405931414030e-01
-3.516205344726296839e-02,9.769595504615874448e-01,2.105081156612829130e-01,9.288846450805624544e-01,-8.775384190985630051e-01,-1.309752686182434067e-01,4.612719393333754025e-01,-3.162494142753444759e-01,4.782153834867358122e-01,-1.685096904402570428e-01,8.619248988307283144e-01,-3.270693565130819436e-01
-1.393072344968519505e-01,9.684028047922595972e-01,2.068562353116849550e-01,8.698153409958890858e-01,-8.443120571078870373e-01,-2.253077810966621908e-01,4.861826344076331519e-01,-4.675621525412083646e-01,5.174269461857264885e-01,-1.069224553018806173e-01,8.490211681183980064e-01,-2.393301687287047730e-01
-2.965474864349744721e-01,9.337093142225598719e-01,2.006153155248496522e-01,8.203150836294953452e-01,-8.174132419110398118e-01,-3.567839537080297330e-01,4.522618736141152951e-01,-6.461591557794853502e-01,4.938574493085853834e-01,-2.986849360953566443e-02,8.690297422136445959e-01,-1.655634629277017988e-01
-4.414805386013149202e-01,8.720432800158368636e-01,2.112710387523883404e-01,6.792775071920644780e-01,-7.594946198856333819e-01,-4.885592918236957849e-01,4.295087202112497504e-01,-7.628304278336512922e-01,4.777686222441460129e-01,2.916052386273577240e-02,8.780015987724507642e-01,-6.749883095453773629e-02
-6.805322536569947678e-01,7.098909751494587583e-01,1.814680554088838327e-01,5.166615130980898307e-01,-5.950427045050686869e-01,-6.799602171992417121e-01,4.284603632095423942e-01,-8.355083229009191426e-01,4.275512034222620494e-01,1.835998541059063738e-01,8.851503047643737299e-01,3.811652790774823496e-02
-7.587389275185923987e-01,6.049400864613920792e-01,2.415837984220362833e-01,3.733478354420219913e-01,-4.749550976846185768e-01,-7.675830082669682364e-01,4.303881743301333773e-01,-9.320402571018294724e-01,4.457946781325790586e-01,2.118108052293708188e-01,8.697144863325860786e-01,1.108779633075046150e-01
-8.084496772767789663e-01,5.126123872738452825e-01,2.892017630037559961e-01,2.228479581602775816e-01,-3.633934274521547492e-01,-8.212653887547431975e-01,4.398504042490987143e-01,-9.462985460382964398e-01,4.629841640873331721e-01,2.505028974821038590e-01,8.502317108632341247e-01,1.644894812170044351e-01
-8.937901876576211935e-01,3.280975283317563163e-01,3.057631638205398628e-01,6.014319110891278020e-02,-1.872081545039988026e-01,-8.924711074094699992e-01,4.104246938556702085e-01,-9.678928102375951026e-01,4.075441170403036328e-01,3.095922065264339329e-01,8.591044513468263366e-01,2.176985936815351019e-01
-9.583100113859569502e-01,1.161365276573046723e-01,2.610636493676412595e-01,-7.264953425611167526e-02,6.563827270102263849e-03,-9.044819391726489632e-01,4.264614142944848085e-01,-9.577407713601153727e-01,2.856551036635174290e-01,4.103958194891706435e-01,8.660117973196412855e-01,2.425499612942915162e-01
-9.684210454242651034e-01,-7.297427933093840469e-02,2.384018316529952497e-01,-1.927972848898278357e-01,1.738376544341370955e-01,-8.830736809151282785e-01,4.358455505977354427e-01,-9.636138014396067319e-01,1.787208680602535571e-01,4.635252189807320122e-01,8.678728148113940000e-01,2.651985894893341689e-01
-9.567668111980011103e-01,-1.586607133515117452e-01,2.437704802243237101e-01,-4.317595129704493440e-01,2.502202162147403319e-01,-8.762714159908961964e-01,4.117502263687997655e-01,-8.417542177065081566e-01,1.482805192446287612e-01,4.549452533614329885e-01,8.780875264211667197e-01,2.680405711815102565e-01
-9.484399663133472602e-01,-2.120313498618993930e-01,2.355935843253733342e-01,-5.834154633609580642e-01,2.962281106195033820e-01,-8.573645339668946042e-01,4.209215632092613846e-01,-7.539889883777292079e-01,1.127410163974735674e-01,4.690082755895353395e-01,8.759684358755133182e-01,2.341214738701738185e-01
-9.131565027631581843e-01,-3.452598431483855368e-01,2.166583535673385907e-01,-7.679963137127979733e-01,4.069083840555772769e-01,-8.033015075526016568e-01,4.348933834274738564e-01,-6.402309595986142021e-01,2.389076069606741598e-02,4.852858216276969006e-01,8.740291201558977319e-01,2.323747148820386466e-01
-8.257415338733876675e-01,-5.154788339179957601e-01,2.289814206851019662e-01,-9.185984380082892198e-01,5.605215600611066495e-01,-7.045901261141404026e-01,4.351647215585409678e-01,-5.197989649173924143e-01,-6.298015515293489686e-02,4.876826078147571963e-01,8.707463316557287891e-01,2.699434529545494121e-01
-6.666989522194238793e-01,-7.151381915102542619e-01,2.099758894563001355e-01,-9.822999050270971866e-01,7.161306840262599005e-01,-5.365573859257997125e-01,4.463888607532146002e-01,-3.995963978493140556e-01,-2.065656082352594070e-01,4.479771630919531233e-01,8.698546492618645098e-01,2.221359649868395181e-01
-5.571499505388565199e-01,-8.081902770304700834e-01,1.908203572157875783e-01,-1.089354052083744362e+00,7.938092919277501824e-01,-4.508691912091951082e-01,4.081467633922010174e-01,-2.074323734910552275e-01,-2.438252256509007010e-01,3.788739216834239865e-01,8.927506991341470632e-01,1.248744656583035545e-01
-4.670236738262786291e-01,-8.571731910691093859e-01,2.171244081125033032e-01,-1.109712553834586002e+00,8.384663658206077397e-01,-3.513042623198850412e-01,4.166046911203273861e-01,-7.698945823172961833e-02,-2.808256424783669436e-01,3.766157667813185839e-01,8.827782976140330362e-01,8.158687086640142860e-02
-3.483298645891938494e-01,-9.058864936311448179e-01,2.409065505376366823e-01,-1.134679872639101639e+00,8.774198706424404248e-01,-2.246638888978258197e-01,4.238637842834744318e-01,4.253383345755068490e-02,-3.298494748170384128e-01,3.590206089933757894e-01,8.730999520564343142e-01,4.808618656468863217e-02
-5.035597107916214843e-02,-9.713990060327901688e-01,2.320522511314666858e-01,-1.148661982714162866e+00,8.772906671526435884e-01,6.802014560623569073e-02,4.751150861828901673e-01,2.405891324204954551e-01,-4.773105503794599636e-01,2.275021557484966928e-01,8.487740615889732831e-01,-6.263130660158895691e-02
1.095805213283918833e-01,-9.632033872990193313e-01,2.454207490027943972e-01,-1.146505059420279249e+00,8.446069745539341866e-01,2.204068677164251200e-01,4.879137948431909733e-01,3.472851363431155303e-01,-5.240526384632052670e-01,1.538182283057799860e-01,8.376805982954496077e-01,-1.464782076965278346e-01
2.183109453929000798e-01,-9.562316272984996424e-01,1.948368704216960900e-01,-1.054046440474289970e+00,8.434664120755193117e-01,2.853060493626127236e-01,4.551536772317104629e-01,4.745342930970349871e-01,-4.908204792203640920e-01,6.497332645910149085e-02,8.688346931532657802e-01,-2.534799531528609262e-01
2.931140724749514703e-01,-9.294518848348257700e-01,2.240610057420472367e-01,-1.008302359337077458e+00,8.095868982287227622e-01,3.659542825526863608e-01,4.589624356063835009e-01,6.168363756376042950e-01,-5.085795854470999133e-01,4.686850603910253793e-02,8.597384185949332736e-01,-3.449830291038459840e-01
4.052181450512067351e-01,-8.854814091760886408e-01,2.274223580143045764e-01,-9.298212819553217656e-01,7.595819216883870073e-01,4.645267636104208342e-01,4.552473944283532692e-01,7.538002638209471140e-01,-5.087568762831965463e-01,-1.172859297424234774e-02,8.608303438781691463e-01,-4.469314322418153629e-01
5.284330797206739927e-01,-8.180592020882345716e-01,2.270189906939150681e-01,-8.320485201975211798e-01,6.930393865468120751e-01,5.701149235991674891e-01,4.412090010237021964e-01,9.068678513284922360e-01,-4.903619978666187151e-01,-7.581632916644943931e-02,8.682148324464291633e-01,-5.163107609423087663e-01
6.081095622049589311e-01,-7.643985011114238226e-01,2.142374660359407934e-01,-7.990615734717017027e-01,6.264386326849060715e-01,6.278295040754111600e-01,4.619575232554266053e-01,1.043624089537317001e+00,-4.876242404093116267e-01,-1.467141619307106570e-01,8.606378767252864659e-01,-5.922322667562930354e-01
6.653453454806230738e-01,-7.243939888065172861e-01,1.804686128617734031e-01,-6.567692230262869302e-01,5.944585872118851588e-01,6.603270040046671507e-01,4.588978490604079807e-01,1.142165120720035176e+00,-4.515911417834934660e-01,-1.980444312855133837e-01,8.699677257803742902e-01,-6.594621418844782701e-01
7.101432870373195483e-01,-6.747765867033594933e-01,2.009305101590935783e-01,-5.296684123822386070e-01,5.258799309111754638e-01,6.981231781185420759e-01,4.858748053135942269e-01,1.219565920659956726e+00,-4.681311890279132859e-01,-2.393754085336020909e-01,8.506189532620829219e-01,-7.303866957960986062e-01
7.875688276733314730e-01,-5.684970694755733245e-01,2.377949193631736235e-01,-4.030390241638270310e-01,4.039679393949477948e-01,7.677064942552926929e-01,4.974300379141244344e-01,1.287583992046237302e+00,-4.653442227193255731e-01,-2.956988682357988840e-01,8.342762933859577679e-01,-8.018358537996771451e-01
8.835928388297007441e-01,-4.082964336614389733e-01,2.292546999043188483e-01,-2.881922049044879919e-01,2.600792673429326851e-01,8.350543166039402498e-01,4.848123998202695795e-01,1.351151548417437231e+00,-3.893873005983025659e-01,-3.687523702709929463e-01,8.440374515104706044e-01,-8.667125957400815262e-01
8.892963711535215587e-01,-3.821186034826634104e-01,2.512714411261965930e-01,-2.196034576443852138e-01,2.222587506251864908e-01,8.412935696099160809e-01,4.927739618765745733e-01,1.391744156304474789e+00,-3.996911457909821386e-01,-3.823748195232832270e-01,8.330885219295885991e-01,-8.904374795394904840e-01
8.854317000483178379e-01,-3.842926420667104326e-01,2.613998274730328641e-01,-2.213349196365661797e-01,2.145586000980490848e-01,8.368883470987090734e-01,5.035697584390422810e-01,1.403642794208152855e+00,-4.122806224812293197e-01,-3.897910462591168135e-01,8.234607632320505299e-01,-9.039893573203734434e-01
8.910243391442971284e-01,-3.894014419509445046e-01,2.333284038838650543e-01,-2.233788764811796557e-01,2.339788929279072172e-01,8.344026935469827100e-01,4.990250721815191470e-01,1.422538041433684119e+00,-3.890109313588733242e-01,-3.900495635275912920e-01,8.345848268901343570e-01,-9.171700404560843012e-01
8.931789939306501447e-01,-3.779537421289619892e-01,2.436847422629161153e-01,-1.843990771088971359e-01,2.291407996762477861e-01,8.487599558065861416e-01,4.765511843893905364e-01,1.432207670292409807e+00,-3.869441545297714891e-01,-3.698073907183511144e-01,8.446991861280104263e-01,-9.284786974137799742e-01
8.899488638853644273e-01,-3.710111889170225052e-01,2.652201300194326761e-01,-1.588858118171418976e-01,2.198906366521677369e-01,8.585565554961047674e-01,4.631724829125404286e-01,1.432863397589170029e+00,-3.995486548367444546e-01,-3.538804017080354192e-01,8.456533176811320551e-01,-9.271430488930133551e-01
8.909809583025373181e-01,-3.730062570953452949e-01,2.588807913113901349e-01,-1.462225980504553435e-01,2.255127018753939894e-01,8.584223199295218931e-01,4.607115604580338530e-01,1.435243467019108543e+00,-3.940773442297214046e-01,-3.521043209256852213e-01,8.489555900930918497e-01,-9.217614323209120109e-01
8.970344250174807632e-01,-3.592387606952532342e-01,2.574427181873557569e-01,-1.743545428396313934e-01,2.167530334444323081e-01,8.652309965246507417e-01,4.520989329180020166e-01,1.434379839082869257e+00,-3.851588799783703942e-01,-3.497468162358275401e-01,8.540080805863066171e-01,-9.132121343273017500e-01
9.094040593212207035e-01,-3.365543052970386695e-01,2.443674619832011674e-01,-1.824866065173443852e-01,2.033990776499691455e-01,8.723683675937102810e-01,4.445247422056800568e-01,1.443380429265039178e+00,-3.627851597036814146e-01,-3.545484886555180792e-01,8.617901699896908241e-01,-8.956294694473017071e-01
9.060126426731501814e-01,-3.435366580384508484e-01,2.472319880197247077e-01,-2.029491998418294085e-01,2.080801126921568156e-01,8.701906303195018344e-01,4.466216895832163525e-01,1.438577138576290659e+00,-3.685698821369325917e-01,-3.532008373261874001e-01,8.598868591237138759e-01,-9.012622589086038971e-01
9.000254950118066199e-01,-3.648230051371220140e-01,2.384497499505299489e-01,-2.776482066613181199e-01,2.223273559482788486e-01,8.548798319394146361e-01,4.687760869970706845e-01,1.505954104145560413e+00,-3.748661829583969651e-01,-3.688965273162070901e-01,8.505237780381231794e-01,-9.538237624417453819e-01
8.972370092449080126e-01,-3.855235664999441259e-01,2.152610715257503027e-01,-2.606844237636243289e-01,2.474259094111646018e-01,8.427630623751278804e-01,4.780489933554449844e-01,1.540083396377462499e+00,-3.657132327292921814e-01,-3.756620826876981845e-01,8.515467286282237813e-01,-9.633620856010242095e-01
8.975345164247965357e-01,-3.755766330859857116e-01,2.310281032816129398e-01,-2.203997308121196097e-01,2.266634579651655712e-01,8.423914038494177969e-01,4.888766710980188557e-01,1.544143882582404759e+00,-3.782267423773451043e-01,-3.864180578083811768e-01,8.412048596805763445e-01,-9.644775918870689413e-01
8.951107348415243692e-01,-3.786162746669585188e-01,2.354283095313278173e-01,-2.210757224823316214e-01,2.287015266848772543e-01,8.432081149885816140e-01,4.865138091662035702e-01,1.545730900358182947e+00,-3.827171070953989673e-01,-3.816409194186553555e-01,8.413547554758400437e-01,-9.604788061890080497e-01
8.966941639008867426e-01,-3.744212473179782674e-01,2.361107917545010593e-01,-2.460202109072194276e-01,2.240638915354496441e-01,8.439509463621137630e-01,4.873829835401339849e-01,1.540846259958891240e+00,-3.817524707661739125e-01,-3.841295740910106171e-01,8.406601699691609308e-01,-9.472210648411795164e-01
8.985304571648079497e-01,-3.726156101285822975e-01,2.319496165888269568e-01,-2.637979407073706151e-01,2.245846049817543377e-01,8.443632884977255726e-01,4.864281984450485874e-01,1.548472448262905532e+00,-3.771004809760776233e-01,-3.849782385094125403e-01,8.423698612378051065e-01,-9.229155417135528339e-01
8.883670811618001872e-01,-3.946344633414657355e-01,2.346648023271816208e-01,-2.494828917371504085e-01,2.454540322971469901e-01,8.401408245203105807e-01,4.836483360908041540e-01,1.572176798465118930e+00,-3.880157820722416329e-01,-3.720578386723294995e-01,8.432180723545598111e-01,-9.452560654832565801e-01
8.865191919254178377e-01,-3.939977682090253785e-01,2.425891196946178829e-01,-1.945373214380244908e-01,2.460563078837135209e-01,8.454670368817339687e-01,4.739639046352111529e-01,1.576947660976497634e+00,-3.918418248458656050e-01,-3.604875146142053621e-01,8.464683904959081628e-01,-9.626014376602535227e-01
8.952461028896711026e-01,-3.877123821516645363e-01,2.195757818775478654e-01,-2.292307002612211098e-01,2.473201926901761050e-01,8.423017037302089616e-01,4.789160283190374012e-01,1.600924036992146693e+00,-3.706307293635395794e-01,-3.744421832799664784e-01,8.499564187839167007e-01,-9.244810542481489701e-01
8.890826490696838169e-01,-3.937984489015475820e-01,2.333555758193219809e-01,-1.907901999901767676e-01,2.460628585973936855e-01,8.410328617082548641e-01,4.817850092579699650e-01,1.644123862366119182e+00,-3.859858970767085506e-01,-3.709265522573949037e-01,8.446468966901664599e-01,-9.371604387485673593e-01
8.766647859642590079e-01,-4.141398572483759311e-01,2.448408292922842899e-01,-1.936573990504174003e-01,2.668845095744323825e-01,8.420621469559490535e-01,4.687259318761360372e-01,1.658991570667597282e+00,-4.002892848921311142e-01,-3.455712940946220613e-01,8.487337445266993630e-01,-9.563949472337346380e-01
8.768180815880514123e-01,-4.149625093348951466e-01,2.428912671273609214e-01,-1.773220259855778913e-01,2.708089653381752226e-01,8.436143268498194070e-01,4.636565235453856682e-01,1.672986702904763368e+00,-3.973066272952355815e-01,-3.407652907504113426e-01,8.520718634757695753e-01,-9.645509529459299625e-01
8.928876945190902248e-01,-3.756395804037243602e-01,2.482870729830621848e-01,-1.918181568537562498e-01,2.412857935452124292e-01,8.647067679823093878e-01,4.405262435302185198e-01,1.677777720066005340e+00,-3.801746056874918400e-01,-3.334323185291159231e-01,8.627225267434810441e-01,-9.594710190684248019e-01
8.905668970576473553e-01,-3.784602975646906287e-01,2.523061731951050102e-01,-1.814372835949092932e-01,2.411017623863363490e-01,8.631380634215064518e-01,4.436920369436146983e-01,1.680337559946022852e+00,-3.856948820496784447e-01,-3.343059775717699411e-01,8.599296316097416737e-01,-9.586209469189703736e-01
