9.992250818879261365e-01,-3.769764892576699805e-02,-1.131914270326484298e-02,1.583134233951568604e-01,3.698860841393009774e-02,9.976658527927603215e-01,-5.739938169436425291e-02,-1.233017537742853165e-02,1.345654389760590763e-02,5.693622253683499473e-02,9.982871270278745879e-01,-1.608638092875480652e-03
9.972194798582371122e-01,2.537791319403923454e-02,-7.006618666077532587e-02,3.078434083071325267e-01,-3.006122317308466962e-02,9.973256791092355300e-01,-6.661690964492700262e-02,-2.777034887643056033e-02,6.818820904382809356e-02,6.853795525997385951e-02,9.953154860827682082e-01,-6.443018872270066949e-03
9.965903990332108942e-01,2.436415526961163702e-02,-7.882870348308081143e-02,4.460865139991228578e-01,-3.033793916632501059e-02,9.966846117886702938e-01,-7.549433138195212056e-02,1.298528936987913135e-02,7.672800011707320289e-02,7.762842624751510601e-02,9.940254732331402776e-01,-2.578660455023793364e-03
9.976126619579429589e-01,3.765273025899200376e-02,-5.788996981542067488e-02,6.560992724111199825e-01,-4.283923894273333755e-02,9.949169629243026503e-01,-9.113197294193312037e-02,-9.978453409630418103e-03,5.416434535738551964e-02,9.339437236539156750e-02,9.941547741184370013e-01,-2.146080528635163978e-02
9.882337849723774603e-01,6.166079351766689393e-02,-1.399711855416688744e-01,8.654250914453917032e-01,-7.402044185771801399e-02,9.936377877608590925e-01,-8.488180559397964786e-02,-2.868582032078766456e-02,1.338467796637514695e-01,9.424379701857099612e-02,9.865105910719690341e-01,3.320242090186803496e-03
9.917434487396084020e-01,9.228236525141256252e-02,-8.904435381130243465e-02,1.154836668930958155e+00,-1.046996179700436236e-01,9.836221711777527466e-01,-1.467154196548217937e-01,-6.962774983410154050e-02,7.404675468239277358e-02,1.548269660981846652e-01,9.851627726877610902e-01,-2.757604402855458325e-02
9.661132914753234324e-01,2.315546800658168092e-01,-1.140505948004389286e-01,1.289720719174634045e+00,-2.464035722795270555e-01,9.589562615010014390e-01,-1.403145327323964409e-01,-1.044216598399985985e-01,7.687904527635984475e-02,1.636622090393505535e-01,9.835162905258638677e-01,-4.608835772967761341e-02
8.954301108486892868e-01,4.335479135682752672e-01,-1.011984348994547644e-01,1.446332389145547515e+00,-4.444271272809078299e-01,8.838785608567800711e-01,-1.457505341142431576e-01,-2.162210122938080237e-01,2.625728703319677587e-02,1.754847466258611099e-01,9.841319314905464521e-01,-1.643060107770655601e-02
7.414173668279223639e-01,6.592369653256546780e-01,-1.253272185687182294e-01,1.718425467278523522e+00,-6.710124359802073224e-01,7.265209355512904921e-01,-1.480190560893625273e-01,-4.089649433530094802e-01,-6.526785262132996958e-03,1.938400210325492423e-01,9.810114409731636176e-01,1.731414071575150537e-01
5.924940725532582553e-01,7.940041106261044312e-01,-1.360450157047397579e-01,1.787625996145297380e+00,-8.055741129665969780e-01,5.842055160361627753e-01,-9.876367526070102543e-02,-5.967025265508365539e-01,1.059484466397041724e-03,1.681112350254127530e-01,9.857674625137998747e-01,1.481558395225376634e-01
2.956020905606726035e-01,9.486502512154230127e-01,-1.126148521513669482e-01,1.806632331542399328e+00,-9.532781941184441665e-01,2.852298647464588943e-01,-9.952190148401751646e-02,-7.628473309767331845e-01,-6.229035779667296130e-02,1.367721650250195708e-01,9.886421426380382904e-01,1.350499999935749207e-01
-4.417211667736391234e-02,9.925373829266614933e-01,-1.136589970100672781e-01,1.755859561831290661e+00,-9.972508147874787898e-01,-5.058276621495144676e-02,-5.414975685774554154e-02,-9.114592343112438710e-01,-5.949484443168790576e-02,1.109546179982459913e-01,9.920430616817560443e-01,1.296673737200122745e-01
-3.682313003773614035e-01,9.237654517648686836e-01,-1.051812699488122449e-01,1.683404712934939207e+00,-9.229173595763516813e-01,-3.768591951987613764e-01,-7.874448797698006819e-02,-1.014512759115895335e+00,-1.123799662529413046e-01,6.807743473273239476e-02,9.913305231178943799e-01,1.097404154359393064e-01
-5.330974032486381908e-01,8.402363356700414121e-01,-9.904574129834962937e-02,1.573970528242086608e+00,-8.370599986996457575e-01,-5.408280452417146833e-01,-8.267759102062890997e-02,-1.103419657856096858e+00,-1.230354307771025502e-01,3.883201900245180499e-02,9.916422525657555553e-01,9.109473554615223068e-02
-6.518440547547826869e-01,7.538709593732975112e-01,-8.232803225163977390e-02,1.482429889180686411e+00,-7.512205345769314979e-01,-6.567512781142709200e-01,-6.592015719960241105e-02,-1.191955139480751047e+00,-1.037643325560001634e-01,1.887684583968217422e-02,9.944227611938256661e-01,7.237903049383787035e-02
-8.050939689268273858e-01,5.861151980593402033e-01,-9.106413015841029190e-02,1.311579900778590879e+00,-5.798222373670636198e-01,-8.100365006921453892e-01,-8.744735902859383792e-02,-1.260698433971024102e+00,-1.250194954889032317e-01,-1.760233366016491011e-02,9.919981268114451689e-01,1.496423316998229947e-02
-9.106751405098679752e-01,4.054998965182771142e-01,-7.899760997015937980e-02,1.151399941729637666e+00,-4.023863537370117593e-01,-9.139512889211812707e-01,-5.270923833203346176e-02,-1.377039309445475590e+00,-9.357355814311667241e-02,-1.621343279436164228e-02,9.954803432581976752e-01,2.233785802123903347e-02
-9.563034570938582224e-01,2.847788331878869927e-01,-6.621717389378234397e-02,1.038514290404368934e+00,-2.765502691615825404e-01,-9.545387006011054609e-01,-1.112466524503491760e-01,-1.411995863958470432e+00,-9.488754700691726107e-02,-8.807318106494307908e-02,9.915843222843487847e-01,1.012244886508195489e-02
-9.457658675031896944e-01,3.243985670857326142e-01,-1.710244247647484117e-02,8.162034886777548293e-01,-3.210423061288278923e-01,-9.414228209352111243e-01,-1.032226229945389928e-01,-1.476374760283961418e+00,-4.958590063134432624e-02,-9.213382600930181132e-02,9.945112350111815491e-01,-9.710189322143384164e-03
-9.079760907483832577e-01,4.177105202579594057e-01,-3.312612103924909152e-02,5.496774279216943837e-01,-4.121178048351631928e-01,-9.045124094682625016e-01,-1.096185023422760474e-01,-1.641419831586089284e+00,-7.575178920083895651e-02,-8.587911494503311371e-02,9.934215842476590286e-01,-4.686916878980913748e-02
-8.791196948992273663e-01,4.755385917106648153e-01,-3.180581447039984577e-02,4.138897039066455896e-01,-4.711845467837459944e-01,-8.772236687908517849e-01,-9.199868360641218212e-02,-1.761639831298598136e+00,-7.164973770003356390e-02,-6.589144638687641220e-02,9.952510398791658552e-01,-7.800194139303336105e-02
-8.197099829061456067e-01,5.720501344335634508e-01,-2.888230632319551197e-02,2.572531173788006331e-01,-5.684742608505271022e-01,-8.186851495845796078e-01,-8.118891919541885993e-02,-1.896241417073613489e+00,-7.008964741280802879e-02,-5.013251982710819482e-02,9.962801673130565749e-01,-8.546535923855314021e-02
-7.278538357533648195e-01,6.852226684876935314e-01,-2.643271400588306091e-02,1.340692261111050831e-01,-6.802658904632388204e-01,-7.263724707552309257e-01,-9.808849066632178981e-02,-2.033050435681698520e+00,-8.641245310352690945e-02,-5.341281044416832519e-02,9.948265977692219986e-01,-1.266461061762854390e-01
-4.000231985041531324e-01,9.164216014523404175e-01,-1.236483117690391834e-02,4.805174632652912947e-02,-9.118145802601718142e-01,-3.993029369183747623e-01,-9.566261439729907556e-02,-2.343169908134492996e+00,-9.260459968852816082e-02,-2.699283163892055026e-02,9.953370158678114255e-01,-1.461958559179664108e-01
-1.688795105330865576e-01,9.853888635145331421e-01,-2.210200406390224609e-02,1.336156034068690379e-02,-9.816744262187258041e-01,-1.701669796131130841e-01,-8.578181600715378829e-02,-2.506849862772239756e+00,-8.828947746045306966e-02,7.210181057787717722e-03,9.960687634189085982e-01,-1.576674713414308870e-01
1.633014096955470174e-01,9.863554932150304655e-01,-2.086841143882275929e-02,7.330152587866284319e-02,-9.865706874240779412e-01,1.631930798527899684e-01,-6.804219554249896218e-03,-2.726041853646394841e+00,-3.305799000038811726e-03,2.169930166373483515e-02,9.997590769781874442e-01,-1.811444060495457087e-01
4.344830247547833979e-01,8.984679972511719903e-01,-6.308533201467056428e-02,1.676679795004766826e-01,-9.002645504128913290e-01,4.353432259016973838e-01,-1.221940170426870072e-04,-2.890004894965463755e+00,2.735398453257792059e-02,5.684657928996699611e-02,9.980081292019723493e-01,-2.019197112636682834e-01
6.649856785543919457e-01,7.452331107720655545e-01,-4.921034369463425651e-02,3.586615321940659351e-01,-7.456599334514344424e-01,6.662055447636513472e-01,1.270573773411617750e-02,-2.989582428309768503e+00,4.225294028533976842e-02,2.824504797580776327e-02,9.987076180254597091e-01,-1.862542485875296194e-01
7.806230415230333008e-01,6.243675897760027071e-01,-2.815634707544378834e-02,5.027253990169416875e-01,-6.245073860937565557e-01,7.810053446032497737e-01,4.601783947781630003e-03,-3.089626400219970037e+00,2.486346230257198767e-02,1.399158813228477266e-02,9.995929390026045969e-01,-1.530691310370558833e-01
8.071661619167763702e-01,5.832319306373949797e-01,-9.123213327285767393e-02,6.907177106553989976e-01,-5.811534691049641266e-01,8.122152033496301549e-01,5.066664381014313739e-02,-3.277995768183464609e+00,1.036505301665417017e-01,1.212347032392998257e-02,9.945398881208834529e-01,-1.328290934232168596e-01
7.960024497488429329e-01,5.912430799167035511e-01,-1.296600186813591793e-01,8.970272451619883958e-01,-5.901134701264505455e-01,8.056984358695938875e-01,5.114804798433590649e-02,-3.423136648518420255e+00,1.347078036683795887e-01,3.580015206531448474e-02,9.902384342889046787e-01,-7.923230767107883321e-02
8.284614530119650544e-01,5.454935477524476273e-01,-1.268400971055721194e-01,1.118398949020458666e+00,-5.443126610453947745e-01,8.375709447593153723e-01,4.688965259701018129e-02,-3.570458841118318016e+00,1.318155829141002822e-01,3.019440106104487667e-02,9.908142864561352292e-01,-5.227038028257099955e-02
8.773245132079859898e-01,4.618536988332926363e-01,-1.303566622707708900e-01,1.295804201478467643e+00,-4.596902340932544906e-01,8.867782170087169513e-01,4.805499472613660589e-02,-3.660861729112867113e+00,1.377918256053623502e-01,1.776385973954579950e-02,9.903019024941306370e-01,-3.329150306914196999e-02
9.306642831887629308e-01,3.443988428640639698e-01,-1.235047733111521301e-01,1.479082039188109432e+00,-3.385483880206958673e-01,9.386136253506445204e-01,6.625293408376430049e-02,-3.710665660134929045e+00,1.387406968604876223e-01,-1.984689749086692920e-02,9.901298499159859601e-01,-9.620495152807630873e-03
9.737863932564198022e-01,1.484848039826993649e-01,-1.723146055761727025e-01,1.694078097208694844e+00,-1.378917489925295115e-01,9.878294205762836455e-01,7.196458437109340411e-02,-3.694311945871103120e+00,1.809030841871798467e-01,-4.631737071706811676e-02,9.824096779355460107e-01,3.707252234736468921e-02
9.517564987579356650e-01,-2.340093102499208044e-01,-1.984923418885248536e-01,1.928735149503809421e+00,2.433063138480468512e-01,9.696656339803904068e-01,2.346478039706412916e-02,-3.667130195873191667e+00,1.869802254617060899e-01,-7.062719726679694832e-02,9.798215114461029662e-01,5.644936091039852444e-02
8.154469751357950047e-01,-5.556535758639309375e-01,-1.621583620153704275e-01,2.081157686098040749e+00,5.625741972953526293e-01,8.267376631567259215e-01,-3.887011145448765990e-03,-3.540975774394560016e+00,1.362222569163012986e-01,-8.805645886465099381e-02,9.867570910679316354e-01,5.196747291011970249e-02
5.314321226491179884e-01,-8.331918166803538028e-01,-1.528767334604699268e-01,2.140848906061501911e+00,8.424407489021048523e-01,5.387347077723403377e-01,-7.648478980221959378e-03,-3.341640327508289321e+00,8.873265242238881356e-02,-1.247249424066493306e-01,9.882156673195101604e-01,4.224191598954367410e-02
2.492946418319368918e-01,-9.567564695680935705e-01,-1.498974299095325591e-01,2.156388228521086692e+00,9.667724200174806493e-01,2.549152459049276453e-01,-1.921731767894021767e-02,-3.130089945992741374e+00,5.659743322297643847e-02,-1.401259267402976127e-01,9.885147723770963957e-01,3.686077740267529324e-02
4.791788894897135165e-02,-9.826304176695138670e-01,-1.792800551910613827e-01,2.095949795349790090e+00,9.933477865432552845e-01,6.569549748737572858e-02,-9.457418558729613345e-02,-2.899119915568670880e+00,1.047093638997398379e-01,-1.735556506729820925e-01,9.792417399351340812e-01,4.268602873459580865e-02
-7.786333108019716231e-02,-9.875549379263703909e-01,-1.366475255917129761e-01,2.021131030908443815e+00,9.957727548761778902e-01,-7.033783745743886484e-02,-5.906952910018178904e-02,-2.629914237058266657e+00,4.872291369983876297e-02,-1.406692333065518996e-01,9.888570394559287324e-01,3.485045956678747836e-02
-1.806065121511929716e-01,-9.724972881482439879e-01,-1.470724729950904641e-01,2.014526189587473315e+00,9.823121712830671370e-01,-1.708341295746481081e-01,-7.667136572161419028e-02,-2.419252541596317752e+00,4.943769733438475866e-02,-1.583184282286269062e-01,9.861496789866587287e-01,4.212113537622558940e-02
-2.961895393393642606e-01,-9.460587392715023025e-01,-1.313187672571982378e-01,1.958733345749354982e+00,9.549382960760081085e-01,-2.905694999768176912e-01,-6.051624881526939531e-02,-2.216410646329778800e+00,1.909469752011805008e-02,-1.433255997065318033e-01,9.894913668119480477e-01,4.909231245623830314e-02
-2.874957156112905032e-01,-9.485136654912018628e-01,-1.329211792063090813e-01,1.887662956723103358e+00,9.554612547133314315e-01,-2.743688211630769258e-01,-1.086993133152595881e-01,-2.020751892128954452e+00,6.663335686259230783e-02,-1.582516235304621266e-01,9.851479175246700137e-01,2.554507528606096700e-02
-1.502045383939788481e-01,-9.828351368108187991e-01,-1.071153140120980063e-01,1.873178528623843375e+00,9.860008307832794916e-01,-1.409859374296355550e-01,-8.902430646609092724e-02,-1.809299647215534712e+00,7.239446346602326776e-02,-1.189876434641238268e-01,9.902529890701263771e-01,5.507030200916999962e-02
-1.200874252755742971e-01,-9.872616347913029111e-01,-1.043718101782606100e-01,1.880419851232078665e+00,9.911529831691540116e-01,-1.132425571915892382e-01,-6.922345841978155834e-02,-1.617592800041333545e+00,5.652233404211991219e-02,-1.117612979072500762e-01,9.921263216166157362e-01,5.179441323709888662e-02
-9.288746819281863687e-02,-9.895924053148205113e-01,-1.099035467851498110e-01,1.870383350520495425e+00,9.921396400236240920e-01,-8.269628094217122694e-02,-9.391623827712583528e-02,-1.442661907515243369e+00,8.385018155329491962e-02,-1.177633069404938337e-01,9.894953009448388404e-01,5.496218942246040851e-02
5.011763524752316928e-03,-9.932823617221608892e-01,-1.156072321181413065e-01,1.915927880986057819e+00,9.938666613365826352e-01,1.771930782464371454e-02,-1.091562440444383414e-01,-1.257866653914709199e+00,1.104714520138366241e-01,-1.143511085292196333e-01,9.872790295899593893e-01,7.876508646605998032e-02
1.630134135542787022e-01,-9.766339131551478037e-01,-1.400458020671968840e-01,1.968598286002265940e+00,9.741365368270487046e-01,1.818325137309808603e-01,-1.341452368475147539e-01,-1.145399029256543910e+00,1.564756678208622243e-01,-1.145562596523449911e-01,9.810159166672467457e-01,1.100181944447327365e-01
3.190283859215236606e-01,-9.409915590034148014e-01,-1.129414665241690874e-01,2.006216671504846172e+00,9.348927706634982959e-01,3.320184331512644471e-01,-1.254562370267256477e-01,-1.013328483256606294e+00,1.555519088196410937e-01,-6.556405975915488571e-02,9.856495105921082578e-01,1.495851180930850288e-01
5.882581826149355653e-01,-8.004774538267285244e-01,-1.148396991534312989e-01,2.154328651957118090e+00,7.935650614489314636e-01,5.987396445461949934e-01,-1.084681118866228089e-01,-8.730879205901473927e-01,1.555853586753139783e-01,-2.732551854537136268e-02,9.874444349947488764e-01,1.725462530409060669e-01
7.153723294762744933e-01,-6.864319743113419525e-01,-1.305893367113919457e-01,2.262522958755632807e+00,6.724671538350384115e-01,7.271101183703739812e-01,-1.381984181400874034e-01,-8.072519272186253758e-01,1.898166410847334229e-01,1.104628473529525694e-02,9.817574152308983226e-01,1.934690756157021185e-01
9.216076962430080899e-01,-3.643391516523202811e-01,-1.337768171206150103e-01,2.408792260114286155e+00,3.499276626673598622e-01,9.290994443400845126e-01,-1.196864797172333128e-01,-8.341795678249511736e-01,1.678984369367779728e-01,6.349177190953922412e-02,9.837575462348291389e-01,2.204680978037554251e-01
9.920629170311070499e-01,-4.144882195198681778e-03,-1.256741365727980786e-01,2.556433244146748773e+00,-1.091099213281637031e-02,9.928491610752120389e-01,-1.188759588938167883e-01,-8.764333433028204112e-01,1.252681879106103680e-01,1.193036600605141412e-01,9.849236101311388270e-01,2.435350775475086660e-01
9.579643652316695013e-01,2.668004942801371349e-01,-1.054598084492785748e-01,2.697851803566909457e+00,-2.787699736590299460e-01,9.525095299558087314e-01,-1.225271281370264309e-01,-9.278119952828847161e-01,6.776117422556762748e-02,1.467756505529376754e-01,9.868461540039219493e-01,2.831310620840262748e-01
9.245239364841947305e-01,3.699527555967948578e-01,-9.159939679990394823e-02,2.833202730084355636e+00,-3.781211311877172854e-01,9.204647155361392885e-01,-9.883884662567885004e-02,-9.832828105867339463e-01,4.774830904952668403e-02,1.260145470940224333e-01,9.908786166345490143e-01,2.973688690887847375e-01
8.671223496128248609e-01,4.799589137350669388e-01,-1.331851040026166832e-01,3.000323004012242833e+00,-4.912841154389860354e-01,8.681915001480400296e-01,-6.988159262658646953e-02,-1.112646335490576677e+00,8.208988195427160961e-02,1.260276168026268351e-01,9.886244439036403486e-01,3.198495748198348365e-01
8.146401826989290162e-01,5.606749735894489550e-01,-1.483406442035542783e-01,3.162321953614087633e+00,-5.750702057064683848e-01,8.140595109667997376e-01,-8.124882222662774267e-02,-1.286349991044650976e+00,7.520393102075707825e-02,1.514948401595408722e-01,9.855930611383475481e-01,3.216130018771100052e-01
7.009259539811527606e-01,6.937042550683081288e-01,-1.657625215051153622e-01,3.228832189204341230e+00,-7.109203941745666500e-01,6.982263783028799242e-01,-8.409588449336644067e-02,-1.438736821325801607e+00,5.740209214208866206e-02,1.767889451921884347e-01,9.825734927604868885e-01,3.308302387015518153e-01
5.183140002307485839e-01,8.437572849558919730e-01,-1.393708766158132106e-01,3.313521548794398086e+00,-8.546499459047089964e-01,5.052685233457587799e-01,-1.194871929583818243e-01,-1.609382887255410344e+00,-3.039847249248918068e-02,1.810451971189988851e-01,9.830048674702807077e-01,3.437567377959860893e-01
4.423406848672780667e-01,8.841704708178584893e-01,-1.502574359054239528e-01,3.373878479631385208e+00,-8.966157126877370986e-01,4.321703202575167269e-01,-9.648356362601689939e-02,-1.799183228603316920e+00,-2.037111368107985543e-02,1.774017835937416465e-01,9.839276522718272133e-01,3.164908032909451996e-01
2.954315354511199976e-01,9.377452149632983236e-01,-1.826311027027708311e-01,3.399093543759508229e+00,-9.553283678238652099e-01,2.883234081020048523e-01,-6.494091138437678434e-02,-1.963561152174932989e+00,-8.241206949364794296e-03,1.936582664227923800e-01,9.810344328076026077e-01,2.950312601872228657e-01
2.429070350184846933e-02,9.810013837155209249e-01,-1.924740160946859235e-01,3.316460494384428248e+00,-9.962438786755234421e-01,7.746809848046643660e-03,-8.624454266054176754e-02,-2.130244138893914396e+00,-8.311495608452840189e-02,1.938460009528448214e-01,9.775047989599102705e-01,2.802103944602011287e-01
-3.066784126929437693e-01,9.336451078969413286e-01,-1.850815055272782006e-01,3.267754901131135092e+00,-9.452961624872978641e-01,-3.214807750370982653e-01,-5.536493898067122721e-02,-2.300693256267661635e+00,-1.111913502702588097e-01,1.579776053168737981e-01,9.811623514196927687e-01,2.532932081848119910e-01
-5.112385119681405188e-01,8.328912998458016803e-01,-2.119605305753194113e-01,3.177310101500005146e+00,-8.374501780732919176e-01,-5.382015139123519365e-01,-9.495435570558360960e-02,-2.433621351207921890e+00,-1.931641351949465180e-01,1.289620605589946456e-01,9.726543084831139607e-01,2.488712137891083975e-01
-6.932191972928124502e-01,6.899170258723983373e-01,-2.084745593977636868e-01,3.022359158425606207e+00,-6.839811176038310681e-01,-7.209346859282980136e-01,-1.114585545702017066e-01,-2.524824919340047824e+00,-2.271936954805771347e-01,6.532745239827633665e-02,9.716559826898755192e-01,2.113717975464849408e-01
-8.321892442675896673e-01,5.188696192609556501e-01,-1.955386916528985830e-01,2.897542153307338886e+00,-5.050939027893298627e-01,-8.548533868549341719e-01,-1.187679937848963724e-01,-2.568770729728311331e+00,-2.287820165362197955e-01,-7.204607774878310034e-05,9.734776749977276378e-01,1.810347112597563979e-01
-9.655477008545635398e-01,1.739390248997634558e-01,-1.935532303821979327e-01,2.743006922307290374e+00,-1.578757779744075218e-01,-9.828155002313978539e-01,-9.565004565540216608e-02,-2.532662623250114375e+00,-2.068643906124014720e-01,-6.179731484315835466e-02,9.764160054888147977e-01,1.779815631969074163e-01
-9.712322268741323539e-01,-9.184900539977940148e-02,-2.197082649519211672e-01,2.622372299072487589e+00,1.129874735361277582e-01,-9.898987770428928634e-01,-8.564018935584956360e-02,-2.485068958375794335e+00,-2.096229765675391987e-01,-1.080007935899278820e-01,9.717993806742771801e-01,1.731683417588927021e-01
-9.268853486967257860e-01,-2.848504181633488286e-01,-2.444254275715044000e-01,2.492755161492829163e+00,3.093243016761744180e-01,-9.485540617948868825e-01,-6.755492761425152537e-02,-2.445722817113723746e+00,-2.126076827489882803e-01,-1.382223973333735756e-01,9.673120190049943057e-01,1.638321915480348279e-01
-9.141138553825749469e-01,-3.419114976390189020e-01,-2.179274814699757312e-01,2.358712797798243166e+00,3.646557470243280141e-01,-9.282600620736218833e-01,-7.320821894570736510e-02,-2.377289307419704123e+00,-1.772626456976559017e-01,-1.463891558187166431e-01,9.732153767275508738e-01,1.333045800281603133e-01
-8.665498713915349427e-01,-4.422160126719108519e-01,-2.313791661491357288e-01,2.146219817620464987e+00,4.666765856515278088e-01,-8.822847078199295145e-01,-6.153583307091537585e-02,-2.216691092134342345e+00,-1.769301692644447976e-01,-1.613031074829489320e-01,9.709155590062387153e-01,1.222917642797689969e-01
-8.525412789465099950e-01,-4.581244009599467204e-01,-2.515857725256694377e-01,1.973374351544304961e+00,4.896030443405546273e-01,-8.684815568569720368e-01,-7.764434539455448980e-02,-2.078965399322210139e+00,-1.829268341843501011e-01,-1.893721696669761201e-01,9.647154786209823918e-01,7.809044446525517658e-02
-8.696773971954040450e-01,-4.520059037988030104e-01,-1.983731023562757545e-01,1.739752526049335613e+00,4.773673388179168753e-01,-8.724137489264891521e-01,-1.049508195009782874e-01,-1.938334394594610322e+00,-1.256250318898520790e-01,-1.859701955020050812e-01,9.744913738702962736e-01,9.128909093127142438e-02
-8.967587224766149223e-01,-3.866207040637391623e-01,-2.152863786944429203e-01,1.554290828119725187e+00,4.137634313427376309e-01,-9.050820779709464192e-01,-9.811348031374370060e-02,-1.885728929856624658e+00,-1.569191401505632411e-01,-1.770617500338520778e-01,9.716097571192641169e-01,5.599024134373919298e-02
-9.712567741746687133e-01,-5.709288197532230019e-02,-2.310858746171378930e-01,1.239243407009053222e+00,8.076805047669238791e-02,-9.922603866212714729e-01,-9.431779876776801019e-02,-1.865915308539158435e+00,-2.239124843370957074e-01,-1.102711565639654390e-01,9.683509030243289128e-01,-2.005935880864540694e-02
-9.556419986966717683e-01,1.549710318996609104e-01,-2.504642681082147604e-01,1.054843282492899270e+00,-1.308756283423552491e-01,-9.852489658119267801e-01,-1.102544569281454639e-01,-1.847372604239194249e+00,-2.638559080881513474e-01,-7.258412111805821743e-02,9.618272220770703873e-01,-8.477284743848342852e-02
-9.129176107266503415e-01,3.685514926492066690e-01,-1.753602956520795286e-01,8.722064828677861259e-01,-3.441031682422832638e-01,-9.260649959986462232e-01,-1.549084658488625588e-01,-1.892057814327471110e+00,-2.194867778039615025e-01,-8.107663320629038273e-02,9.722407798056842410e-01,-1.272047929888606987e-01
-7.064058157619825806e-01,6.907087025673407377e-01,-1.546360619499464462e-01,6.869776963519860224e-01,-6.790996716498094443e-01,-7.229716261531728971e-01,-1.270262324976841606e-01,-2.081736782074436576e+00,-1.995356094103683808e-01,1.528122950473053375e-02,9.797714144646467727e-01,-1.399924028209923732e-01
-3.124855199449561582e-01,9.400871139025203105e-01,-1.363415494233476410e-01,6.284795675478296317e-01,-9.421475246710973028e-01,-3.250450241375326121e-01,-8.187657808893093747e-02,-2.296577137022572934e+00,-1.212882582150979910e-01,1.028686082235958088e-01,9.872726107115937788e-01,-1.818712568974497068e-01
1.724589017172605335e-02,9.940789402423181320e-01,-1.072829895132193095e-01,6.525763010113265761e-01,-9.952992812635934605e-01,6.841249679050105843e-03,-9.660506207751855257e-02,-2.499631149329517577e+00,-9.529910801448805702e-02,1.084447226449385682e-01,9.895240381830566756e-01,-1.810225990770610027e-01
2.019303043028214673e-01,9.709989235391245366e-01,-1.280048541658891370e-01,6.718663524036476709e-01,-9.785063611928244143e-01,1.944339817353344102e-01,-6.870755309075984862e-02,-2.713265705080550649e+00,-4.182646661321028775e-02,1.391277011684018128e-01,9.893907364930439874e-01,-1.874330362607981026e-01
2.046814907517384985e-01,9.705068133945112807e-01,-1.273656645194314874e-01,6.765297599340852619e-01,-9.784657219691909047e-01,2.064090393252690503e-01,3.733846907546207539e-04,-2.931155162188657570e+00,2.665179684287507025e-02,1.245465119529638454e-01,9.918557597178101481e-01,-1.687608325858740432e-01
2.401854874928263384e-01,9.639281770159066065e-01,-1.146882781831855269e-01,7.120605193964852919e-01,-9.706213030183303836e-01,2.402208313682706875e-01,-1.371999649174122059e-02,-3.122854375829125395e+00,1.432542232641172142e-02,1.146142300568610828e-01,9.933067806793836052e-01,-1.317114612773430948e-01
4.000148861394138833e-01,9.107331230368793662e-01,-1.027291072207057038e-01,8.202677666763472653e-01,-9.148042527146222902e-01,4.035875306377191274e-01,1.582037701787374420e-02,-3.328799740308405752e+00,5.586832807693128261e-02,8.764863785159064669e-02,9.945835541575415162e-01,-9.388620626894547683e-02
5.167725188905994971e-01,8.547186112010027870e-01,-4.901284919379024496e-02,8.932217669381556924e-01,-8.547775545663814922e-01,5.183223616707479664e-01,2.640571153316955896e-02,-3.548962645573789931e+00,4.797390883574271375e-02,2.824933731410425933e-02,9.984490367626842611e-01,-6.046793937371290617e-02
6.876931162660696595e-01,7.185518452441664872e-01,-1.037372813238548463e-01,1.090249713404021659e+00,-7.135638380546690529e-01,6.953117716280141636e-01,8.583815734392356844e-02,-3.746273739212072851e+00,1.338089192129987837e-01,1.499286269242675572e-02,9.908937315410434321e-01,6.888250448190205710e-03
7.577676977638758693e-01,6.353003716688240265e-01,-1.489347306140790805e-01,1.271548656061389337e+00,-6.279171300283686863e-01,7.720327696189630551e-01,9.841483857329502705e-02,-3.892886483423040556e+00,1.775054760917834928e-01,1.894308295725144475e-02,9.839374805166750670e-01,7.046515281825507793e-02
9.334389092045912717e-01,3.059358670570223038e-01,-1.873367236582559603e-01,1.461088637884519148e+00,-3.047370704579486778e-01,9.517599558878825361e-01,3.589295553448864501e-02,-3.981105973140803389e+00,1.892805343178452782e-01,2.358456309456517450e-02,9.816397749235652448e-01,9.946383122440577429e-02
9.767062203774660167e-01,-9.136104963936381163e-02,-1.941600311206131413e-01,1.666153964817873367e+00,1.001889733588083031e-01,9.943124525687406789e-01,3.612362501246859509e-02,-3.919185019528031333e+00,1.897554444364421555e-01,-5.473486343754972727e-02,9.803045271910150182e-01,1.263695144047891072e-01
8.862824596550847867e-01,-4.192937749997873165e-01,-1.967133242923811143e-01,1.834755185309016046e+00,4.293136167869469055e-01,9.031077929109773139e-01,9.280777164198094828e-03,-3.794059397116548826e+00,1.737619640457653269e-01,-9.267709873474211379e-02,9.804171230762279698e-01,1.422180537501914199e-01
7.789829785601911638e-01,-5.727148021091197361e-01,-2.553101536535576366e-01,2.006130894914477381e+00,5.905608688545723739e-01,8.069505511215793181e-01,-8.286629128278702114e-03,-3.584248112612464787e+00,2.107685443590273933e-01,-1.443210431284693840e-01,9.668236950029129861e-01,1.967471920558755694e-01
6.626232567320300415e-01,-7.193800209575862414e-01,-2.083813933269947904e-01,2.146199676762629238e+00,7.286288265621034821e-01,6.835648400619400711e-01,-4.288522512269351411e-02,-3.390013587422592067e+00,1.732929679489855768e-01,-1.234159425607390809e-01,9.771069810319004123e-01,2.187557209716535223e-01
5.451924286812740439e-01,-8.086494119842043693e-01,-2.210234019424486274e-01,2.314844673585146229e+00,8.277646711974689930e-01,5.609754241427147292e-01,-1.059351807688135860e-02,-3.129333813598417890e+00,1.325551388138450082e-01,-1.771798577872233105e-01,9.752109685440069065e-01,1.826216654796431194e-01
4.353141797815724412e-01,-8.729316853917901131e-01,-2.202086227197847801e-01,2.443385940342340135e+00,8.960893377454108855e-01,4.436962553335521142e-01,1.255116655822188267e-02,-2.906314321386664457e+00,8.674943031562575013e-02,-2.027902996743954633e-01,9.753720473223957965e-01,2.316499379275298587e-01
3.592058804113752446e-01,-9.073356685947260303e-01,-2.184333307296509319e-01,2.534849565986671216e+00,9.309390623701767620e-01,3.648511564288510756e-01,1.536540939460980838e-02,-2.755697549102799293e+00,6.575406931302883728e-02,-2.088674655093282206e-01,9.757308974407264968e-01,2.744690784490986801e-01
4.078857204884412391e-01,-8.924001419618220465e-01,-1.930057658417069499e-01,2.688945828342442113e+00,9.097824885552151519e-01,4.150704398956047148e-01,3.514746526661281876e-03,-2.547459139734039812e+00,7.697442783095302665e-02,-1.770268808723349796e-01,9.811913273713277484e-01,3.062774038579064162e-01
3.824817533306640871e-01,-9.047434132366357629e-01,-1.874755039305715520e-01,2.767739440856112676e+00,9.222942457387985904e-01,3.860386254744861967e-01,1.864145699422501204e-02,-2.321294894439734691e+00,5.550705041883535751e-02,-1.800375956479372264e-01,9.820923742230713849e-01,3.266187062791794382e-01
3.581400697058568783e-01,-9.160334404577782363e-01,-1.806057209342183112e-01,2.853940995852970008e+00,9.300889029744413561e-01,3.669496488719279359e-01,-1.681034671166866529e-02,-2.146404458675151172e+00,8.167204561465075952e-02,-1.619589181115187737e-01,9.834119105488112744e-01,3.616006500131083157e-01
4.192190455305009333e-01,-8.876209752214687665e-01,-1.907469428624824215e-01,2.919282074168608521e+00,9.039913640194416899e-01,4.275418648490225682e-01,-2.750923424375529246e-03,-1.991401701128300950e+00,8.399408099837946118e-02,-1.712803495685000232e-01,9.816353886290615227e-01,3.833040417745404715e-01
4.868934097093552960e-01,-8.574604812276411803e-01,-1.664221461057946716e-01,3.001860913241925832e+00,8.674803714045520309e-01,4.969599911802832226e-01,-2.255154970086399591e-02,-1.901291308990625373e+00,1.020422109198714233e-01,-1.333877441857139190e-01,9.857966813149806606e-01,3.876571819338345271e-01
6.411550377938254330e-01,-7.466410191564226695e-01,-1.773341648545350424e-01,3.111514959410114134e+00,7.518697737844799445e-01,6.574390088755523998e-01,-4.965675057838079415e-02,-1.806550681105124623e+00,1.536621644415779031e-01,-1.014945226196388439e-01,9.828971467540943419e-01,4.331613092228026041e-01
8.251163014003011220e-01,-5.289256082148936500e-01,-1.985466951071988007e-01,3.290223119797379248e+00,5.316419435972808971e-01,8.458309879763517003e-01,-4.389514309182656476e-02,-1.716209704877597497e+00,1.911542125394856684e-01,-6.933715276424318175e-02,9.791079747785510490e-01,4.611308627414996142e-01
9.612012391285537083e-01,-1.991856537854576614e-01,-1.908330506589233644e-01,3.430491867433641762e+00,1.927007753007509427e-01,9.798707918088818136e-01,-5.215019231337462979e-02,-1.754366651842587999e+00,1.973793026034406928e-01,1.335315265742594015e-02,9.802362491858201965e-01,4.712387961858604535e-01
9.664597844708899821e-01,1.750393516177432551e-01,-1.879274072234257686e-01,3.554953057138957373e+00,-1.812295177938344770e-01,9.833083554245424240e-01,-1.614125250695504915e-02,-1.836529242508658122e+00,1.819652353629495900e-01,4.965786481030890626e-02,9.820502785406589608e-01,4.404854329027301785e-01
8.642464587590221736e-01,4.647931826491553120e-01,-1.924717015183186608e-01,3.663950675502742449e+00,-4.733279552790902178e-01,8.808843317707083509e-01,1.854937245649744765e-03,-1.899982502089458958e+00,1.704074683627556097e-01,8.949911398298009135e-02,9.813007710801292527e-01,4.666619600511741073e-01
6.969205507607265648e-01,6.941646147012255907e-01,-1.801033970364309955e-01,3.758351879069077306e+00,-7.103735927552330409e-01,7.026507534205576055e-01,-4.063591310087805858e-02,-2.025619029648283220e+00,9.834177466054674910e-02,1.562607001591207190e-01,9.828079613751579124e-01,5.334980742586408198e-01
6.020320765548410336e-01,7.856866161231974566e-01,-1.423162676714895825e-01,3.815469757734782252e+00,-7.962665063610400162e-01,6.039940507930395830e-01,-3.392399525698230195e-02,-2.167105785128132567e+00,5.930454996581183136e-02,1.337450105667173095e-01,9.892397295407515667e-01,5.415589349653705531e-01
5.446772727876548759e-01,8.244431051385759934e-01,-1.536887598299334912e-01,3.876451578748766114e+00,-8.333309915943223345e-01,5.526585034946741581e-01,1.131534195008850746e-02,-2.402067364121687199e+00,9.426625566459943817e-02,1.219103970319461994e-01,9.880545167846193078e-01,5.908404235010943362e-01
4.563313198211965682e-01,8.765046594947524250e-01,-1.533013647500580112e-01,3.942864275278214592e+00,-8.845466282409356618e-01,4.655601330822129458e-01,2.882750339624808034e-02,-2.614788783594321320e+00,9.663844482313438400e-02,1.224473126224377567e-01,9.877589111790928689e-01,6.103758110068467913e-01
3.302818908488721061e-01,9.229851114333946782e-01,-1.975154592673067366e-01,3.987117819641822880e+00,-9.414884023678500302e-01,3.370447304793547372e-01,6.617121195161544157e-04,-2.819368696833223886e+00,6.718229516862404826e-02,1.857399626584975427e-01,9.802995488561104809e-01,6.366321578573593820e-01
1.954215133345268973e-01,9.603838460876570338e-01,-1.986788874035700370e-01,4.040808308736282939e+00,-9.801131022906747203e-01,1.983731522605124420e-01,-5.138013271054155118e-03,-2.987865805043844247e+00,3.447809223535339140e-02,1.957318590217352050e-01,9.800511723985150248e-01,6.488678346235541294e-01
9.965379245214807391e-02,9.735193490849980424e-01,-2.057406100093598922e-01,4.024759074373861267e+00,-9.943094163914815153e-01,1.052552832703838176e-01,1.643501806811315316e-02,-3.187038924905653214e+00,3.765509427862665653e-02,2.029320139869272566e-01,9.784685439880400626e-01,6.688403000305209734e-01
-1.001350809650319723e-01,9.749290036262800996e-01,-1.987118603616621626e-01,3.996382883326250024e+00,-9.945660934780451434e-01,-9.236040759651420462e-02,4.803999180290077775e-02,-3.362061098362269185e+00,2.848247292535222019e-02,2.024425671563963858e-01,9.788798474476744227e-01,6.807203803125255748e-01
-4.167939583330431130e-01,8.872532178316211438e-01,-1.976474734078454976e-01,3.881839046337265842e+00,-9.071727620643226242e-01,-4.197873734186580719e-01,2.856817962084116230e-02,-3.474896255860542293e+00,-5.762270442853036773e-02,1.912074490329700727e-01,9.798567932961653737e-01,6.688018301660375586e-01
-6.941400524057141919e-01,6.798039192274540898e-01,-2.367197056630119534e-01,3.773900842092061669e+00,-7.058332813105254733e-01,-7.073345118920769670e-01,3.843523488689199602e-02,-3.539343138198795646e+00,-1.413115941478458037e-01,1.937640825575990544e-01,9.708174461092076157e-01,6.617819698111554461e-01
-8.621086023988828728e-01,4.279888963812699676e-01,-2.712826242946366762e-01,3.621773744403068651e+00,-4.507105021849429627e-01,-8.923332699273608393e-01,2.452302185573862828e-02,-3.559791417173957306e+00,-2.315789301513377640e-01,1.434114359285333928e-01,9.621872786286855828e-01,6.388421135718526100e-01
-9.314919632312801401e-01,2.475508096088005483e-01,-2.665357745173441151e-01,3.452569910647925955e+00,-2.564925530722340086e-01,-9.665453234740832844e-01,-1.306862220581031736e-03,-3.578683590285355542e+00,-2.579424211990339888e-01,6.714710963551737133e-02,9.638241400865480424e-01,5.905948251817781935e-01
-9.536542857807774887e-01,7.948314643169494820e-03,-3.007994805618620648e-01,3.325703022953139687e+00,-2.237688972588615724e-02,-9.987563988634307055e-01,4.455255924796826250e-02,-3.521455275554813635e+00,-3.000712882268950499e-01,4.921869587546386093e-02,9.526461787873650167e-01,5.589890514705904145e-01
-9.466207044227912260e-01,-1.703523222527683345e-01,-2.736591461310681761e-01,3.197138220488295879e+00,1.648484998052020534e-01,-9.853740355028782760e-01,4.316227830806675103e-02,-3.466148665514666938e+00,-2.770094115189424833e-01,-4.253993401204238418e-03,9.608577883693660837e-01,5.258067001938905305e-01
-8.801283957735606123e-01,-3.992718666947956407e-01,-2.568189701309262496e-01,3.065620943653402541e+00,4.003761304372963070e-01,-9.149651574067861892e-01,5.037573729116193860e-02,-3.380372521832635702e+00,-2.550940240952610516e-01,-5.848706863593101934e-02,9.651457411568783451e-01,5.101035430717167918e-01
-7.818391151307600984e-01,-5.571939578069042831e-01,-2.797543412264151819e-01,2.943110106569687190e+00,5.632772881775718332e-01,-8.236118343239884343e-01,6.619851195300265057e-02,-3.325198198579970121e+00,-2.672943970136085756e-01,-1.058226806736095732e-01,9.577866493014927096e-01,4.863775640898089225e-01
-7.762679646763392949e-01,-5.841438273135250991e-01,-2.370317194570340236e-01,2.842432632393559366e+00,5.858011169504283577e-01,-8.073284573340404613e-01,7.111830536693861116e-02,-3.234169977967224607e+00,-2.329057714975783788e-01,-8.364658385218723402e-02,9.688953248999474521e-01,4.617441401675185797e-01
-6.561594472815087675e-01,-7.049166357280328699e-01,-2.693460904061810712e-01,2.685756295120811377e+00,7.166795628140123497e-01,-6.938754246819955895e-01,7.005211821988431564e-02,-3.085488231637912193e+00,-2.362735363682078871e-01,-1.470694791459071504e-01,9.604922614554531890e-01,4.089851466472049224e-01
-5.948605927423933348e-01,-7.705516607130392659e-01,-2.288908328757260913e-01,2.555413964935685733e+00,7.863412383873863432e-01,-6.169015748841140123e-01,3.316479634925999925e-02,-2.943167838971356698e+00,-1.667583041817044531e-01,-1.602578705645172630e-01,9.728869836258301484e-01,3.642755788561055641e-01
-5.565257822570647273e-01,-8.057461596327394338e-01,-2.026133754722332092e-01,2.355703961698508042e+00,8.219028944155286620e-01,-5.695778945679940142e-01,7.526896496153113320e-03,-2.788559247921511552e+00,-1.214688677585179094e-01,-1.623396077874392773e-01,9.792298840971316309e-01,3.301563013385617196e-01
-5.996651723656172273e-01,-7.784181633851441351e-01,-1.856524817065792476e-01,2.224859309426912901e+00,7.933790658181203437e-01,-6.086334785520040036e-01,-1.072132021955974485e-02,-2.654737828160793178e+00,-1.046486453485142715e-01,-1.537219948406308989e-01,9.825569751057369183e-01,3.023131339263737671e-01
-6.969775422555044564e-01,-6.596738701649347281e-01,-2.811631032214065851e-01,2.057111374444228868e+00,6.904076217854834274e-01,-7.232755366061872637e-01,-1.448495521363922511e-02,-2.509391966913777861e+00,-1.938030478913770061e-01,-2.042128379134011962e-01,9.595506737319116075e-01,2.536463906064002072e-01
-8.498502890676524757e-01,-4.584083646615649266e-01,-2.600312623126982969e-01,1.809972698573704131e+00,4.871839005598720962e-01,-8.715110267139872802e-01,-5.586033790800591647e-02,-2.409347420298203257e+00,-2.010132662460229480e-01,-1.741559689595433280e-01,9.639830731236238570e-01,2.070224878898614951e-01
-9.150329067643963032e-01,-3.198424895992637573e-01,-2.457957716992761887e-01,1.587617756777840450e+00,3.472549905954531724e-01,-9.346425889763013695e-01,-7.653236164018831222e-02,-2.376175983525360635e+00,-2.052528953385308885e-01,-1.553834377229998676e-01,9.662956256946062528e-01,1.739574563506985083e-01
-9.732738174501854855e-01,-1.048770169106156072e-02,-2.294081175093433123e-01,1.393788687636320134e+00,3.853827619955271788e-02,-9.922490337989146036e-01,-1.181382926602699418e-01,-2.354660926402931675e+00,-2.263909837725620045e-01,-1.238219004795026584e-01,9.661341829311980156e-01,1.266022722474739737e-01
-8.641417365232229031e-01,4.372324074058233090e-01,-2.491723923566479260e-01,1.140611992813114206e+00,-4.316115637660031257e-01,-8.985211167147525435e-01,-7.982017815775414860e-02,-2.431085574524642912e+00,-2.587866248902587762e-01,3.856973854953451436e-02,9.651641611902749274e-01,4.735994303533143379e-02
-6.405337017926812093e-01,7.288374347328753222e-01,-2.418937175698546160e-01,1.059399234341330320e+00,-7.301740636005705776e-01,-6.755911431173171611e-01,-1.020903726433728537e-01,-2.571119205485194570e+00,-2.378285384742350461e-01,1.112321944107760308e-01,9.649170872224051010e-01,1.644466299291460695e-02
-4.843779111145707916e-01,8.443797356010481758e-01,-2.289124315772023965e-01,9.994793645541406590e-01,-8.643967432030520426e-01,-5.022565780737135999e-01,-2.359237422636435710e-02,-2.731117606487896143e+00,-1.348936972739574192e-01,1.864435353880261603e-01,9.731610856110994856e-01,-2.623428023224058311e-02
-3.263926564714240697e-01,9.165833191447414485e-01,-2.309607171514983515e-01,9.519541996071677614e-01,-9.408512176329024701e-01,-3.385350513533024741e-01,-1.389263415978654777e-02,-2.927101423974681094e+00,-9.092205497131884695e-02,2.127652181885578142e-01,9.728638865992332851e-01,-2.759580750808999366e-02
-1.929982647119067862e-01,9.541634315341278594e-01,-2.287439960768559988e-01,8.929601163604132807e-01,-9.787676388354823453e-01,-2.036172329720226659e-01,-2.353575163931750230e-02,-3.169874672538147031e+00,-6.903317308803874619e-02,2.193448617128590794e-01,9.732020615748619985e-01,-3.781071787378792459e-02
-1.378379175746815843e-01,9.684386000207150236e-01,-2.076713424346056380e-01,8.435300839537367423e-01,-9.904320336253262802e-01,-1.361924915545640324e-01,2.227087813617864218e-02,-3.422174555444401634e+00,-6.715299507217044502e-03,2.087541214780588850e-01,9.779451014849710466e-01,-4.992059410876031889e-02
-1.664544441172783815e-02,9.715274029981640913e-01,-2.363417745638237144e-01,8.494606746157505883e-01,-9.998058658852773117e-01,-1.368035042170807382e-02,1.418021698445730977e-02,-3.658311925233380890e+00,1.054323108553904299e-02,2.365319285762083612e-01,9.715665118983333182e-01,-4.985381032620981451e-02
-2.284787499664304652e-02,9.718662711540051458e-01,-2.344225364621457808e-01,8.326181876952410965e-01,-9.950990214224868513e-01,4.572278736983983430e-04,9.888239735502414585e-02,-3.902627730478676060e+00,9.620765131808989290e-02,2.355328892869950064e-01,9.670927286935699918e-01,-6.933695513232442098e-02
1.280241968897844265e-02,9.706531506977396084e-01,-2.401427889624360990e-01,8.336096553072005477e-01,-9.959327666096999820e-01,3.379891940441612230e-02,8.351980268318950906e-02,-4.100218665792488615e+00,8.918532638978486637e-02,2.380968166264379737e-01,9.671379857440725036e-01,-1.853338191769896698e-02
2.326160279005302089e-01,9.394776096537126309e-01,-2.515384752341572883e-01,8.762726148111326108e-01,-9.583259397712333705e-01,2.655108838065021737e-01,1.054294254080375415e-01,-4.266469736968942605e+00,1.658347874402690547e-01,2.165312715051443959e-01,9.620878503208550869e-01,-1.862196652361834681e-03
5.327685961454332597e-01,8.040877275364808341e-01,-2.638191603853691225e-01,1.012923799339504161e+00,-8.169687144211532637e-01,5.700072523172629024e-01,8.748629585694397970e-02,-4.431062412315248444e+00,2.207254915461064337e-01,1.689220492740352575e-01,9.605964806570905790e-01,6.145050496751982422e-02
7.539999631016759407e-01,5.989894335055880870e-01,-2.696214275448538533e-01,1.117409888103812587e+00,-6.103461624350869918e-01,7.905855001497298362e-01,4.951897569377453762e-02,-4.576885997857477406e+00,2.428201343452239536e-01,1.272250977663327010e-01,9.616923400209199668e-01,8.287681879204444879e-02
8.158447548602396626e-01,5.030541707403002327e-01,-2.851908786546711316e-01,1.363996289575216458e+00,-5.032799123857114587e-01,8.605730870177393799e-01,7.825146445776988424e-02,-4.717577676282858512e+00,2.847923203951699400e-01,7.968979358452296657e-02,9.552710981927535761e-01,1.125848620604076450e-01
8.739550917057538060e-01,3.695695460461165260e-01,-3.156277052428282381e-01,1.512718035002379890e+00,-3.712204790045059433e-01,9.267764856385037886e-01,5.727740946661288857e-02,-4.741091499904209527e+00,3.136843216503681919e-01,6.710958428427404865e-02,9.471528124056532993e-01,2.084634498054041274e-01
9.338901203371507975e-01,6.317575198346050969e-02,-3.519347489208549673e-01,1.672863804056986980e+00,-3.995014081632098507e-02,9.965404386383193147e-01,7.287757135977457335e-02,-4.708206233398505525e+00,3.553213044350383432e-01,-5.399980110951466128e-02,9.331831503486944790e-01,2.581587226902811727e-01
9.114916169200258933e-01,-2.248515530495015791e-01,-3.444195281567858369e-01,1.852114098441604462e+00,2.624180410040165001e-01,9.626952051354612516e-01,6.599025507454385486e-02,-4.597982980233171979e+00,3.167330169719124178e-01,-1.505314621612927617e-01,9.364937131980396456e-01,3.122018785325749723e-01
8.365960623749547631e-01,-4.379236783340371697e-01,-3.291350488372615235e-01,2.061170136519320906e+00,4.777076278209471671e-01,8.772597467561145113e-01,4.701870950034724855e-02,-4.436663756702197148e+00,2.681463233766263055e-01,-1.965659906387227096e-01,9.431115313597930871e-01,3.364510141531986687e-01
8.125079872241526280e-01,-4.818445719372754232e-01,-3.281106203577369707e-01,2.190648486748632884e+00,5.184067659107187698e-01,8.546542084665489369e-01,2.864627390085078620e-02,-4.343665940537931647e+00,2.666180709459571307e-01,-1.933700919092666282e-01,9.442048569034460215e-01,3.983421568063917895e-01
7.470069387823471407e-01,-5.893135952969696945e-01,-3.077175974967715222e-01,2.400758809105506764e+00,6.258806653306376866e-01,7.794647931800150475e-01,2.660881354197201093e-02,-4.178414665867210331e+00,2.241740979156662816e-01,-2.124714630038440633e-01,9.511055941548771653e-01,4.790166697720492639e-01
6.569021657854888785e-01,-6.768829582398770972e-01,-3.321279955540722972e-01,2.593037107816760667e+00,7.233086332511382555e-01,6.901020550474079585e-01,2.416142967026861654e-02,-4.020242673130735689e+00,2.128477522801258404e-01,-2.561027420075300265e-01,9.429248219691330757e-01,5.543034351296958206e-01
6.024280888237831810e-01,-7.349069491554334199e-01,-3.114356657147289709e-01,2.737007527581352573e+00,7.792936871987936609e-01,6.259198361205010608e-01,3.042544729318783295e-02,-3.822276852743162756e+00,1.725738881993164886e-01,-2.610289923244866195e-01,9.497800367863242776e-01,6.512456548144697210e-01
6.581417018002514441e-01,-6.768714915246877295e-01,-3.296884655437809508e-01,2.867272675213665245e+00,7.253793807125642479e-01,6.873626833096270206e-01,3.684149332536430094e-02,-3.674272359668052435e+00,2.016785917952710061e-01,-2.633961380782419148e-01,9.433706694915539037e-01,6.611589367596829581e-01
6.962154200989815189e-01,-6.399594106446514497e-01,-3.251707882694080953e-01,3.098341537611662755e+00,6.857379951964561737e-01,7.268724849230943086e-01,3.768013542528369370e-02,-3.506750126804803358e+00,2.122439416340112517e-01,-2.492154557588162900e-01,9.449043157116927549e-01,7.519921732160506078e-01
6.753719579429261488e-01,-6.648713560907172360e-01,-3.190905800465259068e-01,3.241522713734710681e+00,7.080956039983878902e-01,7.055356833448346299e-01,2.863590622439192782e-02,-3.414675915371730319e+00,2.060905966377276632e-01,-2.452865250624789439e-01,9.472915003314860138e-01,8.020330412344303106e-01
6.782693328863221849e-01,-6.433602708417597293e-01,-3.550186952378147076e-01,3.373654677502645693e+00,6.912632618448134592e-01,7.225140212204249623e-01,1.133983966187033024e-02,-3.291882006316086517e+00,2.492103827885394640e-01,-2.531028467684768857e-01,9.347904225376300058e-01,8.677743891853207936e-01
7.664231066101908629e-01,-5.248723997157459520e-01,-3.702763639102793491e-01,3.500049237996105678e+00,5.617448836142605595e-01,8.272512337712035757e-01,-9.903633536192705047e-03,-3.219989712133820348e+00,3.115097227811411407e-01,-2.004104793683543773e-01,9.288688456246992908e-01,9.228585672423870179e-01
9.032478949470613694e-01,-1.837561741880137378e-01,-3.877846164064355228e-01,3.640927461967857326e+00,1.890654421000874941e-01,9.816516278722111633e-01,-2.478588508271244509e-02,-3.195528396111582126e+00,3.852239593758420844e-01,-5.092887141513606497e-02,9.214167087584088645e-01,9.770344210479818825e-01
9.216161654851779961e-01,1.345030931125932860e-01,-3.640502183209639586e-01,3.795932970911463755e+00,-1.653378382775365085e-01,9.847162896553737221e-01,-5.474694622590671467e-02,-3.282521671486908765e+00,3.511225466273958373e-01,1.106469467743967788e-01,9.297689016198564804e-01,1.033883269857681420e+00
8.595033984868458710e-01,3.528164524947011160e-01,-3.698303108705612297e-01,3.934514388303859800e+00,-3.934174624045084778e-01,9.185740456401106924e-01,-3.800556474457196521e-02,-3.402483310678947159e+00,3.263075363284744235e-01,1.781636144823383339e-01,9.283216674245130529e-01,1.072870663200286012e+00
7.474460004862808482e-01,5.299703790925738289e-01,-4.005694367291839919e-01,4.026794508514575988e+00,-5.890691441737233580e-01,8.074943306006966415e-01,-3.082935987280416290e-02,-3.545106437221924978e+00,3.071189016317598108e-01,2.590063770106909025e-01,9.157476054723241443e-01,1.092714878674110990e+00
5.488205615659045300e-01,7.478846514255923505e-01,-3.734495138094369726e-01,4.076862072850502727e+00,-8.091751682000097867e-01,5.874290551911887093e-01,-1.275352052062842141e-02,-3.671960159574926941e+00,2.098369328096675313e-01,3.091854674450371654e-01,9.275628325616669390e-01,1.105492665808680108e+00
2.964118020481958937e-01,8.793247740853841199e-01,-3.727304458804359677e-01,4.117442466162724024e+00,-9.506277173872449415e-01,3.091964439469608861e-01,-2.654245628548532188e-02,-3.843386437813371082e+00,9.190748904009067577e-02,3.621953902664157843e-01,9.275599779680570034e-01,1.136372997455019629e+00
1.220633448778320751e-01,9.027611226637328734e-01,-4.124595680114010454e-01,4.081978409438025146e+00,-9.911103068128368498e-01,1.330252702711069990e-01,-2.153415580005996026e-03,-3.990756370489598304e+00,5.292352564405303911e-02,4.090557821082781986e-01,9.109733627045228932e-01,1.154146360838840257e+00
8.287487574527428735e-02,9.120580980040358110e-01,-4.015990299234619143e-01,4.086227041887844358e+00,-9.962599102571618737e-01,6.593659293077341887e-02,-5.584404110619273914e-02,-4.162515534171316922e+00,-2.445293815871646056e-02,4.047250814787019535e-01,9.141114058130235254e-01,1.174223700503782997e+00
1.016333616429926784e-01,9.042110272967817108e-01,-4.148169209615767961e-01,4.136852148461324319e+00,-9.948218937419280872e-01,9.247860432669832709e-02,-4.215575255533885596e-02,-4.239395922515893034e+00,2.439935770931868429e-04,4.169533857119815390e-01,9.089278379554935894e-01,1.204598690051194909e+00
6.383815856189123394e-02,8.912860360388922265e-01,-4.489252626813343139e-01,4.127527928167726401e+00,-9.978988894270274246e-01,6.199978943336995757e-02,-1.881043833939402207e-02,-4.228667522943243107e+00,1.106779073389062458e-02,4.491828448107697547e-01,8.933712979136798626e-01,1.231865012820111627e+00
6.302041380686143612e-02,9.210421104344519438e-01,-3.843304024534908159e-01,4.118804036725902229e+00,-9.960251095813547062e-01,3.375509397303758791e-02,-8.242921032206255993e-02,-4.276215693373915272e+00,-6.294766498496483231e-02,3.879974541634543250e-01,9.195083289647880687e-01,1.248680724257078767e+00
1.090132230279695358e-01,9.113763715304848967e-01,-3.968743209392377458e-01,4.140440695542845440e+00,-9.934943808247976849e-01,8.666264448341039206e-02,-7.388167107402866807e-02,-4.332345369863803697e+00,-3.293983112590486567e-02,4.023464868332629618e-01,9.148946781232940584e-01,1.259066256566303554e+00
7.006671968489242008e-02,9.132928910594002581e-01,-4.012315415479701386e-01,4.146381995690213706e+00,-9.973357973775157648e-01,5.595190219564500494e-02,-4.680482784970794313e-02,-4.330280320131813632e+00,-2.029684857189732045e-02,4.034420401756005914e-01,9.147800599909229335e-01,1.269626735245298566e+00
4.425935220905596879e-02,9.136682601194213715e-01,-4.040438344937133386e-01,4.139187461484186592e+00,-9.990178218290270973e-01,3.961901627519885671e-02,-1.984251035954278861e-02,-4.329343904854860092e+00,-2.121652661904786536e-03,4.045252081140731648e-01,9.145243870943223774e-01,1.284184605927676248e+00
3.294513492485072470e-02,9.130118714849470019e-01,-4.066004680424472051e-01,4.148849379695229267e+00,-9.994359402089327826e-01,2.744392061734354099e-02,-1.935542920816717832e-02,-4.339267857176357879e+00,-6.513025676811394667e-03,4.070087882941876845e-01,9.134010218670812753e-01,1.297998391598238488e+00
3.260494558393670778e-02,9.143714880824093116e-01,-4.035612708194729059e-01,4.150558627014006241e+00,-9.994415876095127382e-01,2.687507731353205517e-02,-1.985555781048147991e-02,-4.322613172929662184e+00,-7.309615587855602080e-03,4.039833065874768314e-01,9.147371521473283140e-01,1.303948055477560874e+00
3.944402493340301574e-02,9.170892399716650267e-01,-3.967259694363927669e-01,4.175855986232780204e+00,-9.991440181380488728e-01,3.124577376726615785e-02,-2.710964110120696671e-02,-4.302280895751865231e+00,-1.246595026480156604e-02,3.974556925619225911e-01,9.175366872959990205e-01,1.308403520634882300e+00
2.541880328102868319e-02,9.284911737479070171e-01,-3.704835012682656803e-01,4.187868121371927543e+00,-9.996216970985138950e-01,2.750176538876719992e-02,3.399858604488967631e-04,-4.289200669498928420e+00,1.050462420291485392e-02,3.703347042510787834e-01,9.288389848071728627e-01,1.341032845327129186e+00
2.313304045924683902e-02,9.317463535355994253e-01,-3.623721776188447707e-01,4.183347769351160927e+00,-9.995578257432424785e-01,2.832957627199620548e-02,9.032613336580860505e-03,-4.275826579574705910e+00,1.868195478395875270e-02,3.620029941607693647e-01,9.319897085183324048e-01,1.381563731679720686e+00
1.534497100904208197e-02,9.340875657895101325e-01,-3.567141030323277562e-01,4.180037687094178445e+00,-9.998310418854813308e-01,1.794538784695432973e-02,3.981298433015485749e-03,-4.304607740930572746e+00,1.012025429137065717e-02,3.565927403810248419e-01,9.342051155718572586e-01,1.411388205539617857e+00
1.013602577718668817e-02,9.370848372171051155e-01,-3.489545369231282224e-01,4.199347109936627298e+00,-9.999429494277491948e-01,1.067494975493076502e-02,-3.785993409933257237e-04,-4.342522242942230548e+00,3.370292446584365401e-03,3.489384663597874248e-01,9.371395775567811226e-01,1.455856763853073499e+00
-1.628322291564577359e-03,9.340932400915054057e-01,-3.570254436057282987e-01,4.187170649798208188e+00,-9.999649560037097151e-01,1.410910077261121141e-03,8.252035945775129666e-03,-4.372255479477825446e+00,8.211901790162677225e-03,3.570263689814890395e-01,9.340582083151353077e-01,1.468650962408926564e+00
-1.587712852953500689e-02,9.352674532599106749e-01,-3.535855026190644068e-01,4.205930622130108709e+00,-9.994043355723748467e-01,-4.007197995652726601e-03,3.427705359801498652e-02,-4.444637791650436043e+00,3.064132550648203737e-02,3.539191054986204343e-01,9.347739705053091930e-01,1.541119840957268838e+00
-2.871288797019363320e-02,9.338828916256308732e-01,-3.564243465216148654e-01,4.213694337284596081e+00,-9.987710349169592883e-01,-1.239294477869196977e-02,4.798786024210632828e-02,-4.444327878181979941e+00,4.039789444160124532e-02,3.573641835000558320e-01,9.330910193952259846e-01,1.557040031463746033e+00
-3.323503030096577188e-02,9.329879410471173529e-01,-3.583698293963283876e-01,4.239753197106281846e+00,-9.987438089979319145e-01,-1.754950999560285843e-02,4.693419528674527136e-02,-4.420140901418359469e+00,3.749982332217051406e-02,3.594795078437352243e-01,9.323991884870075353e-01,1.589443175673681763e+00
-4.726622432123215450e-02,9.332123611183869016e-01,-3.562030222980420158e-01,4.232374757266342158e+00,-9.978416282808535431e-01,-2.783891325585852172e-02,5.947335351689148064e-02,-4.412783526487811692e+00,4.558496361989706341e-02,3.582452846369055255e-01,9.325139822690026170e-01,1.612936743428739828e+00
-5.350162310273977317e-02,9.329467599401354283e-01,-3.560167403965364685e-01,4.223202436629124534e+00,-9.974387218115302600e-01,-3.297996614589762676e-02,6.346903232280766416e-02,-4.410566808967002039e+00,4.747180801644861753e-02,3.585005787306599911e-01,9.323217054715770002e-01,1.633226290079039744e+00
-6.684096891094787329e-02,9.353082514993552588e-01,-3.474633211610449468e-01,4.253688525993765346e+00,-9.970410490516825597e-01,-4.936059683205342580e-02,5.892943225843258470e-02,-4.473015638240499747e+00,3.796618733772771925e-02,3.503740945869163737e-01,9.358400303798901643e-01,1.658112748418062665e+00
-7.142070558768502664e-02,9.360215354542748001e-01,-3.446197440356227881e-01,4.269493253358001894e+00,-9.966294940796797119e-01,-5.298826526288711453e-02,6.262503712500969155e-02,-4.505685561382788862e+00,4.035758099584475789e-02,3.479309254870153745e-01,9.366511286204225462e-01,1.680235138165879549e+00
-5.645017529116809485e-02,9.359498964172562330e-01,-3.475790113141513649e-01,4.281536918439754480e+00,-9.976967817002847516e-01,-3.976713450834937214e-02,5.495185891201984779e-02,-4.507467397723352143e+00,3.760996536143177554e-02,3.498805030428555063e-01,9.360390612020360601e-01,1.664953833351794366e+00
-4.924940484604361374e-02,9.370643594132580523e-01,-3.456658537370010387e-01,4.291850689717986000e+00,-9.983296762902994503e-01,-3.571850905954414984e-02,4.540975169131081235e-02,-4.494126736740764017e+00,3.020519095145321117e-02,3.473248831108746715e-01,9.372582739093862081e-01,1.634211817815294676e+00
