-9.793236851692199707e-03,-1.237059477716684341e-02,1.433994993567466736e-02,1.228638589382171631e-01,-3.997459262609481812e-02,-1.198306083679199219e+00
2.451539039611816406e-03,8.504659868776798248e-03,7.670216262340545654e-03,1.970551908016204834e-02,2.544124424457550049e-02,-1.924961805343627930e-02
-1.042625308036804199e-02,2.279494423419237137e-03,2.034142427146434784e-02,6.263589859008789062e-02,-2.821964919567108154e-01,2.691321074962615967e-02
-1.547098159790039062e-03,3.650830592960119247e-03,8.111143484711647034e-03,2.657345831394195557e-01,-1.332612037658691406e-01,-6.443156301975250244e-02
-2.178594470024108887e-03,6.370236631482839584e-03,1.173917762935161591e-02,-2.511484622955322266e-01,-1.931955069303512573e-01,4.672819375991821289e-02
-3.352731466293334961e-03,1.568484120070934296e-03,1.026274822652339935e-02,-2.443470060825347900e-01,-1.258898973464965820e-01,-2.093022167682647705e-01
-1.441359519958496094e-03,2.113617956638336182e-04,1.123336702585220337e-02,-6.442087143659591675e-02,2.349877357482910156e-02,6.566551923751831055e-01
-5.762279033660888672e-03,4.186721518635749817e-03,7.315037772059440613e-03,-2.614295184612274170e-01,9.858955442905426025e-02,3.834517002105712891e-01
-6.273106485605239868e-02,1.763572245836257935e-01,-3.132744729518890381e-01,-9.636081010103225708e-02,4.724370241165161133e-01,1.926876902580261230e-01
-2.035652101039886475e-02,-1.231076195836067200e-03,1.047325320541858673e-02,1.154147088527679443e-01,6.010766327381134033e-02,9.917845726013183594e-01
-8.850395679473876953e-03,-1.442756503820419312e-03,1.797151751816272736e-02,-1.889825612306594849e-02,-1.125510483980178833e-01,7.074974179267883301e-01
-1.591384410858154297e-03,1.460517290979623795e-03,1.423402503132820129e-02,-1.547361314296722412e-01,-8.857049047946929932e-02,5.566218495368957520e-01
-6.664948910474777222e-02,-1.954588666558265686e-02,5.281982943415641785e-03,-9.087732434272766113e-01,-3.264132142066955566e-01,-3.163203597068786621e-01
-1.708644628524780273e-02,3.448726143687963486e-03,1.633375324308872223e-02,-4.486782252788543701e-01,-1.349452883005142212e-01,-6.689467430114746094e-01
-1.572482287883758545e-02,-1.501501537859439850e-03,1.535051595419645309e-02,8.304340839385986328e-01,-2.208767235279083252e-01,-2.329503059387207031e+00
-3.521064668893814087e-02,-1.394709758460521698e-02,4.022247344255447388e-02,-7.504378557205200195e-01,-2.148184031248092651e-01,-1.058855056762695312e+00
5.824655294418334961e-03,4.994455724954605103e-03,-7.061259821057319641e-03,5.830663442611694336e-01,1.852089166641235352e-02,8.696820139884948730e-01
-3.989517688751220703e-03,1.518703997135162354e-03,1.836599968373775482e-02,-4.777806401252746582e-01,1.578271538019180298e-01,7.007339596748352051e-02
6.593421101570129395e-03,-6.954964250326156616e-03,-1.174101792275905609e-02,1.918668746948242188e-01,2.021427899599075317e-01,-9.804563224315643311e-02
-6.227940320968627930e-03,-9.878652170300483704e-03,-1.258466951549053192e-02,1.382125735282897949e+00,9.074451029300689697e-02,2.994660139083862305e-01
-5.213301256299018860e-02,-1.364463120698928833e-01,2.345093488693237305e-01,-3.050168156623840332e-01,2.358669042587280273e-02,-4.914868623018264771e-03
5.886394530534744263e-02,-5.534628033638000488e-02,-5.379039794206619263e-03,1.755410671234130859e+00,6.642081588506698608e-02,-4.463538169860839844e+00
3.172211349010467529e-02,-4.634856805205345154e-02,-1.135841012001037598e-03,-1.207454919815063477e+00,4.378221631050109863e-01,-5.538044929504394531e+00
-1.020687818527221680e-02,8.149920031428337097e-04,1.230908650904893875e-02,3.649758100509643555e-01,4.111923277378082275e-01,-1.695038914680480957e+00
1.003472506999969482e-02,-7.039540447294712067e-03,-9.356195107102394104e-03,1.113579154014587402e+00,1.121485710144042969e+00,-4.419669508934020996e-01
-6.089627742767333984e-03,1.461300347000360489e-02,1.721561886370182037e-02,-2.193672657012939453e+00,2.981242835521697998e-01,-4.517282545566558838e-02
-5.076155066490173340e-03,1.642856933176517487e-02,-3.230396658182144165e-03,5.128506422042846680e-01,9.654554724693298340e-02,1.004965424537658691e+00
1.401871442794799805e-03,4.542859271168708801e-03,-5.606511607766151428e-03,2.660913169384002686e-01,1.308661550283432007e-01,-8.978971242904663086e-01
-1.559540629386901855e-03,2.951776608824729919e-03,1.803257502615451813e-02,-6.890177130699157715e-01,-8.098370432853698730e-01,-9.526120424270629883e-01
-2.239942550659179688e-03,-6.221043877303600311e-04,-3.428013995289802551e-03,1.229009151458740234e+00,3.037438094615936279e-01,-7.034773826599121094e-01
-1.702897250652313232e-02,2.517651394009590149e-02,2.354059740900993347e-02,-2.103171825408935547e+00,-1.297961950302124023e+00,-3.715603649616241455e-01
-8.690059185028076172e-03,2.148393169045448303e-02,-1.791354827582836151e-02,1.372820436954498291e-01,1.132600307464599609e+00,6.493617594242095947e-02
-3.778889775276184082e-03,1.762661151587963104e-02,1.602278649806976318e-02,-1.754949241876602173e-01,-1.819641828536987305e+00,3.080591186881065369e-02
-1.707665622234344482e-02,1.152777485549449921e-02,2.155335620045661926e-02,-5.719972848892211914e-01,-5.522519350051879883e-01,3.628102838993072510e-01
1.553133130073547363e-03,1.017752476036548615e-02,-1.416178606450557709e-02,6.049043536186218262e-01,1.355602741241455078e+00,4.876550734043121338e-01
-9.455040097236633301e-03,1.840319111943244934e-02,9.373035281896591187e-04,2.868196368217468262e-01,-3.239754587411880493e-02,3.442637920379638672e-01
-4.998773336410522461e-03,5.979811307042837143e-03,1.103446818888187408e-02,-1.682454645633697510e-01,-1.170910671353340149e-01,-6.867915391921997070e-02
8.755654096603393555e-03,1.287652552127838135e-02,1.132415048778057098e-02,2.141617536544799805e-01,-1.544777303934097290e-01,5.803297460079193115e-02
-2.634972333908081055e-04,7.440689019858837128e-03,5.704257637262344360e-04,-1.052478142082691193e-02,1.082614064216613770e-02,8.462816476821899414e-02
-7.564797997474670410e-03,-1.416416373103857040e-03,1.485900860279798508e-02,1.711185872554779053e-01,1.566659659147262573e-01,-2.294538974761962891e+00
-1.310482621192932129e-03,1.096538640558719635e-02,1.436246186494827271e-02,-2.242277562618255615e-01,1.166921332478523254e-01,-2.512101411819458008e+00
-4.175198823213577271e-02,-5.977781489491462708e-03,4.138450324535369873e-02,-3.463190793991088867e-01,-1.274608373641967773e-01,-1.181214570999145508e+00
9.772410988807678223e-02,-7.497229613363742828e-03,-4.559550434350967407e-04,-4.507761597633361816e-01,2.104121208190917969e+00,1.386789560317993164e+00
1.754877269268035889e-01,2.233058027923107147e-02,-2.143545635044574738e-02,-4.157186746597290039e-01,1.828314781188964844e+00,-1.203504323959350586e+00
3.196945190429687500e-01,1.941663958132266998e-02,4.363952204585075378e-03,-2.987114787101745605e-01,-3.657619237899780273e+00,-1.168392419815063477e+00
2.145254313945770264e-01,1.951204426586627960e-02,2.725185826420783997e-02,2.626258134841918945e+00,5.295130014419555664e-01,-2.566917896270751953e+00
2.605623900890350342e-01,4.505227506160736084e-02,-6.607554852962493896e-02,-1.693333506584167480e+00,-1.750967979431152344e+00,6.812751293182373047e-03
3.477471768856048584e-01,4.574618488550186157e-02,5.779411643743515015e-03,-3.742348194122314453e+00,-1.685841917991638184e+00,4.719935417175292969e+00
2.314085364341735840e-01,5.778134241700172424e-02,-2.010030113160610199e-02,6.545732021331787109e-01,4.180593490600585938e-01,3.388478040695190430e+00
3.262777626514434814e-01,6.595028191804885864e-02,-1.316137146204710007e-02,5.122027397155761719e-01,-8.071883320808410645e-01,1.828784346580505371e-01
2.869255244731903076e-01,2.795740775763988495e-02,-5.603641271591186523e-02,7.744050621986389160e-01,2.036531448364257812e+00,-6.392386555671691895e-02
3.375604748725891113e-01,4.219893738627433777e-02,-2.377891913056373596e-03,5.552046895027160645e-01,-3.826082944869995117e-01,3.443749666213989258e+00
1.939970552921295166e-01,7.939588278532028198e-03,1.440018787980079651e-02,-1.101603507995605469e+00,-1.650357246398925781e+00,-4.948195219039916992e-01
2.328684031963348389e-01,-2.378434687852859497e-02,1.477299444377422333e-02,-7.093985080718994141e-01,-1.812673926353454590e+00,-1.052390766143798828e+01
2.248096168041229248e-01,4.881457425653934479e-03,-8.495338261127471924e-04,4.482152462005615234e-01,1.698439836502075195e+00,-3.883972167968750000e+00
3.067706227302551270e-01,2.504040673375129700e-02,-1.731596887111663818e-03,-7.361372709274291992e-01,-2.207230091094970703e+00,2.334960699081420898e+00
2.413880228996276855e-01,4.745058249682188034e-03,-1.369306631386280060e-02,1.497219800949096680e-01,2.385344266891479492e+00,-6.514693498611450195e-01
2.779976725578308105e-01,1.148380618542432785e-02,-1.669116318225860596e-04,-3.138884902000427246e-01,-6.692329645156860352e-01,-1.996869444847106934e+00
2.488017976284027100e-01,1.325064245611429214e-02,1.530764251947402954e-02,6.634877324104309082e-01,2.953595876693725586e+00,5.022702217102050781e-01
3.202243745326995850e-01,6.179787963628768921e-02,-2.590635232627391815e-02,-2.539562463760375977e+00,-3.405114650726318359e+00,9.340156555175781250e+00
2.626964449882507324e-01,4.447552189230918884e-02,3.784893080592155457e-03,-5.531281232833862305e-01,-1.600605964660644531e+00,1.011314201354980469e+01
2.780419886112213135e-01,9.224183857440948486e-02,-2.871155366301536560e-02,-3.378735780715942383e-01,6.866827011108398438e-01,9.209531784057617188e+00
1.391685009002685547e-01,1.636501401662826538e-02,-6.016710773110389709e-03,3.582008361816406250e+00,-5.335648655891418457e-01,5.033554077148437500e+00
8.013490587472915649e-02,4.934496432542800903e-02,-1.633627153933048248e-02,1.282451152801513672e+00,3.038866758346557617e+00,1.145899677276611328e+01
2.553183138370513916e-01,1.144381016492843628e-01,-1.095568947494029999e-02,-2.301834106445312500e+00,-1.490166902542114258e+00,1.109836196899414062e+01
2.270368337631225586e-01,7.991219311952590942e-02,1.366617903113365173e-02,-4.611814022064208984e+00,-8.365122079849243164e-01,1.663202476501464844e+01
1.081376522779464722e-01,1.072784811258316040e-01,7.345458492636680603e-03,9.586812555789947510e-02,1.202879101037979126e-02,1.001723098754882812e+01
3.696880340576171875e-01,6.321892887353897095e-02,6.916897371411323547e-03,2.340673923492431641e+00,-1.742451310157775879e+00,-2.217759490013122559e-01
2.181109040975570679e-01,6.853786855936050415e-02,-1.902888901531696320e-02,8.415245413780212402e-01,1.314476251602172852e+00,1.185768842697143555e+00
3.392931222915649414e-01,9.242952615022659302e-02,-1.899674348533153534e-02,5.566654205322265625e-01,-2.759654045104980469e+00,4.626926422119140625e+00
2.324541211128234863e-01,5.382836237549781799e-02,1.376947388052940369e-03,-9.047499299049377441e-01,1.295099258422851562e+00,2.735917806625366211e+00
3.027560114860534668e-01,6.073237210512161255e-02,-3.637610748410224915e-02,4.113291501998901367e-01,7.921097874641418457e-01,2.413450479507446289e+00
2.142639458179473877e-01,2.337048202753067017e-02,2.043566480278968811e-02,6.243809461593627930e-01,-7.456392645835876465e-01,-3.555041074752807617e+00
2.044386416673660278e-01,4.491777345538139343e-02,-2.101309411227703094e-02,1.200007081031799316e+00,2.729972124099731445e+00,-4.742990732192993164e-01
3.347377777099609375e-01,2.667136304080486298e-02,5.527660250663757324e-04,-8.063822984695434570e-01,-1.057026505470275879e+00,-1.089965820312500000e+00
2.474364042282104492e-01,3.313959389925003052e-02,1.134256459772586823e-02,-2.291978597640991211e+00,6.758334636688232422e-01,4.953658580780029297e+00
2.976540923118591309e-01,6.231209635734558105e-02,-3.723369166254997253e-02,2.298872470855712891e-01,-5.829846262931823730e-01,5.355624198913574219e+00
2.851065099239349365e-01,5.800281465053558350e-02,-7.396241649985313416e-03,-9.572998881340026855e-01,-2.501101016998291016e+00,7.564585685729980469e+00
1.972910761833190918e-01,1.013786345720291138e-01,1.332136522978544235e-02,3.413556516170501709e-01,2.448491305112838745e-01,1.677509117126464844e+01
1.802465468645095825e-01,8.460514992475509644e-02,1.957502216100692749e-03,-3.356032073497772217e-01,-6.790635585784912109e-01,2.687890625000000000e+01
7.887312769889831543e-02,9.825858473777770996e-02,-3.957141190767288208e-03,5.398650765419006348e-01,3.463388979434967041e-02,2.624187469482421875e+01
1.389952301979064941e-01,1.640053391456604004e-01,1.646782457828521729e-02,2.434106111526489258e+00,1.528223276138305664e+00,2.826368904113769531e+01
1.196618080139160156e-01,1.158488765358924866e-01,3.183145821094512939e-02,2.835995674133300781e+00,1.965236425399780273e+00,2.141200065612792969e+01
1.908688247203826904e-01,1.235784441232681274e-01,-1.173142436891794205e-02,9.714820384979248047e-01,2.111947536468505859e+00,1.501377391815185547e+01
1.471417844295501709e-01,5.288330838084220886e-02,4.072658717632293701e-03,-2.219745159149169922e+00,3.835667669773101807e-02,1.009580135345458984e+01
2.267683297395706177e-01,-4.978022538125514984e-03,-4.907902330160140991e-04,-2.733386754989624023e-01,-2.743989706039428711e+00,3.573952913284301758e+00
2.320229113101959229e-01,-4.300277680158615112e-03,8.797224611043930054e-03,-2.771440982818603516e+00,5.963365435600280762e-01,3.432146072387695312e+00
2.937830090522766113e-01,4.558094777166843414e-03,1.898863352835178375e-02,2.432386159896850586e+00,-3.459279298782348633e+00,4.075720906257629395e-03
2.292046695947647095e-01,7.942422293126583099e-03,5.211057141423225403e-03,1.044170856475830078e+00,-8.440957218408584595e-02,-3.074960470199584961e+00
2.868641614913940430e-01,1.815215870738029480e-02,-5.500280857086181641e-02,6.128534674644470215e-01,2.071887016296386719e+00,-4.286833405494689941e-01
2.500967085361480713e-01,-1.055866386741399765e-02,1.187059096992015839e-02,-1.513210535049438477e+00,-5.185491442680358887e-01,8.098202347755432129e-01
3.078752160072326660e-01,6.130529195070266724e-02,2.792576327919960022e-03,4.359320998191833496e-01,-2.742034196853637695e-02,1.933611631393432617e+00
2.288138866424560547e-01,-4.194664955139160156e-02,-1.541094295680522919e-02,-8.139925599098205566e-01,-2.783545732498168945e+00,-6.822361469268798828e+00
1.634434014558792114e-01,-3.481942042708396912e-02,-2.544455043971538544e-02,1.142750024795532227e+00,2.433888673782348633e+00,-7.224961280822753906e+00
2.828848063945770264e-01,-1.829076558351516724e-02,1.665903255343437195e-03,-1.008863970637321472e-01,-2.297436475753784180e+00,-2.838386535644531250e+00
2.758576869964599609e-01,-2.087544091045856476e-02,2.577116154134273529e-02,-1.699813127517700195e+00,-2.915793657302856445e-01,-3.395291566848754883e-01
1.978587508201599121e-01,-1.245084181427955627e-01,-6.935520097613334656e-03,1.554201364517211914e+00,-2.751116275787353516e+00,-1.167938899993896484e+01
1.542955040931701660e-01,-6.956932693719863892e-02,4.841174930334091187e-03,2.445386648178100586e+00,1.718468666076660156e+00,-1.366030597686767578e+01
1.402658820152282715e-01,-1.958759874105453491e-02,-6.502272561192512512e-03,-4.885543584823608398e-01,-1.143142104148864746e+00,-1.242927360534667969e+01
1.816894710063934326e-01,-4.848983883857727051e-02,-1.976564526557922363e-03,-2.013287544250488281e+00,-1.017362952232360840e+00,-8.913321495056152344e+00
1.571146547794342041e-01,-1.690478436648845673e-02,2.201231196522712708e-03,-1.670441925525665283e-01,-5.460698604583740234e-01,-8.429313659667968750e+00
1.546199023723602295e-01,3.762125037610530853e-03,-7.125865668058395386e-04,2.662234544754028320e+00,-1.956424951553344727e+00,-1.125719261169433594e+01
1.283806115388870239e-01,-2.071511000394821167e-03,7.738806307315826416e-03,-1.216811299324035645e+00,4.319933652877807617e-01,-1.075964927673339844e+01
1.449793577194213867e-01,-3.292924165725708008e-02,-3.902534395456314087e-02,1.348087191581726074e+00,-1.705189228057861328e+00,6.333657503128051758e-01
1.387999802827835083e-01,6.084146909415721893e-03,2.625986374914646149e-02,-9.382194280624389648e-01,-7.075438499450683594e-01,-6.315295219421386719e+00
1.288108974695205688e-01,-1.909525990486145020e-01,7.931649684906005859e-03,1.324430942535400391e+00,-2.486351490020751953e+00,-1.516914176940917969e+01
1.414447873830795288e-01,-1.317279934883117676e-01,-8.250428363680839539e-03,-1.312008380889892578e+00,1.546682566404342651e-01,-2.152535247802734375e+01
2.177196443080902100e-01,-3.509667143225669861e-02,-8.750161156058311462e-03,1.833882808685302734e+00,1.800556540489196777e+00,-1.229872894287109375e+01
2.447462975978851318e-01,-7.506861537694931030e-02,1.331264711916446686e-02,-1.089666366577148438e+00,-2.125860452651977539e+00,-9.785966873168945312e+00
2.484259605407714844e-01,-1.693235523998737335e-02,4.711413756012916565e-03,7.449108362197875977e-01,4.522154331207275391e-01,-4.171593189239501953e+00
2.532539367675781250e-01,-6.866094470024108887e-02,-1.152747683227062225e-02,-2.701491415500640869e-01,-2.268766403198242188e+00,-9.236215591430664062e+00
2.063112407922744751e-01,1.514870300889015198e-02,1.778917759656906128e-02,1.184605240821838379e+00,-6.394433379173278809e-01,-1.623205900192260742e+00
2.484373301267623901e-01,-3.534855693578720093e-02,3.840677440166473389e-02,1.868931055068969727e-01,1.058750152587890625e+00,-4.504538536071777344e+00
3.234329819679260254e-01,6.769253313541412354e-02,-5.523636937141418457e-04,-1.820482134819030762e+00,-3.497560739517211914e+00,1.213524341583251953e+00
3.311525583267211914e-01,5.312006548047065735e-02,1.175765600055456161e-02,-4.804096817970275879e-01,1.404037356376647949e+00,3.274069070816040039e+00
2.767651081085205078e-01,2.682410925626754761e-02,3.449543565511703491e-02,-1.500491261482238770e+00,-1.809205770492553711e+00,-2.435016155242919922e+00
3.288972973823547363e-01,7.589564472436904907e-02,1.674520969390869141e-02,5.708981156349182129e-01,9.919288158416748047e-01,3.673276662826538086e+00
2.146947383880615234e-01,1.048512235283851624e-01,-2.869612909853458405e-02,-1.353565692901611328e+00,-1.468291282653808594e+00,4.994531631469726562e+00
2.608590424060821533e-01,6.753006577491760254e-02,-3.920977935194969177e-03,-2.178752899169921875e+00,-6.995111703872680664e-02,1.661673927307128906e+01
2.036063373088836670e-01,8.312977105379104614e-02,-4.202257841825485229e-04,1.978999972343444824e+00,1.162311792373657227e+00,1.227657794952392578e+01
2.368765324354171753e-01,8.401226252317428589e-02,4.730535671114921570e-03,1.194842066615819931e-02,1.282986700534820557e-01,1.063040924072265625e+01
1.503210216760635376e-01,1.211927086114883423e-01,-7.726339623332023621e-03,-2.846699357032775879e-01,-3.200390636920928955e-01,1.450242137908935547e+01
1.959147304296493530e-01,1.188562065362930298e-01,-1.263985410332679749e-03,-1.021014213562011719e+00,-6.936720609664916992e-01,2.965766143798828125e+01
1.361379772424697876e-01,1.996902525424957275e-01,-1.468764618039131165e-03,6.958374977111816406e-01,1.139965176582336426e+00,3.006104660034179688e+01
1.636300235986709595e-01,1.898806989192962646e-01,-1.090554520487785339e-03,1.338057875633239746e+00,1.412497162818908691e-01,2.546477317810058594e+01
1.957826614379882812e-01,1.661047488451004028e-01,-4.050731658935546875e-04,2.807797908782958984e+00,5.874153375625610352e-01,1.430469703674316406e+01
2.519520819187164307e-01,5.169764161109924316e-02,-4.599104821681976318e-02,-1.172330498695373535e+00,3.869596958160400391e+00,8.590316772460937500e+00
1.798879802227020264e-01,8.862975984811782837e-02,2.237365953624248505e-02,-9.583882093429565430e-01,-3.444893956184387207e-01,5.330878257751464844e+00
2.361947447061538696e-01,2.592458203434944153e-02,3.062087669968605042e-02,6.204260587692260742e-01,8.299425244331359863e-01,4.207630157470703125e+00
2.368232607841491699e-01,7.621293514966964722e-02,-6.759708747267723083e-03,4.096554815769195557e-01,-2.916436791419982910e-01,1.774715900421142578e+00
2.461333274841308594e-01,-1.087614335119724274e-03,1.112407632172107697e-02,9.211674928665161133e-01,-3.882527112960815430e+00,-8.020678520202636719e+00
1.897266805171966553e-01,1.641167514026165009e-02,1.450313255190849304e-03,2.475757300853729248e-01,2.260834693908691406e+00,-2.781937599182128906e+00
2.046384960412979126e-01,9.449576027691364288e-03,1.999431475996971130e-02,-3.232903718948364258e+00,-4.785517215728759766e+00,-5.781404495239257812e+00
2.096675634384155273e-01,7.508811540901660919e-03,5.047619342803955078e-03,-2.417432069778442383e+00,-3.338232636451721191e-01,-2.283543348312377930e-03
3.478496968746185303e-01,-2.851264737546443939e-02,-2.998209558427333832e-02,7.732665538787841797e-01,4.901609420776367188e-01,-3.403035998344421387e-01
2.121958285570144653e-01,-1.077747046947479248e-01,1.876011304557323456e-02,8.792276382446289062e-01,-1.410429000854492188e+00,-8.877837181091308594e+00
2.430590838193893433e-01,-3.790001571178436279e-02,-7.325967773795127869e-03,8.182688355445861816e-01,1.983435750007629395e+00,-1.472133159637451172e+01
2.095033824443817139e-01,-6.582519412040710449e-02,4.495570436120033264e-03,-1.888553023338317871e+00,-4.540190219879150391e+00,-6.617614269256591797e+00
2.409723252058029175e-01,-5.267198756337165833e-02,1.949851028621196747e-02,1.019587740302085876e-01,-1.592343673110008240e-02,-5.175502777099609375e+00
1.665196269750595093e-01,-1.215412020683288574e-01,-1.737009733915328979e-03,5.193744897842407227e-01,-4.062240123748779297e+00,-1.521369838714599609e+01
2.158045768737792969e-01,-9.401383250951766968e-02,9.609094820916652679e-03,1.166294813156127930e+00,-1.132876038551330566e+00,-1.224813652038574219e+01
2.069487869739532471e-01,-2.845465019345283508e-02,-2.347446791827678680e-02,2.010273933410644531e-01,1.438525080680847168e+00,-1.185935878753662109e+01
2.170843929052352905e-01,-1.726634986698627472e-02,1.314685214310884476e-02,2.300727963447570801e-01,-2.872556447982788086e+00,-7.008837699890136719e+00
1.829332858324050903e-01,8.284373208880424500e-03,-1.163218170404434204e-03,8.173140883445739746e-01,1.528884410858154297e+00,-8.637704849243164062e+00
1.762115657329559326e-01,1.806766493245959282e-03,-9.742343798279762268e-03,2.252883613109588623e-01,-2.892811775207519531e+00,-1.472430229187011719e+01
1.411491185426712036e-01,-7.521398365497589111e-02,1.275291200727224350e-02,8.796773552894592285e-01,1.363016724586486816e+00,-1.776802825927734375e+01
1.277252137660980225e-01,1.105072442442178726e-02,4.613199830055236816e-02,-2.942356109619140625e+00,-3.466536760330200195e+00,-6.248357772827148438e+00
2.949598431587219238e-01,-8.789066970348358154e-02,2.971969731152057648e-02,1.023907423019409180e+00,-1.038120508193969727e+00,-3.299666166305541992e+00
2.298882603645324707e-01,-1.741269417107105255e-02,1.207111123949289322e-02,-8.798422813415527344e-01,3.139644265174865723e-01,-6.789241790771484375e+00
2.249655127525329590e-01,-6.059139501303434372e-03,2.003860287368297577e-02,8.940350413322448730e-01,-1.696006178855895996e+00,-5.203657150268554688e+00
1.886742413043975830e-01,4.367912188172340393e-02,1.526724360883235931e-02,-1.612280368804931641e+00,1.884473800659179688e+00,-4.467372894287109375e+00
2.987365126609802246e-01,3.045386821031570435e-02,2.800846472382545471e-03,5.841227769851684570e-01,-3.278122663497924805e+00,-1.921331405639648438e+00
1.959157288074493408e-01,-2.590780844911932945e-03,1.595458202064037323e-02,6.672986745834350586e-01,1.182426452636718750e+00,-2.311457157135009766e+00
3.344539999961853027e-01,5.060003139078617096e-03,2.523608691990375519e-02,-8.303045630455017090e-01,2.338516861200332642e-01,-1.585052967071533203e+00
3.364369273185729980e-01,3.499902412295341492e-02,1.375591568648815155e-02,7.167273163795471191e-01,-1.569561958312988281e+00,-2.232404202222824097e-01
2.829348444938659668e-01,2.158766612410545349e-02,-3.682332485914230347e-02,-7.078938484191894531e-01,4.955447912216186523e-01,-3.252721428871154785e-01
2.112742066383361816e-01,6.895175576210021973e-02,1.551583409309387207e-04,-7.323781251907348633e-01,-1.528436779975891113e+00,6.853495597839355469e+00
1.882025897502899170e-01,7.451187074184417725e-02,3.394713252782821655e-02,-1.536894559860229492e+00,3.731573224067687988e-01,7.443080902099609375e+00
2.201456576585769653e-01,1.044169515371322632e-01,1.582823134958744049e-02,-1.912462115287780762e+00,-1.483114600181579590e+00,7.853793144226074219e+00
1.288038343191146851e-01,5.381838232278823853e-02,1.690539345145225525e-02,-9.228962659835815430e-01,-1.282813310623168945e+00,8.585007667541503906e+00
8.125700801610946655e-02,5.589608848094940186e-02,4.479297250509262085e-02,-9.401157498359680176e-01,-1.380214691162109375e+00,1.184532833099365234e+01
1.235073208808898926e-01,9.099017828702926636e-02,9.605251252651214600e-04,-1.081843852996826172e+00,-1.525506973266601562e-01,1.982487297058105469e+01
-2.851404249668121338e-03,1.642950177192687988e-01,5.973599106073379517e-02,4.803530573844909668e-01,2.318411111831665039e+00,2.670840835571289062e+01
7.754205912351608276e-02,1.484423577785491943e-01,5.251961946487426758e-02,2.352278709411621094e+00,-3.879887461662292480e-01,2.238872528076171875e+01
1.282075643539428711e-01,7.300473749637603760e-02,-1.665096543729305267e-02,2.750107765197753906e+00,-6.162160038948059082e-01,7.509269714355468750e+00
1.450236588716506958e-01,1.319913864135742188e-01,-2.009510062634944916e-02,-1.146475791931152344e+00,1.343320608139038086e+00,1.090356636047363281e+01
2.299111932516098022e-01,1.036834493279457092e-01,-4.460104554891586304e-02,-5.610942095518112183e-02,2.132009506225585938e+00,1.375165462493896484e+01
2.748242318630218506e-01,8.176872879266738892e-02,1.648525893688201904e-02,-7.712566852569580078e-01,-1.659107923507690430e+00,1.026638031005859375e+01
2.633128166198730469e-01,2.238786593079566956e-02,2.693768963217735291e-02,1.246213912963867188e+00,2.250057935714721680e+00,4.799699306488037109e+00
2.110069543123245239e-01,6.843883544206619263e-03,-2.834482118487358093e-03,9.620434045791625977e-01,-2.053658246994018555e+00,-4.953454017639160156e+00
2.281076908111572266e-01,-1.796613074839115143e-02,3.359002619981765747e-02,1.580168008804321289e+00,6.936286687850952148e-01,-5.865025520324707031e+00
2.322843968868255615e-01,3.857787698507308960e-02,1.442374568432569504e-02,-7.950297594070434570e-01,-3.301958560943603516e+00,-3.639052391052246094e+00
2.331340014934539795e-01,1.054936274886131287e-02,1.945814117789268494e-03,1.049413681030273438e+00,-1.214386895298957825e-01,-2.424049615859985352e+00
1.607157289981842041e-01,-8.315466344356536865e-02,5.299059674143791199e-03,3.964366018772125244e-01,-3.960546553134918213e-01,-1.387009525299072266e+01
1.321888417005538940e-01,-1.533607672899961472e-02,1.448349375277757645e-02,1.292961955070495605e+00,-1.273707151412963867e+00,-1.099274730682373047e+01
1.024140045046806335e-01,4.224536940455436707e-03,-6.678396835923194885e-03,-2.959737777709960938e-01,1.730743765830993652e+00,-8.079947471618652344e+00
2.283128648996353149e-01,4.366924241185188293e-02,-4.429034143686294556e-02,-2.791800737380981445e+00,-1.404781579971313477e+00,-5.265337824821472168e-01
2.094027400016784668e-01,1.225086953490972519e-02,4.859996587038040161e-02,-3.105915546417236328e+00,-1.231486052274703979e-01,5.660111427307128906e+00
1.806058287620544434e-01,7.164873927831649780e-02,1.744728535413742065e-03,-3.276171982288360596e-01,5.385192036628723145e-01,6.281300544738769531e+00
2.943407297134399414e-01,1.147801801562309265e-01,6.370101124048233032e-03,6.768642663955688477e-01,-2.242105722427368164e+00,1.579724025726318359e+01
1.781937181949615479e-01,1.208124607801437378e-01,-5.800167098641395569e-03,-5.328471064567565918e-01,-1.371464848518371582e+00,1.328309631347656250e+01
2.466352581977844238e-01,2.359330803155899048e-01,6.529428064823150635e-04,-1.643427491188049316e+00,-3.745342195034027100e-01,3.049519348144531250e+01
1.912008225917816162e-01,8.133333921432495117e-02,1.075701788067817688e-03,-9.791603088378906250e-01,-2.092391014099121094e+00,2.815979576110839844e+01
1.337092965841293335e-01,1.426874399185180664e-01,-1.462919078767299652e-02,3.530507087707519531e-01,1.203757524490356445e+00,2.030378150939941406e+01
1.273741573095321655e-01,1.080730706453323364e-01,1.181844621896743774e-03,2.251286745071411133e+00,6.462439894676208496e-02,1.623114013671875000e+01
2.045876979827880859e-01,7.658086717128753662e-02,1.602436974644660950e-02,1.862500607967376709e-01,-5.625185966491699219e-01,3.078486680984497070e+00
3.021235764026641846e-01,9.601278603076934814e-02,2.299552783370018005e-03,6.736134290695190430e-01,2.961614131927490234e+00,6.316566944122314453e+00
2.422880530357360840e-01,9.766888618469238281e-02,9.461130946874618530e-03,1.174821853637695312e+00,-2.451235800981521606e-01,7.003772258758544922e+00
2.413299679756164551e-01,4.049021750688552856e-03,4.004263877868652344e-02,-1.909337878227233887e+00,-1.702502727508544922e+00,4.103402137756347656e+00
2.085591852664947510e-01,3.956579044461250305e-02,-3.474606201052665710e-03,8.603293299674987793e-01,1.626810193061828613e+00,4.317579746246337891e+00
3.090568482875823975e-01,1.281079463660717010e-02,-4.118816927075386047e-03,6.470578908920288086e-01,-2.085532426834106445e+00,-3.832131028175354004e-01
2.728903293609619141e-01,1.504491269588470459e-02,-3.687535971403121948e-02,2.529920339584350586e+00,3.770574569702148438e+00,-1.446191549301147461e+00
3.405171036720275879e-01,4.461647570133209229e-02,-1.430005021393299103e-02,-1.929981589317321777e+00,-1.379006624221801758e+00,8.690431714057922363e-01
2.800327837467193604e-01,5.665737390518188477e-02,1.983290165662765503e-02,-1.302068710327148438e+00,-8.517886996269226074e-01,6.501142501831054688e+00
2.551749050617218018e-01,4.596253484487533569e-02,2.950735762715339661e-02,-2.635071575641632080e-01,8.875359296798706055e-01,4.718088150024414062e+00
3.369647860527038574e-01,8.928168565034866333e-02,-2.424208447337150574e-03,1.561622619628906250e+00,3.828386962413787842e-01,-3.471551239490509033e-01
3.016340136528015137e-01,2.988575398921966553e-02,-4.404156655073165894e-02,-1.374601125717163086e+00,-1.894290447235107422e+00,-4.144759178161621094e-01
3.408772945404052734e-01,4.121013730764389038e-02,3.104628995060920715e-03,1.127145528793334961e+00,-8.572128415107727051e-01,1.413989186286926270e+00
2.265780717134475708e-01,-6.340685300529003143e-03,2.320645377039909363e-02,5.287531614303588867e-01,1.716710805892944336e+00,-2.508370161056518555e+00
2.979187071323394775e-01,-4.222862049937248230e-02,4.492742568254470825e-02,-8.213493227958679199e-01,-1.410391092300415039e+00,-5.774283409118652344e+00
1.775275021791458130e-01,1.396982744336128235e-02,1.516339369118213654e-02,7.914562821388244629e-01,1.213653087615966797e+00,-3.441394567489624023e+00
2.732047736644744873e-01,1.699019223451614380e-03,-7.535172626376152039e-03,2.756279706954956055e-01,4.766620099544525146e-01,-2.244626760482788086e+00
2.487566024065017700e-01,-6.608902476727962494e-03,2.032682299613952637e-02,-2.507987022399902344e+00,-6.034583449363708496e-01,1.802622318267822266e+00
2.969830036163330078e-01,4.094663262367248535e-02,-7.557561621069908142e-03,6.945724487304687500e-01,7.967873811721801758e-01,2.801182031631469727e+00
2.539677321910858154e-01,6.646912079304456711e-03,1.655073836445808411e-02,2.142016887664794922e-01,-1.061726927757263184e+00,-1.522072315216064453e+00
3.294461965560913086e-01,5.262108519673347473e-02,9.099498391151428223e-03,-8.809899091720581055e-01,1.863371849060058594e+00,1.733818531036376953e+00
2.993846535682678223e-01,8.203341066837310791e-02,-1.270730607211589813e-02,6.397094130516052246e-01,-1.417105555534362793e+00,9.288572311401367188e+00
3.035973906517028809e-01,1.165969967842102051e-01,4.152505844831466675e-02,5.367197096347808838e-03,-1.558010101318359375e+00,1.379083633422851562e+01
2.679184675216674805e-01,9.270178526639938354e-02,-6.745969876646995544e-03,-1.625688791275024414e+00,-4.831439256668090820e-01,1.116055107116699219e+01
2.005269378423690796e-01,7.741800695657730103e-02,5.215965211391448975e-03,1.466664314270019531e+00,-9.460535049438476562e-01,6.402251720428466797e+00
2.171499133110046387e-01,6.525009870529174805e-02,2.876482903957366943e-03,5.382461547851562500e-01,1.463051915168762207e+00,6.399313926696777344e+00
2.428549528121948242e-01,1.519093960523605347e-01,-3.467710688710212708e-03,-5.831868052482604980e-01,-3.402891635894775391e+00,7.837951660156250000e+00
2.499731183052062988e-01,4.629214107990264893e-02,3.468900918960571289e-02,-3.268559217453002930e+00,7.605528235435485840e-01,1.196960067749023438e+01
3.288260698318481445e-01,6.149656325578689575e-02,-5.173868685960769653e-02,5.014059066772460938e+00,3.522624254226684570e+00,6.653980255126953125e+00
3.040552139282226562e-01,2.812981419265270233e-02,2.348916977643966675e-02,4.469595551490783691e-01,-9.732317924499511719e-01,1.546192646026611328e+00
2.353774607181549072e-01,5.472173169255256653e-02,-1.841304264962673187e-02,1.330768942832946777e+00,2.307024717330932617e+00,3.973101377487182617e-01
2.727711200714111328e-01,4.251110181212425232e-02,1.158705633133649826e-02,-1.910660266876220703e+00,-2.417013645172119141e+00,3.738268136978149414e+00
2.126562893390655518e-01,4.853633046150207520e-02,4.854255914688110352e-02,4.999461472034454346e-01,8.180524706840515137e-01,3.813347578048706055e+00
2.226138263940811157e-01,1.799136586487293243e-02,1.402704790234565735e-02,-6.396956443786621094e-01,-2.256485700607299805e+00,-2.037957191467285156e+00
2.881736755371093750e-01,3.477495163679122925e-03,-2.434574253857135773e-02,4.770303070545196533e-01,1.970822215080261230e+00,-1.745500206947326660e+00
2.513951957225799561e-01,-2.384424954652786255e-02,-3.112849779427051544e-02,7.901684641838073730e-01,-1.497884035110473633e+00,-7.938569188117980957e-01
2.993897199630737305e-01,5.405576154589653015e-02,-1.508543826639652252e-02,-7.432397603988647461e-01,-1.929047584533691406e+00,5.626652717590332031e+00
2.840063571929931641e-01,1.420393884181976318e-01,-6.379028782248497009e-03,-2.023000478744506836e+00,-2.169471234083175659e-01,1.089605808258056641e+01
2.888756990432739258e-01,1.328611522912979126e-01,-3.869891166687011719e-03,-1.123459339141845703e+00,-2.314515352249145508e+00,1.354699420928955078e+01
1.686920076608657837e-01,9.774051606655120850e-02,8.564798161387443542e-03,-1.388464093208312988e+00,4.048686921596527100e-01,1.306569385528564453e+01
1.220923885703086853e-01,1.350394040346145630e-01,8.962839841842651367e-03,-4.876459240913391113e-01,-8.203722834587097168e-01,2.755561447143554688e+01
1.794982403516769409e-01,1.378836482763290405e-01,4.337672144174575806e-04,-7.501623630523681641e-01,-7.042554616928100586e-01,3.070663642883300781e+01
1.321580111980438232e-01,2.363865524530410767e-01,8.785791695117950439e-03,2.254899978637695312e+00,-5.194838047027587891e-01,2.906381988525390625e+01
1.007449254393577576e-01,1.828448474407196045e-01,3.979577496647834778e-02,2.924448490142822266e+00,1.099933981895446777e+00,2.133036231994628906e+01
1.605346202850341797e-01,1.153153330087661743e-01,6.553011015057563782e-03,1.400504231452941895e+00,6.547887921333312988e-01,1.299855518341064453e+01
2.019898146390914917e-01,6.776449084281921387e-02,6.026569753885269165e-04,-5.295829772949218750e-01,3.108307361602783203e+00,8.324628829956054688e+00
3.020359277725219727e-01,5.188058316707611084e-02,-2.047123573720455170e-02,-4.047256410121917725e-01,-1.309978008270263672e+00,8.176743507385253906e+00
1.996515244245529175e-01,-2.765787066891789436e-03,3.770069032907485962e-02,-3.283539414405822754e-01,-3.126497268676757812e-01,6.046171188354492188e+00
2.506958246231079102e-01,-1.546592544764280319e-02,-8.206019178032875061e-03,2.028293371200561523e+00,-1.492931604385375977e+00,1.349598884582519531e+00
1.959900259971618652e-01,3.441508859395980835e-03,1.114239823073148727e-02,-6.554133296012878418e-01,-6.356497108936309814e-02,-3.723654985427856445e+00
2.851574718952178955e-01,1.222956925630569458e-03,-2.421451173722743988e-02,1.042207598686218262e+00,4.051701724529266357e-02,-1.280567407608032227e+00
3.060959577560424805e-01,4.502115026116371155e-02,-1.304641552269458771e-02,-5.828769207000732422e-01,-2.001543998718261719e+00,4.996662139892578125e+00
2.839735150337219238e-01,-1.490145362913608551e-02,9.346967563033103943e-03,3.161630630493164062e-01,1.165702700614929199e+00,9.473503828048706055e-01
2.912718653678894043e-01,-5.079786852002143860e-02,-1.342809014022350311e-02,-9.979350566864013672e-01,-1.329176783561706543e+00,-4.177213191986083984e+00
2.421439737081527710e-01,-9.363275766372680664e-02,5.259045213460922241e-02,1.570697903633117676e+00,1.345045585185289383e-02,-8.565864562988281250e+00
2.063444554805755615e-01,-5.302735418081283569e-02,-2.514312788844108582e-02,-3.434141278266906738e-01,-1.479994177818298340e+00,-7.665186882019042969e+00
1.706989258527755737e-01,-4.827705398201942444e-02,2.194990403950214386e-02,-3.006342053413391113e-01,-2.842971801757812500e+00,-9.048763275146484375e+00
1.806413382291793823e-01,-4.796192422509193420e-02,1.108989026397466660e-02,-2.263959050178527832e-01,1.985955834388732910e+00,-1.153396415710449219e+01
2.113900780677795410e-01,-3.179560601711273193e-02,-1.180938817560672760e-02,-1.552098393440246582e-01,-2.065914869308471680e+00,-1.550273609161376953e+01
1.559122949838638306e-01,-8.732151240110397339e-03,9.388270787894725800e-03,1.478995800018310547e+00,1.036506414413452148e+00,-1.161784362792968750e+01
2.126860022544860840e-01,-3.609985485672950745e-02,-3.703970462083816528e-02,-4.271375015377998352e-02,-1.012129783630371094e+00,-7.540715217590332031e+00
2.405804842710494995e-01,-5.751261487603187561e-02,-2.024989575147628784e-03,1.261903643608093262e-01,-1.155396819114685059e+00,-7.002909660339355469e+00
1.993831843137741089e-01,-7.409462239593267441e-03,1.588082686066627502e-02,1.035236597061157227e+00,-1.072379112243652344e+00,-5.834836006164550781e+00
1.779047995805740356e-01,-1.170789357274770737e-02,6.287805736064910889e-04,2.685057640075683594e+00,1.560408353805541992e+00,-4.050652027130126953e+00
1.294941008090972900e-01,-1.331232953816652298e-02,2.446411177515983582e-03,-1.113622546195983887e+00,-1.893173933029174805e+00,-4.267845153808593750e+00
1.569992303848266602e-01,-7.379256188869476318e-02,8.248522877693176270e-03,6.008973717689514160e-01,-1.462515830993652344e+00,-6.490692138671875000e+00
1.842863559722900391e-01,-1.387938410043716431e-01,1.310542691498994827e-02,-6.108212471008300781e-01,-7.236453890800476074e-01,-2.006139373779296875e+01
1.121416687965393066e-01,-1.154973730444908142e-01,-6.285542622208595276e-03,-2.701643705368041992e-01,-1.226926445960998535e+00,-1.976482963562011719e+01
1.167564615607261658e-01,-3.351821005344390869e-02,1.011995039880275726e-02,1.514686226844787598e+00,9.418485760688781738e-01,-1.081020545959472656e+01
2.011211216449737549e-01,-3.697326779365539551e-02,-1.476819254457950592e-02,-1.837240159511566162e-01,-2.100339412689208984e+00,-1.043944358825683594e+01
2.994180321693420410e-01,1.573211885988712311e-02,1.579195819795131683e-02,1.247559189796447754e+00,1.523302197456359863e+00,-2.460219383239746094e+00
3.164005279541015625e-01,-1.741589233279228210e-02,2.355193346738815308e-02,1.578306406736373901e-02,-1.620109915733337402e+00,-1.073634147644042969e+00
3.308884501457214355e-01,-2.632978744804859161e-02,-9.579690173268318176e-03,3.499489784240722656e+00,3.071892261505126953e+00,-4.157023429870605469e+00
2.767882347106933594e-01,2.753413654863834381e-02,-4.813877493143081665e-02,-2.364910840988159180e+00,-3.130019426345825195e+00,-1.035060405731201172e+00
3.237161040306091309e-01,6.156255304813385010e-02,4.928217828273773193e-02,-2.877487897872924805e+00,-2.156561613082885742e+00,5.291899681091308594e+00
2.759746909141540527e-01,6.070316210389137268e-02,2.932501025497913361e-02,-9.606950730085372925e-02,1.446653246879577637e+00,6.279685974121093750e+00
2.618742585182189941e-01,8.056646585464477539e-02,-2.234762348234653473e-02,-3.757869005203247070e-01,-5.423131585121154785e-01,3.855291604995727539e+00
2.493233084678649902e-01,1.059988215565681458e-01,1.938451640307903290e-02,-1.837830543518066406e+00,-7.385263442993164062e-01,9.689758300781250000e+00
1.660192161798477173e-01,9.255418181419372559e-02,-1.981533877551555634e-02,-7.201769948005676270e-01,2.444826066493988037e-01,2.013732910156250000e+01
1.355343163013458252e-01,7.621009647846221924e-02,6.956424564123153687e-03,-1.890697240829467773e+00,-1.711489439010620117e+00,2.206311225891113281e+01
1.905684173107147217e-01,3.576207160949707031e-02,-1.249054167419672012e-02,8.617360889911651611e-02,1.831282258033752441e+00,2.573553657531738281e+01
2.434834688901901245e-01,1.070110350847244263e-01,2.854438126087188721e-02,-1.035083770751953125e+00,3.299127578735351562e+00,2.018037033081054688e+01
1.524322479963302612e-01,1.811836212873458862e-01,9.676311165094375610e-03,4.375351071357727051e-01,-1.629942536354064941e+00,1.876691436767578125e+01
1.959061920642852783e-01,1.681840121746063232e-01,-2.318033948540687561e-03,8.384581804275512695e-01,-3.961126208305358887e-01,1.930356407165527344e+01
2.825019359588623047e-01,1.494765579700469971e-01,-2.233844436705112457e-02,-2.053161382675170898e+00,9.889222383499145508e-01,2.024713134765625000e+01
2.255512326955795288e-01,1.082274690270423889e-01,-1.333518512547016144e-02,1.082803249359130859e+00,-1.369642138481140137e+00,2.011064147949218750e+01
3.012545108795166016e-01,8.710263669490814209e-02,-1.630180515348911285e-02,1.390285730361938477e+00,6.536607742309570312e-01,1.000155448913574219e+01
2.406018823385238647e-01,4.745353013277053833e-02,1.287061162292957306e-02,-6.417953372001647949e-01,-3.285661935806274414e+00,-3.309378385543823242e+00
2.547601461410522461e-01,1.006073039025068283e-02,-1.396837644279003143e-02,9.359776973724365234e-01,2.700439453125000000e+00,-3.574890613555908203e+00
2.013416588306427002e-01,3.526116721332073212e-03,3.707539290189743042e-04,3.724728226661682129e-01,-2.212133407592773438e+00,-1.696773290634155273e+00
3.281493484973907471e-01,7.531177252531051636e-03,4.624198004603385925e-02,3.803664073348045349e-02,-1.489000320434570312e+00,1.336536407470703125e-01
2.084005773067474365e-01,-1.430740058422088623e-01,-1.062157191336154938e-02,-1.098713994026184082e+00,-2.297761440277099609e+00,-1.323678398132324219e+01
2.147357761859893799e-01,-4.811111837625503540e-02,1.894486136734485626e-02,1.785141944885253906e+00,-3.485311269760131836e-01,-1.473254299163818359e+01
1.735770702362060547e-01,-4.587414488196372986e-02,-1.847060956060886383e-02,-4.105568230152130127e-01,-1.229256033897399902e+00,-6.136445045471191406e+00
2.142197936773300171e-01,-2.131867408752441406e-02,1.467810478061437607e-02,1.227778434753417969e+00,9.718092679977416992e-01,1.207889795303344727e+00
1.674572676420211792e-01,-5.135260149836540222e-02,3.552637249231338501e-02,1.369554877281188965e+00,-2.294197320938110352e+00,-1.098211479187011719e+01
2.203317731618881226e-01,-7.740040123462677002e-02,-4.207482561469078064e-03,2.949361205101013184e-01,-4.473413944244384766e+00,-1.460950279235839844e+01
2.219052612781524658e-01,-7.045605778694152832e-02,1.992611214518547058e-03,2.047627687454223633e+00,1.763226866722106934e+00,-1.357473182678222656e+01
2.295208573341369629e-01,-2.503452636301517487e-02,-1.013035885989665985e-02,-2.782035112380981445e+00,-4.253296375274658203e+00,-8.602647781372070312e+00
2.077166438102722168e-01,-5.969523638486862183e-02,6.884177774190902710e-02,9.059684276580810547e-01,9.357885718345642090e-01,-9.744154930114746094e+00
1.621451228857040405e-01,-1.155712157487869263e-01,-1.363466493785381317e-02,2.768010497093200684e-01,-2.510475397109985352e+00,-1.602564430236816406e+01
1.721294522285461426e-01,-5.514590814709663391e-02,-4.017809033393859863e-02,-2.135917425155639648e+00,-1.611197441816329956e-01,-1.665675926208496094e+01
2.272093445062637329e-01,-8.108729869127273560e-02,-1.056711189448833466e-02,8.034275174140930176e-01,-5.933235287666320801e-01,-1.002672004699707031e+01
1.474702805280685425e-01,-2.142586186528205872e-02,-1.599002815783023834e-02,5.669312477111816406e-01,2.417532652616500854e-01,-7.883440971374511719e+00
2.314575016498565674e-01,-3.608153760433197021e-02,1.607882604002952576e-02,-9.529341459274291992e-01,-5.126841664314270020e-01,-6.648427963256835938e+00
2.394517362117767334e-01,-6.101435795426368713e-02,-7.954316213726997375e-03,1.076634749770164490e-01,-3.509317636489868164e+00,-8.114930152893066406e+00
1.800730228424072266e-01,-1.030467636883258820e-02,-1.526683755218982697e-02,7.027153372764587402e-01,2.139206171035766602e+00,-6.664102554321289062e+00
3.088742792606353760e-01,-3.029467537999153137e-03,9.337799623608589172e-03,-6.512846350669860840e-01,-2.400963068008422852e+00,-3.903814077377319336e+00
2.485001981258392334e-01,6.709926296025514603e-03,5.009181797504425049e-02,-5.091764926910400391e-01,-1.028407931327819824e+00,1.080579757690429688e+00
3.482567667961120605e-01,-6.161047518253326416e-02,-8.010035380721092224e-03,8.128412961959838867e-01,1.195378303527832031e+00,-4.921468734741210938e+00
1.991771906614303589e-01,2.127380296587944031e-02,2.318145520985126495e-02,4.701399803161621094e-02,-4.312183260917663574e-01,-4.024500846862792969e+00
3.534563779830932617e-01,1.589369960129261017e-02,-1.058454066514968872e-01,-1.582127571105957031e+00,6.378657221794128418e-01,-1.859847187995910645e+00
2.406480014324188232e-01,4.195073619484901428e-02,1.966994069516658783e-02,-2.302560567855834961e+00,-3.372814893722534180e+00,4.292938232421875000e+00
2.309545278549194336e-01,6.459478288888931274e-02,4.203911125659942627e-02,-2.252215862274169922e+00,-9.567541480064392090e-01,8.323090553283691406e+00
2.862432599067687988e-01,4.600148648023605347e-02,-4.580719769001007080e-02,7.318670749664306641e-01,-5.581017136573791504e-01,5.846154689788818359e+00
2.515097260475158691e-01,9.375332295894622803e-02,1.319971028715372086e-02,-1.175266861915588379e+00,-3.152910947799682617e+00,1.066906642913818359e+01
2.054893970489501953e-01,7.675383239984512329e-02,6.423972547054290771e-03,2.312491387128829956e-01,-1.820742487907409668e+00,1.353509902954101562e+01
7.687599956989288330e-02,2.345449775457382202e-01,2.495066635310649872e-02,2.545694351196289062e+00,9.864662885665893555e-01,2.580184555053710938e+01
1.346277296543121338e-01,1.628635525703430176e-01,-8.387012407183647156e-03,-3.639942646026611328e+00,-1.476319789886474609e+00,1.827245712280273438e+01
1.200587004423141479e-01,1.324571073055267334e-01,-3.700511902570724487e-02,2.392193794250488281e+00,-7.404327392578125000e-01,2.195591354370117188e+01
1.304949522018432617e-01,1.039279550313949585e-01,8.580973371863365173e-03,4.553114891052246094e+00,1.674171537160873413e-01,1.528194904327392578e+01
9.652258455753326416e-02,1.566064953804016113e-01,3.412149846553802490e-03,2.623259544372558594e+00,6.705611944198608398e-02,1.200662612915039062e+01
1.646577864885330200e-01,1.195442229509353638e-01,-4.265291243791580200e-02,-1.386221170425415039e+00,2.458707094192504883e+00,1.148580741882324219e+01
1.973112523555755615e-01,1.050931140780448914e-01,1.821546070277690887e-02,-1.344413757324218750e+00,-1.853611350059509277e+00,6.544355392456054688e+00
2.392444014549255371e-01,3.681114688515663147e-02,7.662605494260787964e-03,-2.078638821840286255e-01,-2.583034276962280273e+00,6.096268653869628906e+00
2.710946798324584961e-01,2.163730189204216003e-02,-2.522510848939418793e-02,4.502020478248596191e-01,1.053031206130981445e+00,9.185299277305603027e-01
2.294539362192153931e-01,-1.137152500450611115e-02,-7.345018908381462097e-03,1.479380488395690918e+00,-1.990915298461914062e+00,-2.524908065795898438e+00
1.971633583307266235e-01,-1.176285464316606522e-02,-6.876703351736068726e-02,2.075788021087646484e+00,2.331809520721435547e+00,-5.139291763305664062e+00
2.665335536003112793e-01,-1.536004245281219482e-02,1.024192571640014648e-02,9.727454185485839844e-01,-3.711311340332031250e+00,-1.378989934921264648e+00
1.952404826879501343e-01,-1.414034608751535416e-02,2.255303412675857544e-02,-6.855100393295288086e-01,-1.136248946189880371e+00,-9.501441121101379395e-01
1.825508922338485718e-01,-2.664160542190074921e-02,1.598987728357315063e-03,-1.180643081665039062e+00,6.086372137069702148e-01,-6.933704376220703125e+00
1.234964430332183838e-01,-7.816515862941741943e-02,2.256637997925281525e-02,2.596970081329345703e+00,-4.771440505981445312e+00,-1.362974262237548828e+01
9.639725089073181152e-02,-9.704626351594924927e-02,1.283762790262699127e-02,-2.543635070323944092e-01,2.249873399734497070e+00,-1.888530540466308594e+01
1.138245388865470886e-01,-3.636087477207183838e-02,9.539948776364326477e-03,-3.164691448211669922e+00,-1.577442049980163574e+00,-9.253129005432128906e+00
2.330345213413238525e-01,-9.819433093070983887e-02,4.815993830561637878e-03,-8.299225568771362305e-01,9.237650632858276367e-01,-2.690237998962402344e+00
1.673062443733215332e-01,1.163245178759098053e-03,-8.773798123002052307e-03,-7.852572798728942871e-01,1.882036447525024414e+00,-1.465742349624633789e+00
1.841226965188980103e-01,4.913410544395446777e-02,-1.139292307198047638e-02,-1.621018052101135254e+00,1.527456194162368774e-02,-5.143848657608032227e-01
2.715468108654022217e-01,1.627415269613265991e-01,5.893860012292861938e-03,-1.381321549415588379e+00,-4.699692726135253906e+00,1.494235992431640625e+01
1.955949664115905762e-01,1.405649781227111816e-01,-1.611409708857536316e-03,8.944206833839416504e-01,-5.025079846382141113e-01,1.943510437011718750e+01
2.282915115356445312e-01,1.029156371951103210e-01,-2.962637692689895630e-03,-1.608148694038391113e+00,-3.539237976074218750e+00,2.933324432373046875e+01
1.787654459476470947e-01,1.562586575746536255e-01,9.029582142829895020e-04,3.471130847930908203e+00,4.896347820758819580e-01,2.395315933227539062e+01
1.577717959880828857e-01,1.693144440650939941e-01,-1.410876028239727020e-02,2.754558324813842773e+00,1.977079033851623535e+00,2.081714820861816406e+01
1.690558493137359619e-01,6.428582221269607544e-02,1.144807133823633194e-02,3.753198087215423584e-01,-3.185194730758666992e-01,6.195161819458007812e+00
1.733174324035644531e-01,1.770320683717727661e-01,-4.807060584425926208e-03,-5.002121925354003906e-01,2.372225761413574219e+00,1.228180408477783203e+01
2.034915238618850708e-01,6.377024948596954346e-02,-6.319837644696235657e-03,-7.129982113838195801e-01,-7.997547984123229980e-01,7.391575813293457031e+00
2.737119197845458984e-01,1.134964302182197571e-01,2.090577036142349243e-04,-1.018330454826354980e+00,-2.429797172546386719e+00,1.315898418426513672e+01
2.032952159643173218e-01,5.828501284122467041e-02,-1.191639713943004608e-02,1.484115004539489746e+00,1.262710332870483398e+00,5.101198196411132812e+00
2.884845137596130371e-01,-3.885701298713684082e-04,2.634026110172271729e-03,5.215898752212524414e-01,1.415956139564514160e+00,-2.389556467533111572e-01
2.815178632736206055e-01,6.973186135292053223e-02,4.188882187008857727e-03,-5.516532659530639648e-01,1.356603026390075684e+00,-7.395831942558288574e-01
2.203486710786819458e-01,6.212244927883148193e-02,-1.645625196397304535e-02,-2.465607225894927979e-01,4.709671139717102051e-01,5.034580707550048828e+00
3.341245651245117188e-01,5.545002222061157227e-02,3.982794657349586487e-02,-1.736637115478515625e+00,-2.855609655380249023e+00,7.849104881286621094e+00
2.589491903781890869e-01,1.572673954069614410e-02,1.980092562735080719e-02,1.220140933990478516e+00,1.714415311813354492e+00,3.094907999038696289e+00
3.188423812389373779e-01,5.350913852453231812e-04,-1.451216824352741241e-02,-2.094383478164672852e+00,-1.224237203598022461e+00,-1.802680253982543945e+00
2.704377472400665283e-01,2.838397584855556488e-02,-4.459170252084732056e-02,2.271966457366943359e+00,3.566741704940795898e+00,1.593787670135498047e+00
3.237936496734619141e-01,4.728016257286071777e-02,-5.834835022687911987e-02,-8.001499176025390625e-01,-3.798724889755249023e+00,-2.086024731397628784e-01
2.558475136756896973e-01,3.239824995398521423e-02,-2.195460721850395203e-03,-1.491100072860717773e+00,-1.107346057891845703e+00,3.190140247344970703e+00
1.981702595949172974e-01,4.945924505591392517e-02,2.363771200180053711e-03,1.975914120674133301e+00,1.750254988670349121e+00,1.878203630447387695e+00
2.264435142278671265e-01,-1.992433518171310425e-02,3.062918782234191895e-02,2.106164932250976562e+00,9.836072921752929688e-01,-9.087616920471191406e+00
2.054233849048614502e-01,2.973541151732206345e-03,1.105838362127542496e-02,5.409799814224243164e-01,-1.556172966957092285e-01,-7.773473739624023438e+00
3.216558694839477539e-01,6.603173911571502686e-03,-1.169644482433795929e-02,-3.695874691009521484e+00,-4.701577186584472656e+00,-1.232658147811889648e+00
2.239328622817993164e-01,1.561058126389980316e-02,9.875050745904445648e-03,1.095983505249023438e+00,2.859370231628417969e+00,-1.968515634536743164e+00
2.037546485662460327e-01,-1.941551268100738525e-02,-1.318597234785556793e-02,4.875272810459136963e-01,1.299858808517456055e+00,-1.689027428627014160e+00
2.317324578762054443e-01,1.454108394682407379e-02,3.948500379920005798e-03,1.573204040527343750e+00,1.195476651191711426e+00,-3.785786390304565430e+00
3.186347484588623047e-01,2.230934053659439087e-02,-2.613710053265094757e-02,-7.979235649108886719e-01,5.733588933944702148e-01,-2.282003164291381836e+00
3.402257561683654785e-01,4.122857749462127686e-02,-4.824420437216758728e-03,-2.026141881942749023e+00,-2.707706928253173828e+00,4.111822128295898438e+00
2.248215824365615845e-01,4.335201159119606018e-02,1.551838777959346771e-02,8.089465647935867310e-02,6.518257260322570801e-01,3.554976463317871094e+00
2.801817953586578369e-01,4.848758131265640259e-02,-5.345347523689270020e-02,5.979936718940734863e-01,-5.030053257942199707e-01,4.189595699310302734e+00
3.123923540115356445e-01,1.228454485535621643e-01,1.725134998559951782e-02,-8.305878639221191406e-01,1.221648097038269043e+00,3.173647880554199219e+00
2.845203876495361328e-01,1.005135625600814819e-01,-4.518953710794448853e-02,-1.704843878746032715e+00,-2.226804256439208984e+00,9.708394050598144531e+00
2.649028897285461426e-01,1.403559744358062744e-01,-3.370507806539535522e-02,-2.703625559806823730e-01,-3.980646133422851562e+00,1.554566287994384766e+01
2.605954706668853760e-01,7.924319803714752197e-02,1.406898256391286850e-02,1.807386398315429688e+00,3.274657130241394043e-01,1.403224658966064453e+01
2.356031537055969238e-01,9.932198375463485718e-02,7.568186149001121521e-03,8.105350136756896973e-01,-1.027476549148559570e+00,7.392507553100585938e+00
2.479422092437744141e-01,6.264284253120422363e-02,2.290721051394939423e-02,-2.019215077161788940e-01,-1.909225821495056152e+00,7.049141883850097656e+00
2.425213009119033813e-01,1.281702220439910889e-01,-1.753103919327259064e-02,1.004591941833496094e+00,-1.138414978981018066e+00,8.154709815979003906e+00
2.476752102375030518e-01,6.221061944961547852e-02,-3.159916028380393982e-03,-1.794547557830810547e+00,-2.636218547821044922e+00,1.196124172210693359e+01
2.590642273426055908e-01,3.830537945032119751e-02,1.057218760251998901e-02,1.760959744453430176e+00,2.879883050918579102e+00,5.214171409606933594e+00
2.015201747417449951e-01,3.158333152532577515e-02,1.439928729087114334e-02,1.806610345840454102e+00,-1.308119058609008789e+00,-2.982193946838378906e+00
3.266232013702392578e-01,1.256492454558610916e-02,1.345168240368366241e-02,1.830169320106506348e+00,2.692283391952514648e+00,-1.899111986160278320e+00
2.688121795654296875e-01,1.768401451408863068e-02,-7.890262454748153687e-02,-3.251905441284179688e+00,-1.851404905319213867e+00,-8.568682074546813965e-01
2.762201428413391113e-01,7.019873708486557007e-02,-2.469783835113048553e-02,4.044684171676635742e-01,-3.329692482948303223e-01,5.448938369750976562e+00
2.907445430755615234e-01,2.060110121965408325e-02,-7.212786003947257996e-03,4.688763320446014404e-01,3.072382509708404541e-01,-1.349984288215637207e+00
3.448186814785003662e-01,7.872232794761657715e-02,-1.073395274579524994e-02,-1.179024949669837952e-01,-1.078508734703063965e+00,-5.675487518310546875e+00
2.469697892665863037e-01,4.174758493900299072e-02,1.491499226540327072e-02,-2.802076041698455811e-01,1.343383431434631348e+00,-6.368717551231384277e-01
3.561277985572814941e-01,3.416746109724044800e-02,2.627419307827949524e-03,-4.399225711822509766e+00,-3.385303258895874023e+00,6.829962730407714844e+00
2.692685127258300781e-01,8.784706890583038330e-02,2.557227201759815216e-02,1.293526172637939453e+00,-1.727340698242187500e+00,1.406340789794921875e+01
2.533729672431945801e-01,1.182020679116249084e-01,-7.648812606930732727e-03,-9.249967336654663086e-01,-1.574673056602478027e+00,1.362477779388427734e+01
1.947193145751953125e-01,8.583948016166687012e-02,1.793649047613143921e-03,1.701510190963745117e+00,-2.426416397094726562e+00,1.606693267822265625e+01
2.054746448993682861e-01,1.284601092338562012e-01,-7.303347811102867126e-03,1.481504291296005249e-01,-2.992133855819702148e+00,2.750874137878417969e+01
1.565163731575012207e-01,1.000092923641204834e-01,-7.192155346274375916e-03,8.303807973861694336e-01,9.305256605148315430e-01,2.758499717712402344e+01
5.295778065919876099e-02,1.542531698942184448e-01,1.829368248581886292e-02,2.057182073593139648e+00,-2.064477503299713135e-01,2.881092453002929688e+01
1.659408509731292725e-01,9.531647711992263794e-02,9.172428399324417114e-04,1.515388339757919312e-01,2.428576648235321045e-01,1.259433269500732422e+01
1.545837223529815674e-01,1.425756514072418213e-01,-1.386400125920772552e-02,2.301931142807006836e+00,1.914609432220458984e+00,1.237362289428710938e+01
1.646304130554199219e-01,1.106911152601242065e-01,-9.073512628674507141e-03,-3.389797925949096680e+00,-1.548252850770950317e-01,1.130715274810791016e+01
2.378346323966979980e-01,1.082968413829803467e-01,-1.764458976686000824e-02,-7.623617053031921387e-01,-2.763872385025024414e+00,9.450842857360839844e+00
2.639279365539550781e-01,8.219856768846511841e-03,3.428423404693603516e-02,5.349107384681701660e-01,-1.206170439720153809e+00,8.131228446960449219e+00
2.210375666618347168e-01,4.769171029329299927e-02,-2.414459921419620514e-02,-4.241385459899902344e-01,3.890918493270874023e-01,3.520106792449951172e+00
2.129316926002502441e-01,-9.125221520662307739e-03,2.485877647995948792e-02,-5.028666257858276367e-01,-2.872163534164428711e+00,-1.291161179542541504e+00
2.550567388534545898e-01,2.584961429238319397e-02,-4.205765575170516968e-02,8.870275020599365234e-01,1.502003073692321777e+00,-5.213701725006103516e-01
3.103641569614410400e-01,2.992052584886550903e-02,-3.520949184894561768e-02,-1.119715809822082520e+00,-1.868666648864746094e+00,2.681282043457031250e+00
2.096940726041793823e-01,-3.000887483358383179e-02,-1.206334680318832397e-03,1.295342594385147095e-01,5.569734573364257812e-01,3.295057773590087891e+00
3.057863712310791016e-01,-9.960312396287918091e-03,-2.415271662175655365e-02,1.099193096160888672e+00,-1.911785602569580078e+00,-5.102872371673583984e+00
1.790555119514465332e-01,-1.317099016159772873e-02,-1.752468012273311615e-02,1.290179491043090820e+00,-4.345190152525901794e-02,-4.641007423400878906e+00
2.677433788776397705e-01,-4.209879040718078613e-02,-2.105578593909740448e-02,8.617382049560546875e-01,-6.064639687538146973e-01,-5.629324913024902344e+00
2.340825051069259644e-01,-4.144296795129776001e-02,8.066821843385696411e-03,-1.419855505228042603e-01,-3.188264131546020508e+00,-5.268335819244384766e+00
1.793422996997833252e-01,-1.355760730803012848e-02,7.070956751704216003e-03,-8.165996074676513672e-01,1.245719432830810547e+00,-7.174638748168945312e+00
1.950074732303619385e-01,-6.889224052429199219e-02,5.314445123076438904e-03,-8.721314668655395508e-01,-2.844185113906860352e+00,-1.054323196411132812e+01
2.035952210426330566e-01,-3.788847476243972778e-02,1.714386604726314545e-02,1.318430185317993164e+00,1.090384244918823242e+00,-1.151030826568603516e+01
1.745424270629882812e-01,-8.313494920730590820e-02,-1.154102943837642670e-02,-1.097206473350524902e+00,-3.168342590332031250e+00,-1.018835544586181641e+01
2.309315204620361328e-01,-7.561895996332168579e-02,-2.401223406195640564e-03,9.001837372779846191e-01,-1.127451419830322266e+00,-9.786634445190429688e+00
1.972563415765762329e-01,-4.744514077901840210e-02,4.031378775835037231e-04,1.202158689498901367e+00,-1.603325605392456055e+00,-7.176712989807128906e+00
2.323749661445617676e-01,-7.141165435314178467e-02,-2.620133198797702789e-02,-3.497965633869171143e-03,6.386892795562744141e-01,-1.307006263732910156e+01
1.640312820672988892e-01,-3.389749675989151001e-02,1.465195789933204651e-03,1.246325299143791199e-02,-4.535159766674041748e-01,-5.313926696777343750e+00
1.742730438709259033e-01,-7.782860845327377319e-02,2.589290961623191833e-03,-8.728784918785095215e-01,-3.382835149765014648e+00,-7.792227745056152344e+00
1.385931819677352905e-01,-6.525909900665283203e-02,1.732695847749710083e-02,-1.285379230976104736e-01,-1.844817280769348145e+00,-1.172186756134033203e+01
1.117212027311325073e-01,-9.883593022823333740e-02,7.658017799258232117e-03,-2.599209070205688477e+00,-8.572200536727905273e-01,-2.023740196228027344e+01
1.582710146903991699e-01,-6.187018752098083496e-02,-3.860631957650184631e-03,2.805491387844085693e-01,1.813108921051025391e+00,-1.483996963500976562e+01
2.124364078044891357e-01,-8.141542226076126099e-02,-3.014806471765041351e-02,-2.471067905426025391e-01,-2.537003040313720703e+00,-1.251239776611328125e+01
2.160732150077819824e-01,2.040634676814079285e-02,2.407688647508621216e-03,-2.092330902814865112e-01,-6.018241643905639648e-01,-2.648063421249389648e+00
3.243179321289062500e-01,2.408313937485218048e-02,-3.084735758602619171e-02,1.893779635429382324e+00,2.509063959121704102e+00,-2.217996120452880859e+00
2.303583920001983643e-01,1.406662724912166595e-02,1.290854346007108688e-02,2.306800603866577148e+00,-1.317900538444519043e+00,-4.633846282958984375e+00
2.585636675357818604e-01,-2.575228735804557800e-02,2.616306766867637634e-03,7.170726656913757324e-01,1.510470390319824219e+00,-9.454111099243164062e+00
2.497887015342712402e-01,-1.654697582125663757e-02,-4.608581960201263428e-02,-1.017885923385620117e+00,-4.843639850616455078e+00,-5.609860420227050781e-01
3.658704757690429688e-01,4.957610741257667542e-02,2.646841295063495636e-02,6.323416233062744141e-01,2.249212741851806641e+00,4.027232170104980469e+00
2.681381106376647949e-01,1.644684001803398132e-02,-1.221749745309352875e-02,2.210211753845214844e+00,1.806089043617248535e+00,2.792426049709320068e-01
2.622945308685302734e-01,3.394187986850738525e-02,4.640230908989906311e-03,-1.362546920776367188e+00,-9.129021167755126953e-01,1.144537925720214844e-01
1.523114442825317383e-01,1.111637204885482788e-01,-1.767983660101890564e-03,-7.543888092041015625e-01,9.486954808235168457e-01,5.882850646972656250e+00
2.690567970275878906e-01,1.563212424516677856e-01,-1.566401310265064240e-02,-2.331931352615356445e+00,-2.023954629898071289e+00,2.096609497070312500e+01
2.319958955049514771e-01,8.676066249608993530e-02,-3.224218264222145081e-03,3.025174438953399658e-01,8.536163568496704102e-01,1.805729866027832031e+01
3.248782157897949219e-01,1.761802583932876587e-01,-6.799777969717979431e-03,1.440462112426757812e+00,-2.120405197143554688e+00,1.941988945007324219e+01
1.932289898395538330e-01,1.385388225317001343e-01,-8.846111595630645752e-04,5.856720209121704102e-01,-1.184538006782531738e+00,1.827747917175292969e+01
1.301704645156860352e-01,1.258384585380554199e-01,-1.152323745191097260e-02,1.777629554271697998e-01,2.434783935546875000e+00,2.744957733154296875e+01
1.167085915803909302e-01,1.581104099750518799e-01,-7.764214649796485901e-03,1.102150678634643555e+00,1.524091482162475586e+00,2.796313858032226562e+01
2.240153849124908447e-01,2.626526057720184326e-01,-1.119891367852687836e-02,3.194016695022583008e+00,1.289762377738952637e+00,2.773915481567382812e+01
1.813247054815292358e-01,9.840741008520126343e-02,-2.587561123073101044e-02,2.224494457244873047e+00,-7.843031883239746094e-01,8.424319267272949219e+00
1.977995485067367554e-01,1.776843965053558350e-01,1.146353501826524734e-02,1.490707278251647949e+00,2.094181627035140991e-01,6.161655902862548828e+00
2.923975586891174316e-01,8.168515563011169434e-02,-3.553023189306259155e-02,-2.322003602981567383e+00,7.999517023563385010e-02,9.297364234924316406e+00
2.766105830669403076e-01,3.450737521052360535e-02,-2.554228715598583221e-02,-5.687952637672424316e-01,-2.739002466201782227e+00,4.199232101440429688e+00
2.445892542600631714e-01,4.081577528268098831e-03,2.564976550638675690e-02,2.054137945175170898e+00,1.191288709640502930e+00,4.115225315093994141e+00
2.607783973217010498e-01,2.135453373193740845e-02,-1.725475303828716278e-02,1.796689152717590332e+00,-1.284225344657897949e+00,-3.468060493469238281e+00
1.898862719535827637e-01,-1.999503932893276215e-02,2.823486365377902985e-02,-9.509136676788330078e-01,1.728536963462829590e+00,-7.437664031982421875e+00
1.404810249805450439e-01,-1.015384681522846222e-02,-1.734588295221328735e-04,3.003558218479156494e-01,-2.088780403137207031e+00,-2.176472187042236328e+00
2.152410149574279785e-01,-6.300484389066696167e-02,2.145300246775150299e-02,-1.133645653724670410e+00,-3.504588603973388672e+00,-4.761937141418457031e+00
2.073886990547180176e-01,-6.399112939834594727e-02,-1.667710952460765839e-02,-1.057512164115905762e+00,2.442716807126998901e-01,-9.009495735168457031e+00
2.002167850732803345e-01,-4.825685173273086548e-03,-1.902561634778976440e-03,1.974625468254089355e+00,-1.116911787539720535e-02,-8.260348320007324219e+00
2.192936241626739502e-01,-3.403820097446441650e-02,-1.332201622426509857e-02,1.404269337654113770e+00,1.975808024406433105e+00,-1.439658546447753906e+01
2.340435385704040527e-01,-4.209182038903236389e-02,-7.405100390315055847e-03,-1.627114892005920410e+00,-4.590960979461669922e+00,-9.322497367858886719e+00
2.310006022453308105e-01,-5.375680699944496155e-02,3.478877991437911987e-02,1.107619762420654297e+00,-1.068553209304809570e+00,-9.389822959899902344e+00
2.133520692586898804e-01,-4.978494718670845032e-02,-1.188875548541545868e-02,-1.049147725105285645e+00,-2.641014099121093750e+00,-1.448882865905761719e+01
1.796503812074661255e-01,-4.438373446464538574e-02,2.686562947928905487e-02,7.144508361816406250e-01,-1.373178809881210327e-01,-1.298822784423828125e+01
1.638126969337463379e-01,-8.497107774019241333e-03,1.585973240435123444e-02,7.935023903846740723e-01,-3.198128193616867065e-03,-1.562435817718505859e+01
1.918816566467285156e-01,-3.143939748406410217e-02,2.649776265025138855e-02,6.879566311836242676e-01,-5.420042991638183594e+00,-8.438801765441894531e+00
1.784258335828781128e-01,-4.180871322751045227e-02,7.655911147594451904e-03,6.409112811088562012e-01,1.254076719284057617e+00,-1.248408794403076172e+01
1.726806908845901489e-01,-1.837192662060260773e-02,5.300324410200119019e-03,2.334690690040588379e-01,-3.786476850509643555e+00,-1.411551380157470703e+01
1.627404987812042236e-01,-9.140428155660629272e-02,1.967875286936759949e-03,6.909983754158020020e-01,2.020112037658691406e+00,-1.785600471496582031e+01
1.592266261577606201e-01,-2.834636345505714417e-02,-5.573933944106101990e-03,2.623530030250549316e-01,1.225028261542320251e-01,-1.058955764770507812e+01
2.469413876533508301e-01,-9.513626806437969208e-03,1.526507828384637833e-02,7.237348556518554688e-01,-3.088856697082519531e+00,-4.886111736297607422e+00
2.066882103681564331e-01,-2.339978236705064774e-04,1.809231936931610107e-02,7.979583144187927246e-01,1.235051155090332031e+00,-6.063567161560058594e+00
2.854371368885040283e-01,-4.288748838007450104e-03,1.855316013097763062e-02,1.160669207572937012e+00,-2.008949995040893555e+00,-8.141802787780761719e+00
2.014357745647430420e-01,-5.589886568486690521e-03,6.383376196026802063e-03,-2.025640606880187988e-01,1.799899578094482422e+00,-7.632332801818847656e+00
2.910282611846923828e-01,3.720980137586593628e-03,1.024481467902660370e-02,-6.172235608100891113e-01,-3.908056259155273438e+00,-1.174900650978088379e+00
2.604936659336090088e-01,2.495315298438072205e-02,6.937904655933380127e-02,-7.396061420440673828e-01,1.459334135055541992e+00,-1.515495181083679199e-01
3.298830091953277588e-01,1.321160234510898590e-02,-1.774504221975803375e-02,-5.025942921638488770e-01,-4.535965621471405029e-01,-1.602303981781005859e-02
1.867290139198303223e-01,5.463947076350450516e-03,4.089744761586189270e-03,6.161687374114990234e-01,-8.223990797996520996e-01,6.075390577316284180e-01
3.315427899360656738e-01,4.824822396039962769e-02,5.186864733695983887e-02,3.863180875778198242e-01,1.113387703895568848e+00,-3.039976060390472412e-01
2.840477228164672852e-01,4.368168488144874573e-02,-1.514076627790927887e-02,-1.475492715835571289e+00,-3.764641046524047852e+00,7.631593704223632812e+00
2.418423593044281006e-01,7.787384092807769775e-02,3.363639116287231445e-04,8.460354804992675781e-01,9.440748095512390137e-01,1.166570186614990234e+01
2.866805493831634521e-01,1.389360874891281128e-01,-1.245789229869842529e-03,-5.195184946060180664e-01,-3.057835817337036133e+00,1.237410068511962891e+01
2.406768351793289185e-01,1.016697511076927185e-01,5.034476518630981445e-03,-4.938726127147674561e-02,-4.528119266033172607e-01,1.502172851562500000e+01
8.571101725101470947e-02,1.097326539456844330e-02,-2.324214018881320953e-02,8.163084983825683594e-01,1.282971739768981934e+00,2.624069595336914062e+01
9.222988784313201904e-02,2.076317816972732544e-01,-3.668287768959999084e-03,4.847599864006042480e-01,2.582812786102294922e+00,3.121208953857421875e+01
1.354221403598785400e-01,1.349446326494216919e-01,-4.474703222513198853e-03,1.871447563171386719e+00,1.334280133247375488e+00,2.310049819946289062e+01
1.140679493546485901e-01,1.295612305402755737e-01,-3.533106297254562378e-03,1.120568752288818359e+00,2.678932547569274902e-01,1.414489078521728516e+01
1.460958123207092285e-01,1.788661777973175049e-01,-3.372199833393096924e-03,1.454372107982635498e-01,3.346086740493774414e+00,2.126804161071777344e+01
1.662123948335647583e-01,1.525231301784515381e-01,-2.596181072294712067e-02,-1.789959788322448730e+00,-1.629850745201110840e+00,1.294437599182128906e+01
2.049705684185028076e-01,8.055648207664489746e-02,1.165533624589443207e-02,1.417110443115234375e+00,2.117281675338745117e+00,7.703366756439208984e+00
2.372406572103500366e-01,4.956340417265892029e-02,8.263280615210533142e-03,-1.805886626243591309e-03,1.941814571619033813e-01,9.413977861404418945e-01
2.479103505611419678e-01,2.687871083617210388e-02,2.513433806598186493e-02,-1.478317230939865112e-01,-2.496866226196289062e+00,1.341752648353576660e+00
2.465729266405105591e-01,-2.706423401832580566e-02,-1.543531380593776703e-02,1.057696938514709473e+00,1.162375211715698242e+00,-4.023657321929931641e+00
1.568832397460937500e-01,-2.746380120515823364e-02,5.216185003519058228e-03,6.002193093299865723e-01,-3.497382879257202148e+00,-2.978099107742309570e+00
1.700777262449264526e-01,-1.108965426683425903e-01,3.737796097993850708e-02,1.174744009971618652e+00,1.731477260589599609e+00,-1.307798385620117188e+01
1.572193801403045654e-01,-1.148912385106086731e-01,5.788907408714294434e-03,3.774014487862586975e-02,-2.856161355972290039e+00,-2.076661872863769531e+01
1.363531351089477539e-01,-4.017494991421699524e-02,2.395115233957767487e-02,2.201754093170166016e+00,7.873325347900390625e-01,-1.635225868225097656e+01
1.377758383750915527e-01,-7.296050339937210083e-02,-2.204179950058460236e-02,-2.464738845825195312e+00,1.554994106292724609e+00,-1.726196289062500000e+01
2.031618952751159668e-01,-2.475375123322010040e-02,1.653527840971946716e-02,-2.814927816390991211e+00,-5.189142227172851562e+00,-9.281124114990234375e+00
2.124776989221572876e-01,-1.863425970077514648e-02,7.871385663747787476e-03,7.062584161758422852e-03,1.200567960739135742e+00,-3.219973325729370117e+00
2.822712957859039307e-01,-2.156308665871620178e-02,-1.272448711097240448e-02,-1.245104193687438965e+00,-6.656100153923034668e-01,-1.404916524887084961e+00
2.494125068187713623e-01,3.965410590171813965e-02,-1.785005442798137665e-02,-3.752933740615844727e-01,-9.709100127220153809e-01,5.574396252632141113e-01
1.879425197839736938e-01,1.400175541639328003e-01,-5.395071581006050110e-03,-5.972655415534973145e-01,-5.163819193840026855e-01,1.487865734100341797e+01
2.175532430410385132e-01,1.438398212194442749e-01,-1.953889988362789154e-02,1.000268012285232544e-01,-2.472751617431640625e+00,2.922751045227050781e+01
1.391019970178604126e-01,2.020732313394546509e-01,1.254023239016532898e-02,1.447575330734252930e+00,1.305748939514160156e+00,3.190899467468261719e+01
1.875456720590591431e-01,1.936703920364379883e-01,-4.269611090421676636e-04,2.606017112731933594e+00,1.201441645622253418e+00,2.692502784729003906e+01
2.429900467395782471e-01,1.592239886522293091e-01,-1.501260977238416672e-02,5.793901681900024414e-01,-4.879255890846252441e-01,1.261553573608398438e+01
1.655262261629104614e-01,1.213173121213912964e-01,1.194577291607856750e-02,-1.736517429351806641e+00,5.837790966033935547e-01,1.443366718292236328e+01
2.091538310050964355e-01,9.873265773057937622e-02,4.405077546834945679e-03,-1.661089897155761719e+00,-2.413881778717041016e+00,2.315782356262207031e+01
1.565178632736206055e-01,6.947852671146392822e-02,-1.024578697979450226e-02,1.764448404312133789e+00,2.237816095352172852e+00,8.968824386596679688e+00
2.558803260326385498e-01,1.101654618978500366e-01,-8.669441565871238708e-03,-2.691805064678192139e-01,-1.899955391883850098e+00,1.964971780776977539e+00
1.932085156440734863e-01,6.470353901386260986e-02,3.391351550817489624e-03,3.534302711486816406e-01,-1.938850432634353638e-02,5.358077883720397949e-01
1.851285845041275024e-01,3.331524133682250977e-02,-3.046674840152263641e-02,9.336724281311035156e-01,1.637164592742919922e+00,2.289438009262084961e+00
2.024969756603240967e-01,3.173752129077911377e-02,-2.717200666666030884e-03,-1.317001938819885254e+00,-2.760035514831542969e+00,4.740513801574707031e+00
1.124674081802368164e-01,4.145180806517601013e-02,4.411842674016952515e-02,-5.531548261642456055e-01,3.071240782737731934e-01,3.951412916183471680e+00
1.745440065860748291e-01,-4.689097404479980469e-02,-3.163566440343856812e-02,1.331058979034423828e+00,2.503141880035400391e+00,6.639590263366699219e-01
1.523305475711822510e-01,1.489336229860782623e-02,1.198314037173986435e-02,1.140068173408508301e+00,4.377189278602600098e-01,-1.253581762313842773e+00
1.548878997564315796e-01,-3.834385052323341370e-02,-1.064900867640972137e-02,3.574749231338500977e-01,1.491662502288818359e+00,-4.135046958923339844e+00
1.544619798660278320e-01,2.431920543313026428e-02,-1.362687163054943085e-02,-2.116876125335693359e+00,-1.622009754180908203e+00,-1.696542978286743164e+00
2.172918915748596191e-01,2.023041807115077972e-02,1.898989267647266388e-02,-1.590744376182556152e+00,-2.167992353439331055e+00,-1.915235042572021484e+00
1.781355440616607666e-01,-2.029173076152801514e-02,3.160558268427848816e-02,-8.536872267723083496e-01,-1.264181494712829590e+00,2.956547498703002930e+00
2.254259586334228516e-02,3.854847699403762817e-02,5.080718547105789185e-04,1.274231195449829102e+00,3.272279500961303711e-01,1.631901025772094727e+00
2.241671085357666016e-02,3.637393191456794739e-02,1.169272046536207199e-02,-4.089981913566589355e-01,-2.218759059906005859e-01,8.260375261306762695e-01
-2.131187915802001953e-02,-4.471675492823123932e-03,1.170346699655056000e-02,-1.392467319965362549e-01,1.292805820703506470e-01,-1.177084922790527344e+00
8.436590433120727539e-04,-4.579798784106969833e-03,1.934681646525859833e-02,-6.978087425231933594e-01,-1.632891893386840820e-01,-1.643749594688415527e+00
6.448477506637573242e-03,1.703122397884726524e-03,-1.231309212744235992e-02,2.434397637844085693e-01,3.019683957099914551e-01,-1.769280433654785156e-01
-3.167275339365005493e-02,-1.275139115750789642e-02,9.744567796587944031e-03,-1.212114281952381134e-02,3.036401048302650452e-02,4.783584177494049072e-01
-1.973570883274078369e-02,-1.752913556993007660e-02,1.864678971469402313e-02,6.052770651876926422e-03,-4.526180773973464966e-02,3.709377348423004150e-02
-7.802739739418029785e-03,7.717926055192947388e-03,6.959103047847747803e-03,2.289590984582901001e-02,-5.422538518905639648e-02,-6.326496601104736328e-02
-1.983344554901123047e-03,9.247643873095512390e-03,-5.748365074396133423e-04,-9.785227477550506592e-02,-1.984336823225021362e-01,-1.199758052825927734e-02
-2.552151679992675781e-03,1.354908756911754608e-02,-5.305331200361251831e-03,5.851312354207038879e-02,9.454579651355743408e-02,3.592259287834167480e-01
-4.166185855865478516e-03,4.761213436722755432e-03,-2.791937440633773804e-04,9.438075870275497437e-02,9.495420753955841064e-02,-2.866377234458923340e-01
2.623566985130310059e-02,-2.604986540973186493e-03,-3.822585567831993103e-03,1.093377351760864258e+00,7.478969097137451172e-01,-8.475471735000610352e-01
-3.216740489006042480e-02,4.764272831380367279e-03,-3.145514056086540222e-03,-1.337518811225891113e+00,-1.230055451393127441e+00,-1.388446569442749023e+00
-1.137806475162506104e-02,1.488607842475175858e-03,7.874228060245513916e-03,-9.906930923461914062e-01,-7.607912421226501465e-01,-6.112729310989379883e-01
5.397424101829528809e-03,1.254813186824321747e-02,6.589123979210853577e-03,1.979463845491409302e-01,7.920610904693603516e-02,7.364435195922851562e-01
-5.748257040977478027e-03,5.810851231217384338e-03,-1.385543495416641235e-03,-3.709089010953903198e-02,5.147198587656021118e-02,7.268139123916625977e-01
-7.928401231765747070e-03,1.094535831362009048e-02,1.982171088457107544e-03,-4.848922044038772583e-02,4.262885823845863342e-02,5.660680532455444336e-01
3.790289163589477539e-03,6.632672157138586044e-03,-1.550280489027500153e-02,6.363800913095474243e-02,3.498882651329040527e-01,1.059057414531707764e-01
4.223570227622985840e-03,9.526684880256652832e-03,8.364420384168624878e-03,-6.304695010185241699e-01,-3.011451289057731628e-02,-6.773555278778076172e-01
-3.518491983413696289e-03,8.787952363491058350e-03,-6.561817601323127747e-03,-3.653263747692108154e-01,5.835866183042526245e-02,-3.359087109565734863e-01
-1.995578408241271973e-03,9.899205528199672699e-03,-1.179687678813934326e-04,3.805818408727645874e-02,-2.914652787148952484e-02,2.534821033477783203e-01
8.562803268432617188e-04,1.298192609101533890e-02,-2.013282850384712219e-03,-9.974282234907150269e-02,7.274869829416275024e-02,3.311117887496948242e-01
-2.670630812644958496e-03,1.023056730628013611e-02,1.016849093139171600e-02,-9.568515419960021973e-02,-5.774464085698127747e-02,-3.098805248737335205e-02
-9.407237172126770020e-03,5.184853915125131607e-03,8.860019966959953308e-03,-1.316754072904586792e-01,-2.101527750492095947e-01,1.093628257513046265e-01
-8.586794137954711914e-04,9.983887895941734314e-03,-8.881743997335433960e-04,1.171577721834182739e-02,1.402434557676315308e-01,2.656807601451873779e-01
3.323554992675781250e-04,1.103149447590112686e-02,-3.348102793097496033e-03,-6.120326370000839233e-02,4.808038473129272461e-02,-9.839424490928649902e-02
-8.407831192016601562e-04,1.067721378058195114e-02,4.018478095531463623e-03,-5.480483919382095337e-02,1.959576457738876343e-02,-3.007603287696838379e-01
-9.765177965164184570e-04,1.099258009344339371e-02,-1.876071095466613770e-03,2.102079614996910095e-02,-5.464401841163635254e-02,6.446826457977294922e-02
-1.322627067565917969e-03,1.101888529956340790e-02,2.923712134361267090e-03,3.412670642137527466e-02,-5.772908031940460205e-02,5.394785404205322266e-01
1.075580716133117676e-03,1.478676777333021164e-02,3.092182800173759460e-03,3.627005964517593384e-02,-6.122998520731925964e-02,4.407054185867309570e-01
-3.385767340660095215e-03,1.338057126849889755e-02,5.041912198066711426e-03,1.116890162229537964e-01,6.261715292930603027e-02,3.280757665634155273e-01
-3.698259592056274414e-03,1.292562857270240784e-02,1.525234431028366089e-03,3.873556852340698242e-05,3.386825323104858398e-02,1.073461472988128662e-01
-8.369117975234985352e-03,9.540682658553123474e-03,9.103946387767791748e-03,-9.266016632318496704e-02,-8.222977817058563232e-02,-8.097359538078308105e-02
-1.040652394294738770e-03,9.221541695296764374e-03,2.755049616098403931e-03,-2.452609241008758545e-01,1.461990177631378174e-02,2.960966527462005615e-02
-1.167210936546325684e-02,8.371062576770782471e-04,1.193766575306653976e-02,-3.458931148052215576e-01,-3.964230418205261230e-01,2.738921940326690674e-01
-3.723129630088806152e-03,9.492114186286926270e-03,8.998824283480644226e-03,-6.859211921691894531e-01,2.532081305980682373e-02,5.014730095863342285e-01
-3.072964400053024292e-02,-1.523045822978019714e-02,6.960829719901084900e-03,-4.135909080505371094e-01,-4.905790090560913086e-02,-7.288837432861328125e-02
-4.968881607055664062e-03,2.546590287238359451e-03,1.163211278617382050e-02,-7.247056812047958374e-02,-4.610633850097656250e-02,1.775569468736648560e-01
-2.156451344490051270e-03,7.276116870343685150e-03,3.792351111769676208e-03,-1.583953499794006348e-01,2.143573760986328125e-02,1.321912109851837158e-01
