1.583134233951568604e-01,-1.233017537742853165e-02,-1.608638092875480652e-03,3.290761947631835938e+00,-6.485529541969299316e-01,2.160566568374633789e+00
1.487779468297958374e-01,-2.131631411612033844e-02,-5.632394924759864807e-03,4.104185998439788818e-01,-3.387147665023803711e+00,-3.628144979476928711e+00
1.368970572948455811e-01,4.441982135176658630e-02,-8.554926142096519470e-03,5.251120328903198242e-01,-4.904148876667022705e-01,2.130363509058952332e-02
2.085445821285247803e-01,-1.923661679029464722e-02,-3.359073400497436523e-02,8.634250760078430176e-01,1.223453879356384277e+00,-8.313846588134765625e-01
2.109697461128234863e-01,-8.416177704930305481e-03,1.422317046672105789e-02,-1.387798190116882324e-01,-4.736135482788085938e+00,-1.382908344268798828e+00
2.849014699459075928e-01,-2.574788406491279602e-02,-6.751357018947601318e-02,3.354563474655151367e+00,3.137030839920043945e+00,-2.244860887527465820e+00
1.360425055027008057e-01,-2.464284747838973999e-02,-2.514350228011608124e-02,-2.139843404293060303e-01,-1.466465830802917480e+00,-8.129181861877441406e+00
1.811324357986450195e-01,-6.609266996383666992e-02,2.699430659413337708e-02,1.224042847752571106e-01,7.909029722213745117e-01,-1.239071846008300781e+01
3.342786133289337158e-01,-1.912984624505043030e-02,1.871210038661956787e-01,7.458094954490661621e-01,-1.184925794601440430e+00,-1.581683826446533203e+01
1.774438023567199707e-01,-9.561894088983535767e-02,-5.395097658038139343e-03,-1.700008034706115723e+00,-2.351412773132324219e+00,-1.128835678100585938e+01
1.450892090797424316e-01,-8.417484164237976074e-02,9.040441364049911499e-04,-1.068393945693969727e+00,8.305936455726623535e-01,-1.941910934448242188e+01
1.269952356815338135e-01,-9.129034727811813354e-02,1.518641598522663116e-02,-7.120917439460754395e-01,-2.508796691894531250e+00,-1.957407569885253906e+01
1.071562469005584717e-01,-6.891240179538726807e-02,-5.952931940555572510e-03,-5.490323901176452637e-01,1.386408329010009766e+00,-1.933343696594238281e+01
1.244462132453918457e-01,-6.885548681020736694e-02,2.732314169406890869e-05,-4.108855128288269043e-01,7.652445137500762939e-02,-1.068296718597412109e+01
1.252122819423675537e-01,-2.976006828248500824e-02,-2.172673121094703674e-03,-2.918252646923065186e-01,-1.334037661552429199e+00,-8.370317459106445312e+00
1.689665317535400391e-01,-8.473540842533111572e-02,-3.849726915359497070e-02,-4.301918745040893555e-01,1.267362236976623535e+00,-1.319951915740966797e+01
1.954950988292694092e-01,2.266542287543416023e-04,3.207497298717498779e-02,1.211195230484008789e+00,-1.735867142677307129e+00,-1.186375236511230469e+01
1.180112361907958984e-01,-1.362847816199064255e-02,-1.399969682097434998e-03,-3.368089914321899414e+00,7.036325335502624512e-01,-7.643198966979980469e+00
2.322824597358703613e-01,-1.105391420423984528e-04,2.216996625065803528e-03,-3.482027053833007812e-01,-2.835313558578491211e+00,2.360153198242187500e+00
3.069002628326416016e-01,7.234012335538864136e-02,-1.536039076745510101e-02,-5.292410403490066528e-02,9.890904426574707031e-01,5.763711929321289062e+00
1.751951724290847778e-01,5.469417572021484375e-02,-1.325151138007640839e-02,8.906142711639404297e-01,-4.926828742027282715e-01,3.742309808731079102e+00
2.016592472791671753e-01,4.408073052763938904e-02,9.937148541212081909e-03,4.675613939762115479e-01,-4.433158636093139648e-01,6.520584583282470703e+00
1.816338151693344116e-01,4.360064491629600525e-02,-2.636235021054744720e-02,-8.772351145744323730e-01,4.412332177162170410e-01,8.338461875915527344e+00
2.752611935138702393e-01,1.673653274774551392e-01,1.324421539902687073e-02,-4.498245418071746826e-01,-6.837674379348754883e-01,2.314654922485351562e+01
1.641849726438522339e-01,3.387670218944549561e-02,4.668867215514183044e-03,7.384892702102661133e-01,-2.969151735305786133e-01,1.386816120147705078e+01
2.071253061294555664e-01,9.619414061307907104e-02,-5.906747654080390930e-03,7.010049223899841309e-01,-4.477317810058593750e+00,1.925054740905761719e+01
1.772399842739105225e-01,6.587042659521102905e-02,-2.162393741309642792e-02,2.326395988464355469e+00,-7.724040150642395020e-01,1.643870353698730469e+01
1.730580925941467285e-01,1.291417181491851807e-01,3.597535192966461182e-03,-1.036584377288818359e+00,-3.151828944683074951e-01,1.597403144836425781e+01
1.718013584613800049e-01,4.164863005280494690e-02,2.478166483342647552e-02,-5.912068486213684082e-01,1.150622844696044922e+00,9.590850830078125000e+00
2.648924291133880615e-01,-2.945798635482788086e-02,1.407178677618503571e-02,1.997870355844497681e-01,-4.481194972991943359e+00,2.969654798507690430e+00
2.564305365085601807e-01,3.090457525104284286e-03,2.712828107178211212e-02,1.265459775924682617e+00,-1.819063067436218262e+00,-7.284826636314392090e-01
2.667812108993530273e-01,1.315246894955635071e-02,-9.539565071463584900e-03,9.987393766641616821e-02,2.770360708236694336e-01,3.209148645401000977e+00
1.986825615167617798e-01,2.162764407694339752e-02,-7.936516776680946350e-03,5.487127602100372314e-02,-2.071355432271957397e-01,5.607645988464355469e+00
1.869501918554306030e-01,4.090299457311630249e-02,-2.843370661139488220e-03,-1.105825901031494141e+00,-1.362375915050506592e-01,7.588479518890380859e+00
2.010308504104614258e-01,8.846750110387802124e-02,2.076259255409240723e-02,6.479755640029907227e-01,-2.775939941406250000e+00,1.170675563812255859e+01
2.282630354166030884e-01,6.079645454883575439e-02,-1.944272033870220184e-02,2.962724208831787109e+00,-1.104273080825805664e+00,2.198909950256347656e+01
1.749252825975418091e-01,8.697585761547088623e-02,-3.168597072362899780e-02,2.036124467849731445e+00,1.674596071243286133e+00,2.013957595825195312e+01
1.594911664724349976e-01,1.324868798255920410e-01,-2.005101181566715240e-02,4.810431599617004395e-01,3.237951695919036865e-01,2.316261482238769531e+01
1.859992742538452148e-01,1.016934588551521301e-01,-9.311364963650703430e-03,5.014855265617370605e-01,-4.661763906478881836e-01,1.782700347900390625e+01
2.085581719875335693e-01,1.158863753080368042e-01,1.037928834557533264e-02,-5.864428281784057617e-01,-4.628958225250244141e+00,1.106372451782226562e+01
2.630092501640319824e-01,9.256470203399658203e-02,-1.971931196749210358e-02,2.364615678787231445e+00,2.196005582809448242e+00,7.586210250854492188e+00
2.106397002935409546e-01,-9.317604824900627136e-03,-4.351492971181869507e-03,-6.827421784400939941e-01,-9.653431177139282227e-01,5.861166000366210938e+00
2.096752524375915527e-01,1.850240491330623627e-02,-4.719495773315429688e-04,1.066390514373779297e+00,7.557160854339599609e-01,6.988022804260253906e+00
2.074427157640457153e-01,1.375921815633773804e-02,-2.580744586884975433e-02,-9.257024526596069336e-01,-2.614750862121582031e+00,-9.127230644226074219e-01
2.081660032272338867e-01,-4.894964024424552917e-02,8.027289062738418579e-03,1.758420944213867188e+00,6.715103983879089355e-01,-8.044105529785156250e+00
1.876982748508453369e-01,-3.375520557165145874e-02,-2.108618430793285370e-02,3.272761106491088867e-01,1.102850556373596191e+00,-1.635920047760009766e+00
1.747675836086273193e-01,-1.025500427931547165e-02,-7.918959483504295349e-03,-4.901167452335357666e-01,-1.372866153717041016e+00,-1.732049226760864258e+00
1.811080574989318848e-01,-6.315550953149795532e-02,1.192074269056320190e-03,-4.106076061725616455e-01,-8.466474413871765137e-01,-5.754493713378906250e+00
1.154943704605102539e-01,-5.389756336808204651e-02,1.248991489410400391e-02,-1.407090067863464355e+00,-1.469803810119628906e+00,-9.393911361694335938e+00
1.409783065319061279e-01,-1.725731045007705688e-02,1.583085022866725922e-02,1.456858158111572266e+00,7.796871066093444824e-01,-9.194861412048339844e+00
1.819334626197814941e-01,-9.431509673595428467e-02,-1.169040612876415253e-02,-4.188240468502044678e-01,8.913112878799438477e-01,-1.746770095825195312e+01
1.191466152667999268e-01,-4.776021093130111694e-02,1.094017177820205688e-03,2.888265550136566162e-01,-1.933675765991210938e+00,-1.008030319213867188e+01
9.165392071008682251e-02,-1.196850463747978210e-01,1.112663652747869492e-02,-8.979287743568420410e-01,6.043724417686462402e-01,-2.209994888305664062e+01
1.251542121171951294e-01,-9.158478677272796631e-02,7.998580113053321838e-03,1.217594072222709656e-01,4.553284347057342529e-01,-2.132439041137695312e+01
1.458168178796768188e-01,-4.687346890568733215e-02,2.733405120670795441e-02,1.994011402130126953e-01,1.165164589881896973e+00,-1.582694721221923828e+01
1.460897326469421387e-01,-1.463502272963523865e-02,6.573121994733810425e-03,-1.538794040679931641e+00,3.980623781681060791e-01,-6.104668617248535156e+00
2.044951915740966797e-01,-5.441505834460258484e-02,1.975367590785026550e-02,-6.301981210708618164e-01,-2.837527990341186523e+00,-6.985529899597167969e+00
2.259555160999298096e-01,-7.283295691013336182e-02,-7.693791761994361877e-03,1.004190921783447266e+00,-4.472562074661254883e-01,-5.663077354431152344e+00
1.425082087516784668e-01,-8.536496013402938843e-02,1.159952394664287567e-02,7.187464237213134766e-01,-7.323966026306152344e-01,-1.018923664093017578e+01
1.814187467098236084e-01,-5.811495333909988403e-02,1.301354542374610901e-02,3.628526926040649414e-01,2.503691434860229492e+00,-1.405362129211425781e+01
1.943255364894866943e-01,-4.990990459918975830e-02,-1.253583468496799469e-02,-1.492727398872375488e-01,-1.451500773429870605e+00,-4.793089866638183594e+00
1.589746326208114624e-01,-5.255180597305297852e-02,-9.043620899319648743e-03,8.892292380332946777e-01,-2.438263893127441406e+00,-8.770707130432128906e+00
1.349467188119888306e-01,-1.284175366163253784e-01,1.137613039463758469e-02,9.201223850250244141e-01,1.001188397407531738e+00,-1.631173896789550781e+01
1.708630174398422241e-01,-5.431848019361495972e-02,-2.236811444163322449e-03,-4.700711965560913086e-01,-1.770036101341247559e+00,-1.926751899719238281e+01
1.538855731487274170e-01,-4.240809381008148193e-02,1.976052112877368927e-02,7.865373492240905762e-01,2.671694040298461914e+00,-1.384231662750244141e+01
1.628388762474060059e-01,-8.480739593505859375e-02,5.029691383242607117e-03,-6.679776906967163086e-01,7.008664608001708984e-01,-1.379411125183105469e+01
1.234760433435440063e-01,-5.641316249966621399e-02,1.442095264792442322e-03,-8.201281428337097168e-01,-2.510566115379333496e-01,-1.300474357604980469e+01
1.110630780458450317e-01,-1.110505536198616028e-01,2.295695804059505463e-02,1.073459625244140625e+00,-8.022388219833374023e-01,-2.145915794372558594e+01
1.099602803587913513e-01,-6.746141612529754639e-02,1.409717835485935211e-02,8.082529306411743164e-01,1.411259531974792480e+00,-1.550891208648681641e+01
1.322910338640213013e-01,-2.603518031537532806e-02,1.603548042476177216e-02,8.682484030723571777e-01,1.546610474586486816e+00,-1.145089912414550781e+01
1.519004553556442261e-01,-2.251126058399677277e-02,-1.389384269714355469e-03,1.720374673604965210e-01,-1.579521417617797852e+00,-3.492964267730712891e+00
2.547580003738403320e-01,-7.481095939874649048e-02,2.383310906589031219e-02,3.380415737628936768e-01,9.718085527420043945e-01,-6.379570960998535156e+00
2.218731194734573364e-01,-3.794842958450317383e-02,-1.139797456562519073e-02,-1.383802175521850586e+00,6.353973150253295898e-01,-1.443710327148437500e+00
2.656112313270568848e-01,-1.760703139007091522e-02,6.058966368436813354e-02,1.443140953779220581e-01,-3.469867706298828125e+00,4.456542730331420898e-01
1.908383965492248535e-01,4.450058564543724060e-02,-3.128798678517341614e-03,-1.269778311252593994e-01,1.050578117370605469e+00,4.220229625701904297e+00
3.026533126831054688e-01,1.173363775014877319e-01,-8.009098470211029053e-03,-1.862377673387527466e-01,9.311103820800781250e-01,2.000511550903320312e+01
1.950876861810684204e-01,-7.352251559495925903e-04,-2.180200815200805664e-02,-1.010878324508666992e+00,1.088396310806274414e+00,1.234979248046875000e+01
1.915795207023620605e-01,1.880252920091152191e-02,9.858535602688789368e-03,-3.153333425521850586e+00,-3.937948465347290039e+00,1.212864971160888672e+01
2.371744662523269653e-01,1.084254831075668335e-01,4.943201690912246704e-02,1.077334642410278320e+00,-1.728690147399902344e+00,2.266315460205078125e+01
1.955777555704116821e-01,1.142783537507057190e-01,-4.695422947406768799e-03,1.140912055969238281e+00,-2.583839416503906250e+00,2.766771507263183594e+01
1.836740225553512573e-01,8.874202519655227661e-02,1.417783834040164948e-02,-1.853092670440673828e+00,2.591470479965209961e-01,1.928317260742187500e+01
2.135739028453826904e-01,1.701912842690944672e-02,1.222540345042943954e-02,1.170682668685913086e+00,-1.610855817794799805e+00,1.095909500122070312e+01
2.133669108152389526e-01,-3.523913025856018066e-02,3.284781798720359802e-02,-8.267072439193725586e-01,-3.874437570571899414e+00,6.436075568199157715e-01
1.958310306072235107e-01,-4.712364170700311661e-04,3.215065598487854004e-02,-5.487014055252075195e-01,9.410331845283508301e-01,1.988539695739746094e+00
2.264266312122344971e-01,5.916696041822433472e-02,2.798754908144474030e-02,-1.075881600379943848e+00,-1.477352380752563477e+00,9.891751289367675781e+00
2.324556708335876465e-01,-1.948431320488452911e-02,2.225969918072223663e-02,-3.068851470947265625e+00,6.886976361274719238e-01,7.509728431701660156e+00
2.737070620059967041e-01,6.803546845912933350e-02,5.238468199968338013e-02,9.301556944847106934e-01,-4.556611061096191406e+00,1.288498115539550781e+01
2.378027439117431641e-01,2.928432263433933258e-02,3.160552680492401123e-02,1.366997122764587402e+00,-2.349042892456054688e+00,6.405364036560058594e+00
2.041692286729812622e-01,5.285580828785896301e-02,-8.378306403756141663e-03,4.169812202453613281e+00,5.586951971054077148e-01,2.120026397705078125e+01
1.776390671730041504e-01,1.223052814602851868e-01,-9.782051667571067810e-03,1.088326126337051392e-01,-3.834359943866729736e-01,2.349399757385253906e+01
1.802174150943756104e-01,1.081429123878479004e-01,-1.267923228442668915e-02,1.516419410705566406e+00,-2.957511842250823975e-01,1.967204475402832031e+01
2.514372169971466064e-01,1.125718355178833008e-01,2.169662714004516602e-02,-5.719891786575317383e-01,-3.545277595520019531e+00,1.075366115570068359e+01
2.284572124481201172e-01,7.334189862012863159e-02,-1.609216444194316864e-02,3.226865768432617188e+00,1.048085451126098633e+00,1.052945137023925781e+01
2.954251170158386230e-01,6.133120507001876831e-02,-8.162862807512283325e-02,-1.799688935279846191e+00,8.493387103080749512e-01,9.079710960388183594e+00
2.611863315105438232e-01,1.247681211680173874e-02,1.703971996903419495e-02,-7.046731710433959961e-01,1.124439716339111328e+00,7.790231704711914062e+00
1.784960329532623291e-01,-2.169670537114143372e-02,2.351392991840839386e-02,2.141790837049484253e-02,1.905519515275955200e-01,4.942529201507568359e+00
2.513010799884796143e-01,-7.048473507165908813e-02,5.762744694948196411e-04,1.635191679000854492e+00,-8.820509165525436401e-02,-3.107512235641479492e+00
2.394648194313049316e-01,1.995770446956157684e-02,5.545997992157936096e-03,-6.784323602914810181e-02,9.217620491981506348e-01,1.815613389015197754e+00
1.962127089500427246e-01,-1.677389070391654968e-02,2.145503275096416473e-02,1.154461383819580078e+00,-1.718912601470947266e+00,1.199277162551879883e+00
1.693401634693145752e-01,-6.491463165730237961e-03,6.936751306056976318e-03,-8.444076180458068848e-01,5.328265428543090820e-01,-3.771256923675537109e+00
1.164432764053344727e-01,-3.551835194230079651e-02,-1.172635145485401154e-02,1.763291001319885254e+00,-4.212797880172729492e-01,-4.507070541381835938e+00
1.402188092470169067e-01,-5.301140248775482178e-02,2.447240799665451050e-02,2.136217653751373291e-01,-1.668809056282043457e+00,-1.133279895782470703e+01
1.868021488189697266e-01,-7.687591761350631714e-02,-8.685907348990440369e-03,-1.146656870841979980e+00,-5.644180774688720703e-01,-1.663004302978515625e+01
9.738437086343765259e-02,-1.071669161319732666e-01,-1.627823337912559509e-02,6.383213400840759277e-01,1.255694031715393066e-01,-2.104754066467285156e+01
9.772937744855880737e-02,-1.057102605700492859e-01,-4.961207509040832520e-02,-1.990359306335449219e+00,5.781190991401672363e-01,-2.156475067138671875e+01
1.216046363115310669e-01,-4.201537743210792542e-02,6.247241050004959106e-03,-9.662626981735229492e-01,-4.463216066360473633e-01,-1.780971145629882812e+01
1.524425595998764038e-01,-6.081243976950645447e-02,4.718372225761413574e-02,1.808621287345886230e+00,1.779790401458740234e+00,-1.710447311401367188e+01
1.411077976226806641e-01,-5.850696936249732971e-02,3.384597599506378174e-03,-1.831458091735839844e+00,1.272023200988769531e+00,-7.566967010498046875e+00
2.267276644706726074e-01,-8.741164207458496094e-02,4.804333671927452087e-02,-1.045556426048278809e+00,-2.461006641387939453e+00,-3.644532680511474609e+00
2.152823656797409058e-01,-6.042724475264549255e-02,6.688127294182777405e-03,-5.708259344100952148e-01,-8.256772160530090332e-01,-5.796735763549804688e+00
2.036921232938766479e-01,-5.324079468846321106e-02,1.325328368693590164e-02,3.025507688522338867e+00,2.301473617553710938e-01,-8.106062889099121094e+00
1.771930903196334839e-01,-4.962886217981576920e-03,1.278430223464965820e-03,1.761714220046997070e-01,2.898851335048675537e-01,-8.255228042602539062e+00
1.927644312381744385e-01,-5.101477727293968201e-02,2.378603629767894745e-02,1.611699163913726807e-01,-1.293767809867858887e+00,-5.399823188781738281e+00
1.716457456350326538e-01,-4.363593086600303650e-02,1.458592712879180908e-02,-5.877228379249572754e-01,-1.759783864021301270e+00,-1.134439849853515625e+01
1.233524084091186523e-01,-1.036634296178817749e-01,5.673790350556373596e-03,-1.738623678684234619e-01,1.105146408081054688e+00,-1.952203369140625000e+01
1.038569509983062744e-01,-7.005678117275238037e-02,1.261412538588047028e-02,2.323331356048583984e+00,4.500525593757629395e-01,-2.031504631042480469e+01
1.232722550630569458e-01,-9.339774399995803833e-02,1.295513473451137543e-02,8.787826299667358398e-01,2.007524967193603516e+00,-1.822084426879882812e+01
1.655600368976593018e-01,-6.247846037149429321e-02,-9.841602295637130737e-04,-1.450646877288818359e+00,4.108393192291259766e-01,-1.192738819122314453e+01
1.116493195295333862e-01,-8.884199708700180054e-02,3.277366980910301208e-03,3.070919752120971680e+00,1.320041775703430176e+00,-1.365864658355712891e+01
1.313258558511734009e-01,-5.789289623498916626e-02,9.525236673653125763e-03,-1.151211783289909363e-01,-1.622572898864746094e+00,-1.071115112304687500e+01
1.429869681596755981e-01,-6.205051019787788391e-02,2.460469864308834076e-02,5.727512836456298828e-01,-9.133296608924865723e-01,-1.408498096466064453e+01
1.359681040048599243e-01,-1.797897857613861561e-04,1.134352665394544601e-02,2.802577018737792969e-01,1.627326846122741699e+00,-1.081964778900146484e+01
1.365720927715301514e-01,-1.626826450228691101e-02,1.059732865542173386e-02,1.664604306221008301e+00,-1.925517559051513672e+00,-1.394069910049438477e+00
2.210086286067962646e-01,-2.410038001835346222e-02,-3.406686708331108093e-03,-1.171609997749328613e+00,1.513767838478088379e+00,-1.008131313323974609e+01
1.980871558189392090e-01,-2.967331674881279469e-04,2.133848145604133606e-03,2.723105251789093018e-01,-3.205080270767211914e+00,-5.825984001159667969e+00
2.460643947124481201e-01,6.397647410631179810e-02,1.764515042304992676e-02,3.123942017555236816e-01,-2.111787080764770508e+00,-3.355742931365966797e+00
1.861887127161026001e-01,3.372590243816375732e-02,2.532750368118286133e-04,2.185088545083999634e-01,-1.423463821411132812e+00,2.772497653961181641e+00
2.209998667240142822e-01,4.959683120250701904e-02,-1.823332719504833221e-02,-4.606018066406250000e+00,3.250183343887329102e+00,9.040371894836425781e+00
2.503574788570404053e-01,1.001923531293869019e-01,2.329913899302482605e-02,-8.649268150329589844e-01,-2.530621051788330078e+00,1.439989376068115234e+01
2.117755115032196045e-01,7.877856492996215820e-02,2.409213781356811523e-02,-6.354418396949768066e-01,-1.296941518783569336e+00,8.761947631835937500e+00
1.945509761571884155e-01,4.924409464001655579e-02,2.366602420806884766e-04,-1.930365681648254395e+00,-1.685310363769531250e+00,1.804030799865722656e+01
2.614047229290008545e-01,8.829946070909500122e-02,-9.449256584048271179e-03,2.160676479339599609e+00,1.199424028396606445e+00,2.796998214721679688e+01
1.386199295520782471e-01,8.912193030118942261e-02,1.575166359543800354e-03,-1.328425168991088867e+00,1.940156966447830200e-01,2.153154373168945312e+01
1.653576493263244629e-01,5.967438593506813049e-02,-1.035310514271259308e-02,2.450260639190673828e+00,-3.875737905502319336e+00,1.264803314208984375e+01
1.926115751266479492e-01,5.805102735757827759e-02,1.417783927172422409e-02,3.814139366149902344e-01,-4.212532043457031250e-01,1.037265300750732422e+01
2.485975027084350586e-01,2.594088390469551086e-02,7.060358300805091858e-03,-3.075927495956420898e-01,4.766187071800231934e-01,8.036651611328125000e+00
2.573188543319702148e-01,1.552035566419363022e-03,5.459534004330635071e-03,-6.780796647071838379e-01,-2.821723461151123047e+00,3.904847145080566406e+00
2.330601066350936890e-01,3.791749104857444763e-02,-6.425289437174797058e-03,1.604333400726318359e+00,6.880217790603637695e-01,7.005292892456054688e+00
2.443433105945587158e-01,-1.762899756431579590e-02,-1.841303892433643341e-02,2.026141434907913208e-02,-4.862503051757812500e+00,8.137489557266235352e-01
2.014875859022140503e-01,1.283914223313331604e-02,2.936107851564884186e-02,3.183568120002746582e-01,8.836707472801208496e-01,1.885819196701049805e+00
1.676079034805297852e-01,3.976118564605712891e-02,-8.007122203707695007e-03,6.604089140892028809e-01,-1.284495711326599121e+00,1.348263072967529297e+01
2.000201344490051270e-01,9.838876128196716309e-02,9.186439216136932373e-03,9.526494741439819336e-01,8.074022531509399414e-01,1.934337425231933594e+01
1.795295476913452148e-01,4.514857195317745209e-03,-1.974095590412616730e-02,1.497448682785034180e+00,1.614162921905517578e+00,1.738539886474609375e+01
2.790104746818542480e-01,4.025345668196678162e-02,-4.488188773393630981e-02,-7.207191586494445801e-01,-1.767014741897583008e+00,7.276316642761230469e+00
1.604733765125274658e-01,6.222027540206909180e-02,4.733596742153167725e-02,1.949160337448120117e+00,-9.504619836807250977e-01,8.385020256042480469e+00
1.433411538600921631e-01,9.299731999635696411e-02,-1.593841239809989929e-03,-5.871520377695560455e-03,-2.401619195938110352e+00,1.938741302490234375e+01
1.821993291378021240e-01,1.182478815317153931e-01,-4.619441926479339600e-03,3.763050436973571777e-01,4.852926433086395264e-01,1.757442092895507812e+01
2.405664026737213135e-01,1.046444103121757507e-01,-3.864832222461700439e-02,1.300618767738342285e+00,6.330900192260742188e-01,1.336938190460205078e+01
1.693427264690399170e-01,1.271591149270534515e-02,2.012702450156211853e-02,9.615495800971984863e-01,-4.369675517082214355e-01,2.675956487655639648e+00
2.778929769992828369e-01,2.439214102923870087e-02,1.196767203509807587e-02,7.393612861633300781e-01,9.943105578422546387e-01,7.551118850708007812e+00
2.595073580741882324e-01,-6.019005086272954941e-03,1.664701662957668304e-02,-8.147292137145996094e-01,-1.237709403038024902e+00,7.536452293395996094e+00
2.583988010883331299e-01,1.433832757174968719e-02,4.837575554847717285e-02,6.555529236793518066e-01,1.122081875801086426e+00,4.910792350769042969e+00
1.955251246690750122e-01,-5.681468173861503601e-03,-2.665067277848720551e-02,-1.094619512557983398e+00,-4.069240391254425049e-01,-4.728703498840332031e+00
2.919123470783233643e-01,-6.518051773309707642e-02,1.568044163286685944e-02,1.653222739696502686e-01,2.229332327842712402e-01,-3.199531316757202148e+00
1.734445989131927490e-01,-3.717488795518875122e-02,4.194865003228187561e-03,6.337055563926696777e-01,-8.377628028392791748e-02,1.784575223922729492e+00
1.897367238998413086e-01,-1.734074018895626068e-02,2.363047003746032715e-02,-8.458430767059326172e-01,-2.240174770355224609e+00,-1.430163741111755371e+00
1.491536051034927368e-01,-4.331601038575172424e-02,7.434977218508720398e-03,2.311993837356567383e-01,-1.519052386283874512e+00,-9.552861213684082031e+00
1.385896503925323486e-01,-6.456484645605087280e-02,-2.083869650959968567e-03,9.332049638032913208e-02,-1.380971789360046387e+00,-2.325678443908691406e+01
1.454605162143707275e-01,-1.167755573987960815e-01,-5.571067333221435547e-03,1.960138797760009766e+00,1.088164329528808594e+00,-2.050887680053710938e+01
1.612424254417419434e-01,-9.517471492290496826e-02,-7.633795961737632751e-03,-8.909001350402832031e-01,-4.929312467575073242e-01,-1.364186763763427734e+01
1.419008225202560425e-01,-9.491644054651260376e-02,-1.028569787740707397e-02,3.722674846649169922e-01,-1.910975933074951172e+00,-1.285405731201171875e+01
1.160727143287658691e-01,-7.258980721235275269e-02,-4.443489015102386475e-03,-1.835608124732971191e+00,7.592737078666687012e-01,-1.793577957153320312e+01
1.674650758504867554e-01,-6.080357357859611511e-02,1.567500829696655273e-02,4.333681464195251465e-01,6.618786454200744629e-01,-1.796403694152832031e+01
1.312154829502105713e-01,-7.031325250864028931e-02,3.361595422029495239e-02,1.915390610694885254e+00,-2.090929985046386719e+00,-1.030254459381103516e+01
1.718134433031082153e-01,-1.080005709081888199e-02,1.690740138292312622e-02,-2.264228463172912598e-01,3.135935783386230469e+00,-3.870349407196044922e+00
8.004564046859741211e-02,5.339732766151428223e-02,1.172844227403402328e-02,7.593207359313964844e-01,-8.368787765502929688e-01,1.569814682006835938e+00
-1.161384582519531250e-02,3.929870203137397766e-03,2.819870039820671082e-02,2.016143798828125000e+00,-1.529679417610168457e+00,-1.663277387619018555e+00
4.707746207714080811e-02,-3.170130075886845589e-03,1.983345113694667816e-02,-3.756690740585327148e+00,3.893264055252075195e+00,-1.689081192016601562e+00
5.661637336015701294e-02,2.206317149102687836e-02,5.860682576894760132e-03,7.480502724647521973e-01,-5.164521336555480957e-01,3.107632398605346680e+00
-1.751795411109924316e-03,9.842694737017154694e-03,7.151206955313682556e-03,9.575615823268890381e-02,-1.568490862846374512e+00,-1.758986830711364746e+00
-1.733496785163879395e-03,-6.450656801462173462e-04,1.616009511053562164e-02,6.665965169668197632e-02,-1.551893711090087891e+00,-9.339434504508972168e-01
1.031252741813659668e-02,1.402263529598712921e-02,8.926121518015861511e-03,1.587695181369781494e-01,-3.422702848911285400e-02,-6.949471831321716309e-01
-1.662772893905639648e-02,4.439198412001132965e-03,4.417089745402336121e-03,-1.893580257892608643e-01,3.387733548879623413e-02,-3.626939654350280762e-02
-1.952867209911346436e-02,2.547754906117916107e-02,-6.537163630127906799e-03,-4.117433726787567139e-01,4.269969463348388672e-01,2.424791455268859863e-01
-1.300197839736938477e-02,2.439361251890659332e-02,2.481847628951072693e-02,-1.686280131340026855e+00,-1.520345211029052734e+00,-2.595636844635009766e-01
-1.305817067623138428e-02,1.118069794028997421e-02,3.932593017816543579e-02,-5.120876431465148926e-01,-4.841586351394653320e-01,4.768763482570648193e-02
2.924904227256774902e-02,6.897033657878637314e-03,2.873561531305313110e-02,-3.398148715496063232e-01,2.991631329059600830e-01,-5.920376777648925781e-01
3.865443170070648193e-02,3.321346640586853027e-02,3.450386226177215576e-02,-4.707683622837066650e-01,2.582861781120300293e-01,-4.146997630596160889e-01
2.965123951435089111e-02,-7.263388950377702713e-03,1.625023782253265381e-02,4.896858334541320801e-01,-4.997593164443969727e-01,-5.306122899055480957e-01
7.294433563947677612e-02,4.329473897814750671e-02,6.039506196975708008e-02,-2.009182721376419067e-01,-1.491223931312561035e+00,-3.089584410190582275e-01
5.482137203216552734e-05,1.289436779916286469e-02,1.214726548641920090e-02,1.894178688526153564e-01,-7.855001688003540039e-01,-4.875411689281463623e-01
-2.359645813703536987e-02,3.561589866876602173e-02,2.210775204002857208e-02,1.175155565142631531e-01,6.189560890197753906e-02,-3.014563918113708496e-01
-6.221905350685119629e-03,1.432342454791069031e-03,2.489490620791912079e-02,-1.055939421057701111e-01,-7.214368581771850586e-01,-5.857762694358825684e-01
-8.534938097000122070e-04,-1.352799590677022934e-03,2.231932990252971649e-02,3.596507012844085693e-04,-2.294486910104751587e-01,-2.953146100044250488e-01
6.183923035860061646e-02,3.942326828837394714e-02,8.385060355067253113e-03,-5.380729436874389648e-01,2.427842766046524048e-01,-9.068406820297241211e-01
3.235675394535064697e-02,2.414601109921932220e-02,1.328623481094837189e-02,-1.582174599170684814e-01,-2.202422469854354858e-01,-1.991906464099884033e-01
2.989470958709716797e-04,6.050707772374153137e-03,-1.857532374560832977e-02,1.476161926984786987e-01,4.488578438758850098e-01,7.502050399780273438e-01
-1.504835486412048340e-02,-1.633378560654819012e-03,-3.162748366594314575e-02,-1.487845182418823242e-01,5.419107675552368164e-01,2.405579984188079834e-01
