1.617283523082733154e-01,-8.016379177570343018e-02,-1.401072368025779724e-03,-1.015097141265869141e+00,-5.558255314826965332e-01,-6.911501884460449219e+00
1.376777589321136475e-01,-1.889314875006675720e-02,2.417117357254028320e-03,2.093038558959960938e+00,1.506171107292175293e+00,-9.671446800231933594e+00
2.298587560653686523e-01,-6.418089568614959717e-02,4.024353623390197754e-02,2.434150457382202148e+00,-6.898922324180603027e-01,-8.661165237426757812e+00
2.642863392829895020e-01,-4.745454341173171997e-02,4.269048571586608887e-02,3.962982177734375000e+00,-7.558106184005737305e-01,-9.501198768615722656e+00
1.694176495075225830e-01,-1.370522938668727875e-02,-2.116298303008079529e-03,-3.912896662950515747e-02,7.909233570098876953e-01,-3.810334920883178711e+00
2.200427800416946411e-01,-5.016642063856124878e-02,7.763577997684478760e-02,-2.725646495819091797e-01,-2.000160694122314453e+00,-2.886616706848144531e+00
2.112488746643066406e-01,-3.981373831629753113e-02,2.442473359405994415e-02,1.439013183116912842e-01,4.533814266324043274e-02,-2.855401992797851562e+00
2.288122177124023438e-01,-6.577234715223312378e-02,4.403559118509292603e-02,2.273913860321044922e+00,-3.236328601837158203e+00,-1.068450832366943359e+01
2.070314735174179077e-01,-2.482518553733825684e-02,1.493359263986349106e-02,-2.166184484958648682e-01,9.583838582038879395e-01,-6.074452400207519531e+00
2.471241652965545654e-01,-6.338014453649520874e-02,4.071722924709320068e-02,9.350651502609252930e-01,-1.492989659309387207e+00,-2.779042243957519531e+00
2.500970363616943359e-01,-4.988114163279533386e-02,2.461358159780502319e-02,-6.104928255081176758e-01,4.184005409479141235e-02,-3.098263740539550781e+00
2.264240682125091553e-01,-2.955972403287887573e-02,2.397323027253150940e-02,-2.371468544006347656e-01,3.669079303741455078e+00,-2.148727893829345703e+00
2.022498846054077148e-01,1.973327249288558960e-02,2.600077912211418152e-02,-1.753071546554565430e-01,-2.692278385162353516e+00,-2.037141323089599609e+00
2.467335462570190430e-01,8.107479661703109741e-02,4.908623918890953064e-02,-1.895399093627929688e+00,4.829632043838500977e-01,7.865313529968261719e+00
3.021559417247772217e-01,6.117817759513854980e-02,4.213541373610496521e-02,-2.389662742614746094e+00,-3.512221813201904297e+00,1.020730209350585938e+01
3.553655743598937988e-01,1.203186810016632080e-01,-1.196285709738731384e-03,-8.566009402275085449e-01,1.243523955345153809e+00,1.146141242980957031e+01
2.571025192737579346e-01,7.704142481088638306e-02,3.196692094206809998e-03,-6.098527908325195312e-01,5.454195737838745117e-01,2.706204891204833984e+00
1.875243782997131348e-01,4.039410129189491272e-02,8.106765896081924438e-02,-5.820926427841186523e-01,1.634605973958969116e-02,9.163630485534667969e+00
2.256810069084167480e-01,6.340258568525314331e-02,4.481775313615798950e-02,-1.770051479339599609e+00,1.880289077758789062e+00,1.509928894042968750e+01
1.541287302970886230e-01,5.584038794040679932e-03,3.627474606037139893e-02,-3.766010522842407227e+00,-2.152743577957153320e+00,1.583990097045898438e+01
-1.766473427414894104e-02,-4.875973239541053772e-02,-1.451339125633239746e-01,-3.077451705932617188e+00,-1.415342986583709717e-01,2.343516540527343750e+01
1.298614740371704102e-01,7.773197442293167114e-02,3.267555683851242065e-02,-1.991465330123901367e+00,3.385140895843505859e-01,1.686511611938476562e+01
1.646219491958618164e-01,3.097213804721832275e-03,1.967447809875011444e-02,-3.386737585067749023e+00,-3.895642280578613281e+00,2.458289718627929688e+01
1.615413576364517212e-01,7.425785809755325317e-02,-6.412724032998085022e-03,-1.694707512855529785e+00,-2.647049188613891602e+00,1.607549858093261719e+01
2.170465588569641113e-01,6.821119040250778198e-02,-9.757874533534049988e-03,-1.637662529945373535e+00,5.555138587951660156e-01,1.752677917480468750e+01
1.948843002319335938e-01,-4.434344358742237091e-03,5.056115239858627319e-02,-2.756163358688354492e+00,-2.871603727340698242e+00,9.680521965026855469e+00
1.727098673582077026e-01,3.538292646408081055e-02,1.496686693280935287e-02,-1.684253513813018799e-01,1.346215128898620605e+00,9.672075271606445312e+00
1.709752380847930908e-01,3.691220656037330627e-03,-3.173278644680976868e-03,5.671349167823791504e-02,6.481395959854125977e-01,1.199212908744812012e+00
1.889709830284118652e-01,2.705859951674938202e-03,7.251652330160140991e-02,2.445810556411743164e+00,-1.277391314506530762e+00,2.962783575057983398e+00
2.537894546985626221e-01,2.804185263812541962e-02,7.962064817547798157e-03,-1.480846703052520752e-01,8.512040972709655762e-01,2.609253644943237305e+00
2.082169950008392334e-01,-2.424855716526508331e-03,2.139236778020858765e-02,3.627371042966842651e-03,-3.005564451217651367e+00,6.289258599281311035e-01
2.410572618246078491e-01,-1.002037227153778076e-01,-6.130602210760116577e-03,1.719565868377685547e+00,3.407888174057006836e+00,1.174798727035522461e+00
1.833554655313491821e-01,-3.097019530832767487e-02,1.928344927728176117e-02,1.291327476501464844e+00,4.441966414451599121e-01,-4.960415840148925781e+00
2.401252239942550659e-01,-2.870262786746025085e-02,4.191310703754425049e-02,1.921592354774475098e+00,-1.314658969640731812e-01,-6.465139389038085938e+00
1.731688678264617920e-01,-1.798286288976669312e-02,1.395585201680660248e-02,3.257041275501251221e-01,8.131682276725769043e-01,-1.260547518730163574e+00
1.743315905332565308e-01,-3.975614905357360840e-02,4.066308587789535522e-02,-1.818945854902267456e-01,-4.508181571960449219e+00,-4.187016963958740234e+00
1.585679501295089722e-01,-7.220947742462158203e-02,1.175309903919696808e-02,8.463698625564575195e-01,2.662115812301635742e+00,-6.339736938476562500e+00
1.583740115165710449e-01,-4.542608931660652161e-02,7.693847641348838806e-03,2.157426834106445312e+00,-3.808229565620422363e-01,-7.659494400024414062e+00
2.061530053615570068e-01,-6.499236077070236206e-02,6.827845424413681030e-02,4.055002212524414062e+00,-3.357157409191131592e-01,-7.121685028076171875e+00
2.395005375146865845e-01,-9.282356500625610352e-02,2.053491771221160889e-02,1.587580800056457520e+00,-4.175001978874206543e-01,-1.009140872955322266e+01
1.991073638200759888e-01,-5.537665635347366333e-02,6.263904273509979248e-02,3.122207880020141602e+00,-2.723766326904296875e+00,-8.538142204284667969e+00
1.653206050395965576e-01,-9.974685311317443848e-02,3.310522437095642090e-02,3.130442619323730469e+00,1.191665887832641602e+00,-6.480480194091796875e+00
1.929196268320083618e-01,-1.164460852742195129e-01,5.240602791309356689e-02,3.479494810104370117e+00,-1.969795465469360352e+00,-1.147541618347167969e+01
2.085321098566055298e-01,-2.952210046350955963e-02,6.053384393453598022e-02,3.485366344451904297e+00,-1.339626032859086990e-02,-9.944153785705566406e+00
2.218769192695617676e-01,-3.092572093009948730e-02,5.209660902619361877e-02,-3.280389606952667236e-01,-5.161284208297729492e-01,-4.442538261413574219e+00
1.703469306230545044e-01,-4.498976096510887146e-02,6.950113177299499512e-02,-1.316161870956420898e+00,-1.155122160911560059e+00,-2.209298133850097656e+00
1.381856352090835571e-01,-1.319542527198791504e-01,2.387571707367897034e-02,2.750397920608520508e+00,7.029370665550231934e-01,-7.857193946838378906e+00
1.966025233268737793e-01,-4.491848498582839966e-02,3.387534618377685547e-02,6.091775298118591309e-01,-4.187893867492675781e-01,-1.012295436859130859e+01
1.888644695281982422e-01,-4.459202662110328674e-02,5.218665301799774170e-02,3.285264730453491211e+00,-1.145236611366271973e+00,-6.363017082214355469e+00
2.453262805938720703e-01,-2.539284899830818176e-02,4.363083839416503906e-02,3.993884027004241943e-01,2.872893586754798889e-02,-5.021553039550781250e+00
1.669832020998001099e-01,-6.165907904505729675e-02,4.237953945994377136e-02,3.428315818309783936e-01,-3.544384241104125977e+00,-5.245254516601562500e+00
1.864094287157058716e-01,-1.093598976731300354e-01,2.487586066126823425e-02,1.706724643707275391e+00,2.842894077301025391e+00,-6.517273902893066406e+00
2.307957410812377930e-01,-6.177541986107826233e-02,6.324855238199234009e-02,2.393371343612670898e+00,-2.069993019104003906e+00,-9.999089241027832031e+00
2.617339789867401123e-01,-5.176565051078796387e-02,1.046023145318031311e-01,7.470377087593078613e-01,-3.123086988925933838e-01,-3.535910367965698242e+00
2.240416705608367920e-01,-4.804695770144462585e-02,5.056929215788841248e-02,-2.986276626586914062e+00,-1.020232439041137695e+00,-3.422692418098449707e-01
2.873217463493347168e-01,-2.056985720992088318e-02,9.001375734806060791e-02,2.353276729583740234e+00,1.254654049873352051e+00,-1.851108789443969727e+00
2.095339745283126831e-01,-5.421409383416175842e-02,1.317327469587326050e-02,1.804709315299987793e+00,2.315918445587158203e+00,-5.164927005767822266e+00
2.345040440559387207e-01,-1.947016827762126923e-02,5.368376895785331726e-02,-1.261093616485595703e-01,3.871957659721374512e-01,-8.139551162719726562e+00
1.674383282661437988e-01,-5.231360439211130142e-03,8.577989786863327026e-02,1.049829959869384766e+00,-2.610762596130371094e+00,-3.995657444000244141e+00
2.672744691371917725e-01,1.425963826477527618e-02,1.794503256678581238e-02,-3.665865063667297363e-01,2.908971309661865234e-01,2.642197370529174805e+00
2.612376213073730469e-01,4.901431500911712646e-02,6.329805403947830200e-02,-4.785126686096191406e+00,-2.845319747924804688e+00,7.975595474243164062e+00
3.191427886486053467e-01,5.328429490327835083e-02,1.542420126497745514e-02,-2.012135267257690430e+00,2.179734230041503906e+00,5.456719398498535156e+00
2.806338965892791748e-01,9.306705743074417114e-02,4.268454015254974365e-02,9.708054065704345703e-01,-9.414007663726806641e-01,6.445133209228515625e+00
1.676683425903320312e-01,6.318584829568862915e-02,5.067071691155433655e-02,-9.776635169982910156e-01,-1.023949503898620605e+00,9.360253334045410156e+00
1.667558997869491577e-01,7.445891201496124268e-02,1.558491401374340057e-02,-1.020862907171249390e-01,-5.973148941993713379e-01,1.565637397766113281e+01
2.022022753953933716e-01,7.685598731040954590e-02,2.506834641098976135e-02,-3.746968507766723633e+00,-7.580572366714477539e-01,1.854062080383300781e+01
2.059937566518783569e-01,1.059184074401855469e-01,8.594634011387825012e-03,-2.299603462219238281e+00,-9.322022199630737305e-01,2.414720153808593750e+01
1.811866313219070435e-01,1.415681093931198120e-01,1.104558072984218597e-02,-7.963671684265136719e-01,-1.629179954528808594e+00,2.134982490539550781e+01
1.771850883960723877e-01,1.256897747516632080e-01,2.283649332821369171e-02,-1.263012409210205078e+00,-1.164414882659912109e-01,2.251456260681152344e+01
1.854761838912963867e-01,1.260242909193038940e-01,1.528577134013175964e-02,-3.168837785720825195e+00,3.485713601112365723e-01,1.906391334533691406e+01
1.762568205595016479e-01,1.265685260295867920e-01,1.611226983368396759e-02,-3.260939598083496094e+00,-5.698225498199462891e-01,1.992683601379394531e+01
1.597703844308853149e-01,-2.080499380826950073e-02,4.871476441621780396e-02,-3.289675235748291016e+00,-1.274898886680603027e+00,1.587971591949462891e+01
2.413630485534667969e-01,4.852527752518653870e-02,8.161621168255805969e-03,2.843207865953445435e-02,9.390288591384887695e-01,1.412681007385253906e+01
2.517979443073272705e-01,4.512231424450874329e-02,5.085129290819168091e-02,4.977391958236694336e-01,-1.388422727584838867e+00,1.666832923889160156e+00
3.547661602497100830e-01,3.674619644880294800e-02,3.031598962843418121e-02,-9.742060303688049316e-01,-4.898028373718261719e-01,-4.146292433142662048e-02
2.518738806247711182e-01,-5.223409831523895264e-02,4.022926092147827148e-02,-1.984802782535552979e-01,9.453242421150207520e-01,1.501170396804809570e+00
2.100504636764526367e-01,-7.185205072164535522e-02,1.323471218347549438e-01,-2.128015518188476562e+00,-7.050501108169555664e-01,-3.787923336029052734e+00
2.196356654167175293e-01,-6.224358826875686646e-02,5.939697474241256714e-02,-7.660381197929382324e-01,1.421471834182739258e+00,-6.100618362426757812e+00
2.442876100540161133e-01,-5.057860538363456726e-02,5.566522479057312012e-02,-8.352853059768676758e-01,-2.223248243331909180e+00,-2.120788574218750000e+00
1.747154742479324341e-01,-2.631812356412410736e-02,4.421088472008705139e-02,2.931270599365234375e+00,1.803904414176940918e+00,-2.781580448150634766e+00
1.635815948247909546e-01,-1.755268126726150513e-02,6.795795634388923645e-03,9.778694510459899902e-01,1.061802387237548828e+00,-5.026754736900329590e-01
2.662427723407745361e-01,-5.009151622653007507e-02,5.886933952569961548e-02,1.040189385414123535e+00,-6.794713735580444336e-01,-2.269237995147705078e+00
1.647162586450576782e-01,-5.652388092130422592e-03,2.365908771753311157e-02,4.054274559020996094e-01,1.615431904792785645e+00,-1.127511560916900635e-01
2.970561683177947998e-01,-2.214730344712734222e-02,7.304801791906356812e-02,2.125554561614990234e+00,1.532858371734619141e+00,-4.369402885437011719e+00
2.174946516752243042e-01,3.136750310659408569e-02,5.734164267778396606e-02,7.058133482933044434e-01,2.148413419723510742e+00,7.320368289947509766e-01
3.008679747581481934e-01,3.723131492733955383e-03,6.637982279062271118e-02,-3.207391977310180664e+00,-4.007541179656982422e+00,4.553594589233398438e+00
1.876749098300933838e-01,-3.631029650568962097e-02,5.022986978292465210e-02,-1.516436815261840820e+00,-2.342618107795715332e-01,3.759249210357666016e+00
3.129381537437438965e-01,-3.418581932783126831e-02,2.024132013320922852e-02,-1.175949454307556152e+00,1.719283103942871094e+00,-1.039291322231292725e-01
2.228528857231140137e-01,2.324951812624931335e-02,5.768197029829025269e-02,2.022508144378662109e+00,8.468925952911376953e-02,4.005083084106445312e+00
2.781493663787841797e-01,2.302947454154491425e-02,2.627218514680862427e-02,-2.586974576115608215e-02,-6.424615383148193359e-01,5.431190490722656250e+00
2.184661328792572021e-01,3.051465749740600586e-02,6.094688922166824341e-02,-1.747341275215148926e+00,-2.251779079437255859e+00,2.657797098159790039e+00
2.426859885454177856e-01,-5.437191575765609741e-02,6.774493306875228882e-02,-1.279291749000549316e+00,7.688665986061096191e-01,3.893965959548950195e+00
2.156597375869750977e-01,2.188286511227488518e-03,2.577007375657558441e-02,-1.427579879760742188e+00,-5.729829072952270508e-01,-1.429440259933471680e+00
2.070972472429275513e-01,3.312760591506958008e-02,5.689614266157150269e-02,2.462612628936767578e+00,9.240900874137878418e-01,5.236809730529785156e+00
2.769559025764465332e-01,-6.162925809621810913e-02,6.684765219688415527e-03,4.351732432842254639e-01,9.324454069137573242e-01,3.817220211029052734e+00
2.195118963718414307e-01,-9.800077229738235474e-02,7.177717983722686768e-02,-9.974337816238403320e-01,-1.498072862625122070e+00,2.081524848937988281e+00
2.299733161926269531e-01,-6.323972344398498535e-02,3.808829188346862793e-02,1.238774657249450684e+00,1.915422558784484863e+00,-4.983289718627929688e+00
1.807424277067184448e-01,-1.522902026772499084e-02,-2.121765166521072388e-03,-2.312684953212738037e-01,-5.504869222640991211e-01,-7.268466949462890625e+00
2.073562145233154297e-01,-2.363318018615245819e-02,4.466517269611358643e-02,1.867672681808471680e+00,1.061966180801391602e+00,-6.291090011596679688e+00
2.207913100719451904e-01,-3.920169547200202942e-02,1.988339796662330627e-02,-3.015849888324737549e-01,1.056658625602722168e-01,8.081002831459045410e-01
2.148886471986770630e-01,-5.871412158012390137e-02,7.873142510652542114e-02,-1.376178622245788574e+00,-1.007471561431884766e+00,2.863484382629394531e+00
1.921215653419494629e-01,3.411136567592620850e-02,2.577598392963409424e-02,-1.327643871307373047e+00,2.302465915679931641e+00,5.758186817169189453e+00
2.218193262815475464e-01,-5.032316781580448151e-03,5.625496804714202881e-02,-2.555131435394287109e+00,-3.281198024749755859e+00,5.797383308410644531e+00
2.089911699295043945e-01,1.107831113040447235e-02,8.453928679227828979e-02,-3.652107119560241699e-01,-4.937625825405120850e-01,1.411998462677001953e+01
2.012389749288558960e-01,7.056055217981338501e-02,2.566017583012580872e-02,-1.095049381256103516e+00,-7.594485282897949219e-01,1.782216262817382812e+01
1.665428578853607178e-01,6.796333938837051392e-02,3.354910388588905334e-02,-4.701823711395263672e+00,-1.680681109428405762e+00,2.062413215637207031e+01
1.408840715885162354e-01,1.203501671552658081e-01,2.018497325479984283e-02,-3.282654523849487305e+00,7.390168905258178711e-01,2.153794670104980469e+01
7.477983832359313965e-02,1.654872745275497437e-01,5.849171429872512817e-02,-2.668728113174438477e+00,2.674727439880371094e+00,1.857854080200195312e+01
6.590051203966140747e-02,1.429991573095321655e-01,5.093365162611007690e-02,-3.056104898452758789e+00,-1.153190016746520996e+00,1.301968097686767578e+01
1.151872277259826660e-01,1.321449428796768188e-01,2.295842580497264862e-02,-1.984769582748413086e+00,-1.299260735511779785e+00,1.690209197998046875e+01
1.444379389286041260e-01,1.424804925918579102e-01,5.281478166580200195e-03,-2.206170320510864258e+00,-3.887459337711334229e-01,1.866602325439453125e+01
1.950133889913558960e-01,8.547537773847579956e-02,2.019668743014335632e-02,-2.081551313400268555e+00,1.136901021003723145e+00,1.401208019256591797e+01
1.975978165864944458e-01,-1.890808343887329102e-02,7.939573377370834351e-02,1.814405061304569244e-02,2.170894742012023926e-01,2.380093336105346680e+00
1.898711919784545898e-01,-5.252176895737648010e-02,1.211373694241046906e-02,1.546907663345336914e+00,2.657287836074829102e+00,-4.967248439788818359e+00
2.485246360301971436e-01,2.347534336149692535e-02,3.967997804284095764e-02,-1.445561945438385010e-01,-1.317176103591918945e+00,-7.275466918945312500e+00
2.025938332080841064e-01,3.936006501317024231e-02,7.919905707240104675e-03,-2.280630588531494141e+00,1.052373886108398438e+00,9.142734408378601074e-01
2.007110714912414551e-01,1.258607301861047745e-02,2.106613293290138245e-02,-1.757185935974121094e+00,-8.713263273239135742e-01,3.686226367950439453e+00
3.273200392723083496e-01,-2.892947057262063026e-03,1.084379702806472778e-01,1.001693248748779297e+00,-1.385769844055175781e-01,3.833101749420166016e+00
2.361467778682708740e-01,-3.042003326117992401e-02,1.163362711668014526e-02,1.927634358406066895e+00,3.207055568695068359e+00,-1.701620817184448242e+00
2.346325367689132690e-01,-4.421657696366310120e-02,1.007381603121757507e-01,4.951949119567871094e+00,1.282181024551391602e+00,-5.560637950897216797e+00
1.617026776075363159e-01,1.242763549089431763e-02,2.922560088336467743e-02,1.390350222587585449e+00,4.878729581832885742e-01,-1.977497100830078125e+00
1.447652727365493774e-01,-1.700876280665397644e-02,1.591266691684722900e-02,-8.682564496994018555e-01,-1.839605450630187988e+00,-2.009635925292968750e+00
1.287046968936920166e-01,-4.628963395953178406e-02,4.257621616125106812e-02,2.845923900604248047e-01,-7.793105840682983398e-01,-3.838862895965576172e+00
1.318785250186920166e-01,-1.303659379482269287e-01,-2.241526730358600616e-02,2.724820852279663086e+00,-5.453007817268371582e-01,-1.464268970489501953e+01
2.112447172403335571e-01,-7.569397985935211182e-02,6.524912267923355103e-02,6.200578689575195312e+00,-1.519786238670349121e+00,-7.762315750122070312e+00
1.403127163648605347e-01,-6.154716759920120239e-02,2.315940521657466888e-02,2.401201248168945312e+00,1.522456884384155273e+00,-1.195081710815429688e+01
2.322275787591934204e-01,-5.740853399038314819e-02,1.519307121634483337e-02,5.492168068885803223e-01,-1.446762561798095703e+00,-2.611338615417480469e+00
2.059852480888366699e-01,-2.637741342186927795e-02,4.634055122733116150e-02,-2.930910289287567139e-01,9.427359104156494141e-01,-6.689790725708007812e+00
1.731216311454772949e-01,-4.814597219228744507e-02,4.798620939254760742e-04,1.284162521362304688e+00,1.398461461067199707e+00,-8.677059173583984375e+00
1.487527191638946533e-01,-4.322584345936775208e-02,6.830336898565292358e-02,2.408913135528564453e+00,8.062297701835632324e-01,-7.709878921508789062e+00
1.505788117647171021e-01,-5.697747692465782166e-03,2.797896601259708405e-02,2.640674114227294922e+00,1.142641425132751465e+00,-3.935930013656616211e+00
1.785350739955902100e-01,-8.439694344997406006e-02,4.595033079385757446e-02,4.275976717472076416e-01,-3.529726982116699219e+00,-5.238526344299316406e+00
1.240192800760269165e-01,-7.531495392322540283e-02,4.751198366284370422e-02,3.023660898208618164e+00,2.153680562973022461e+00,-6.865121841430664062e+00
1.528778523206710815e-01,-1.052801758050918579e-01,5.188405513763427734e-03,3.041233301162719727e+00,1.430474966764450073e-01,-1.517726612091064453e+01
1.864129900932312012e-01,-7.911945134401321411e-02,7.473957538604736328e-02,2.325224399566650391e+00,-1.497442722320556641e+00,-1.137204837799072266e+01
1.538293659687042236e-01,-1.394635159522294998e-02,1.791940070688724518e-02,7.437562346458435059e-01,1.152776956558227539e+00,-2.614147424697875977e+00
1.593965739011764526e-01,-3.690101206302642822e-02,2.943731844425201416e-02,-9.055144786834716797e-01,-2.484371185302734375e+00,-3.774209976196289062e+00
2.111093997955322266e-01,-2.813860774040222168e-02,3.950170800089836121e-02,1.004708856344223022e-01,-6.172467023134231567e-02,-3.215405225753784180e+00
1.754363775253295898e-01,-4.821670427918434143e-02,5.078587681055068970e-03,7.658979296684265137e-01,9.529559016227722168e-01,-6.274191856384277344e+00
2.015653848648071289e-01,2.427073195576667786e-03,6.915327161550521851e-02,3.373146533966064453e+00,1.652559757232666016e+00,-5.596259117126464844e+00
1.975485384464263916e-01,-2.494820021092891693e-02,1.935834810137748718e-02,2.113070249557495117e+00,1.367526501417160034e-02,-1.493281126022338867e+00
2.029125094413757324e-01,-1.629379019141197205e-02,5.350767821073532104e-02,6.453613638877868652e-01,-1.463755249977111816e+00,-2.426720857620239258e+00
2.676826119422912598e-01,-6.350819021463394165e-02,5.589963868260383606e-02,1.027256965637207031e+00,1.996116161346435547e+00,-5.346506118774414062e+00
1.859288513660430908e-01,-6.942991912364959717e-02,3.686748445034027100e-02,9.388098865747451782e-02,-8.082342147827148438e-01,-7.857925415039062500e+00
1.853673011064529419e-01,-3.691916912794113159e-02,5.101691931486129761e-02,-3.908417820930480957e-01,-7.544561028480529785e-01,-4.169336318969726562e+00
2.849977016448974609e-01,-9.266924858093261719e-02,6.195756047964096069e-02,-1.041218638420104980e+00,-2.113079071044921875e+00,2.806961297988891602e+00
2.810837626457214355e-01,8.541664481163024902e-02,6.576049327850341797e-02,-2.139710426330566406e+00,-2.803189992904663086e+00,7.032323837280273438e+00
2.395358681678771973e-01,4.610462859272956848e-02,2.354179695248603821e-02,-1.916060924530029297e+00,2.566359996795654297e+00,6.495282173156738281e+00
2.591156661510467529e-01,1.387252956628799438e-01,-1.305091939866542816e-02,-1.606401562690734863e+00,-1.037459611892700195e+00,1.999581336975097656e+01
1.310577094554901123e-01,7.661126554012298584e-02,3.585451096296310425e-02,-3.574900627136230469e+00,3.826649487018585205e-01,1.677631759643554688e+01
1.396896243095397949e-01,6.941633671522140503e-02,5.013586953282356262e-02,-3.143405675888061523e+00,4.810698330402374268e-01,2.289436340332031250e+01
1.892119944095611572e-01,1.186472401022911072e-01,2.188844233751296997e-02,-2.375327110290527344e+00,9.707621335983276367e-01,1.940336799621582031e+01
1.838452965021133423e-01,1.295017004013061523e-01,3.162568435072898865e-02,-3.830371379852294922e+00,-1.722911238670349121e+00,1.679099273681640625e+01
1.620002537965774536e-01,1.021605208516120911e-01,4.694959521293640137e-02,-3.958226919174194336e+00,-2.480085372924804688e+00,2.024129676818847656e+01
1.994061470031738281e-01,9.247901290655136108e-02,-1.594327203929424286e-02,-1.860214948654174805e+00,4.508637487888336182e-01,1.521953201293945312e+01
1.982861757278442383e-01,5.706316605210304260e-02,4.388981312513351440e-02,-3.257730960845947266e+00,-3.162060022354125977e+00,1.378954410552978516e+01
2.484354376792907715e-01,6.946182250976562500e-02,4.447776824235916138e-02,-1.537316083908081055e+00,-1.298587441444396973e+00,2.090712738037109375e+01
3.137612342834472656e-01,9.742525219917297363e-02,2.865396812558174133e-02,-3.503911495208740234e-01,1.787136673927307129e+00,8.483887672424316406e+00
2.314398884773254395e-01,5.179652571678161621e-02,6.866866350173950195e-02,1.332834661006927490e-01,-1.901723861694335938e+00,8.207426071166992188e+00
2.094045281410217285e-01,4.647492244839668274e-02,-9.692447260022163391e-03,-2.344094514846801758e+00,9.691648483276367188e-01,5.469511032104492188e+00
2.962389290332794189e-01,3.129469603300094604e-02,3.834541887044906616e-02,-1.001127243041992188e+00,-8.847191333770751953e-01,5.308443069458007812e+00
1.783311516046524048e-01,-9.916611015796661377e-03,7.445660233497619629e-02,1.473655998706817627e-01,1.055598855018615723e+00,4.011028289794921875e+00
3.096518516540527344e-01,-1.056764647364616394e-01,1.046448871493339539e-01,1.019803404808044434e+00,1.717453122138977051e+00,-5.074557304382324219e+00
1.817491203546524048e-01,-5.139424651861190796e-02,4.070155322551727295e-02,2.385287046432495117e+00,-1.281256079673767090e+00,-7.639610290527343750e+00
2.000829577445983887e-01,-3.127772361040115356e-02,5.184337869286537170e-02,1.724233508110046387e+00,1.926148980855941772e-01,-6.078041076660156250e+00
1.565279513597488403e-01,-2.629936859011650085e-02,5.738269537687301636e-04,9.356976151466369629e-01,2.467594385147094727e+00,-2.527126073837280273e+00
1.758480817079544067e-01,-3.215831890702247620e-02,3.762052580714225769e-02,-3.996368169784545898e+00,-4.597062587738037109e+00,-8.364180922508239746e-01
1.972428858280181885e-01,-2.560797845944762230e-03,5.414219945669174194e-02,-3.871133327484130859e+00,1.070202827453613281e+00,5.929894447326660156e+00
1.693305075168609619e-01,-1.693785376846790314e-02,-2.284085378050804138e-03,1.310837030410766602e+00,2.172029495239257812e+00,-3.888326287269592285e-01
1.647116839885711670e-01,8.703549951314926147e-02,9.378125518560409546e-02,4.810717105865478516e-01,-2.571728467941284180e+00,9.473773241043090820e-01
1.935058385133743286e-01,3.291276097297668457e-02,1.885564066469669342e-02,3.083485066890716553e-01,2.750418663024902344e+00,5.796319007873535156e+00
2.166091948747634888e-01,4.790369793772697449e-02,1.997048407793045044e-02,-2.277067899703979492e+00,-9.341896772384643555e-01,7.725605010986328125e+00
1.906650960445404053e-01,-1.358477026224136353e-02,8.037954568862915039e-02,-1.018026232719421387e+00,-1.181430935859680176e+00,5.227835655212402344e+00
2.129528224468231201e-01,-3.710341826081275940e-02,1.019944436848163605e-02,5.534715652465820312e-01,2.546603441238403320e+00,-7.098199725151062012e-01
1.881497204303741455e-01,-5.539414007216691971e-03,2.708132378756999969e-02,1.100538015365600586e+00,-1.493114113807678223e+00,-8.363407135009765625e+00
1.562690436840057373e-01,5.988651141524314880e-02,3.537050262093544006e-02,1.172371029853820801e+00,1.353042364120483398e+00,3.609660863876342773e+00
2.271664440631866455e-01,6.242001056671142578e-02,5.098215490579605103e-02,-1.331601738929748535e+00,8.867967128753662109e-01,7.082460403442382812e+00
1.826610267162322998e-01,1.935185119509696960e-02,6.621951609849929810e-02,-2.174059391021728516e+00,-2.863149404525756836e+00,7.804509162902832031e+00
1.830216348171234131e-01,1.883142068982124329e-02,3.446694463491439819e-02,2.119303941726684570e-01,3.931948542594909668e-02,2.963105916976928711e+00
1.549144387245178223e-01,-4.889404028654098511e-02,3.986723721027374268e-03,-1.827118039131164551e+00,-8.052440285682678223e-01,-3.579654932022094727e+00
1.610350310802459717e-01,-6.663987040519714355e-02,3.307898342609405518e-02,2.456082820892333984e+00,-9.818295240402221680e-01,-5.478389739990234375e+00
1.872281134128570557e-01,-2.502537146210670471e-02,2.107409760355949402e-03,6.508430838584899902e-01,2.930173635482788086e+00,-3.231031656265258789e+00
2.755064070224761963e-01,-3.252586722373962402e-02,4.762106388807296753e-02,2.127236127853393555e+00,2.900749444961547852e-03,-5.300020217895507812e+00
2.512758672237396240e-01,-6.535182148218154907e-02,6.052634865045547485e-02,6.309222579002380371e-01,2.165264368057250977e+00,-3.928641080856323242e+00
3.077965378761291504e-01,-2.671509608626365662e-02,4.844629019498825073e-02,5.786712169647216797e-01,1.931678354740142822e-01,-1.720627784729003906e+00
2.911104559898376465e-01,4.587823897600173950e-02,7.405916601419448853e-02,7.471465468406677246e-01,-9.000317454338073730e-01,4.091969490051269531e+00
2.539414763450622559e-01,7.271981239318847656e-02,6.048158556222915649e-02,-3.268648862838745117e+00,8.193895220756530762e-01,9.924746513366699219e+00
2.879666686058044434e-01,2.488563954830169678e-02,3.780716285109519958e-02,-4.357906341552734375e+00,-2.485053062438964844e+00,1.291142845153808594e+01
1.838489621877670288e-01,-1.078100223094224930e-02,5.469392985105514526e-02,-6.134536266326904297e-01,1.024077385663986206e-01,1.046588611602783203e+01
1.811732500791549683e-01,3.986907377839088440e-02,9.482364170253276825e-03,-6.757063865661621094e-01,1.399378657341003418e+00,7.113633155822753906e+00
2.170925289392471313e-01,4.455444589257240295e-02,4.036347568035125732e-02,-2.607347488403320312e+00,-3.337384462356567383e+00,4.673839569091796875e+00
1.124264895915985107e-01,5.681058391928672791e-02,1.861965656280517578e-02,2.278114706277847290e-01,-2.073500394821166992e+00,1.986486434936523438e+01
1.514208465814590454e-01,8.681415021419525146e-02,1.043060608208179474e-02,2.169755250215530396e-01,-1.681397318840026855e+00,2.438938713073730469e+01
1.555832922458648682e-01,8.624323457479476929e-02,-6.042722612619400024e-03,-9.254159927368164062e-01,1.075645208358764648e+00,1.862211418151855469e+01
1.943278014659881592e-01,2.896933630108833313e-02,1.615071669220924377e-03,4.989648759365081787e-01,3.465394735336303711e+00,1.644144821166992188e+01
2.221883684396743774e-01,7.706516981124877930e-02,5.290713161230087280e-02,-1.805280566215515137e+00,-1.268496274948120117e+00,9.020226478576660156e+00
2.320446968078613281e-01,5.108778551220893860e-02,5.963646620512008667e-02,-1.368597000837326050e-01,-2.924712896347045898e+00,1.494126605987548828e+01
1.434385031461715698e-01,1.251104325056076050e-01,-2.336726896464824677e-02,-2.516399145126342773e+00,8.660243153572082520e-01,1.353967475891113281e+01
2.116146981716156006e-01,3.575666621327400208e-02,3.580151125788688660e-02,-2.373181581497192383e+00,3.516091406345367432e-02,7.785933017730712891e+00
2.355047762393951416e-01,-1.563701080158352852e-04,3.604075685143470764e-02,-2.163124084472656250e+00,-1.926408290863037109e+00,9.482728004455566406e+00
2.613081037998199463e-01,3.077488020062446594e-02,-3.782173618674278259e-03,1.391451120376586914e+00,3.166225910186767578e+00,5.537310600280761719e+00
1.884180456399917603e-01,1.993726193904876709e-02,4.180133342742919922e-02,3.221554279327392578e+00,-9.494025707244873047e-01,4.537419080734252930e-01
2.484555840492248535e-01,6.218712031841278076e-02,2.390278317034244537e-02,1.010166049003601074e+00,8.745307922363281250e-01,1.616545677185058594e+00
2.236611843109130859e-01,-5.185616761445999146e-02,6.912143900990486145e-03,-1.173794269561767578e+00,1.686173439025878906e+00,2.248823881149291992e+00
2.164452075958251953e-01,-4.609004780650138855e-02,6.053511798381805420e-02,-1.739885091781616211e+00,-3.736576318740844727e+00,-5.266633033752441406e-01
2.107907384634017944e-01,-3.285859897732734680e-02,-1.188509166240692139e-03,-2.923333942890167236e-01,2.264551639556884766e+00,-4.830254554748535156e+00
1.865914463996887207e-01,-5.622919276356697083e-02,1.707901060581207275e-02,1.800718665122985840e+00,-3.812019526958465576e-01,-9.716303825378417969e+00
2.736472785472869873e-01,-3.966595977544784546e-02,2.698231674730777740e-02,1.074139952659606934e+00,1.273454546928405762e+00,-4.628347396850585938e+00
1.731855869293212891e-01,3.934571146965026855e-02,1.037791371345520020e-04,-5.687693357467651367e-01,-1.721608996391296387e+00,-3.499418735504150391e+00
1.955272853374481201e-01,-2.213193103671073914e-02,3.191810846328735352e-02,-4.170508384704589844e-01,-8.300284743309020996e-01,-6.783481836318969727e-01
1.368369162082672119e-01,-9.663251787424087524e-02,2.653269283473491669e-02,5.151695609092712402e-01,-7.130584865808486938e-02,-8.632209777832031250e+00
1.852474957704544067e-01,-4.591182246804237366e-02,1.336536556482315063e-02,-6.851536035537719727e-01,-1.731557607650756836e+00,-1.169262504577636719e+01
1.359528750181198120e-01,-2.749207243323326111e-02,4.277497529983520508e-03,6.311481595039367676e-01,1.465672016143798828e+00,-8.336811065673828125e+00
2.360016703605651855e-01,-8.123109489679336548e-02,4.354313015937805176e-03,-6.847395300865173340e-01,-5.619349479675292969e-01,-6.994670391082763672e+00
1.944602727890014648e-01,-5.626264587044715881e-02,6.691761314868927002e-02,2.892094850540161133e+00,-1.358738303184509277e+00,-6.056568145751953125e+00
1.630737483501434326e-01,-1.137795001268386841e-01,2.984685450792312622e-02,2.404056549072265625e+00,1.970016002655029297e+00,-1.720829582214355469e+01
2.493142485618591309e-01,-6.926926970481872559e-02,7.499860599637031555e-03,2.969277501106262207e-01,-1.713053733110427856e-01,-9.234003067016601562e+00
1.920126527547836304e-01,-4.440614953637123108e-02,-4.655357450246810913e-03,1.762306451797485352e+00,1.269813477993011475e-01,-9.208100318908691406e+00
1.643395721912384033e-01,-1.661886833608150482e-02,1.640878058969974518e-02,-4.638620018959045410e-01,1.013145685195922852e+00,-5.137747764587402344e+00
1.855599880218505859e-01,-4.544126987457275391e-02,3.055730089545249939e-02,2.245011091232299805e+00,-2.560154199600219727e+00,-2.971120119094848633e+00
1.567942798137664795e-01,-9.579825401306152344e-02,-2.291109412908554077e-03,1.023381829261779785e+00,1.632481575012207031e+00,-4.637647151947021484e+00
2.051191627979278564e-01,-1.329339295625686646e-01,7.422672957181930542e-02,3.607299327850341797e+00,-1.331473231315612793e+00,-1.111096954345703125e+01
2.078707665205001831e-01,-2.703205682337284088e-02,2.708569541573524475e-02,1.765864253044128418e+00,2.078775316476821899e-01,-7.061150550842285156e+00
1.506404876708984375e-01,-3.535515069961547852e-02,1.190379820764064789e-02,-7.132967710494995117e-01,-3.574660420417785645e-01,-5.656467437744140625e+00
2.086394131183624268e-01,-3.731810301542282104e-02,2.613108977675437927e-02,-2.076356649398803711e+00,-2.731104612350463867e+00,-2.219278335571289062e+00
2.720824480056762695e-01,-6.806245446205139160e-02,8.925499394536018372e-03,5.631992220878601074e-01,5.432097315788269043e-01,-2.832124233245849609e+00
1.946712434291839600e-01,-5.740325525403022766e-02,2.873391285538673401e-02,1.885323166847229004e+00,-2.380264043807983398e+00,-9.518596649169921875e+00
2.548787593841552734e-01,7.651681080460548401e-04,4.280302673578262329e-04,1.995967864990234375e+00,7.604542374610900879e-01,-5.843364715576171875e+00
1.894192248582839966e-01,-1.046768017113208771e-02,3.296081721782684326e-02,-6.331100314855575562e-02,-2.087211132049560547e+00,-1.932243347167968750e+00
2.061387896537780762e-01,-1.221195049583911896e-02,4.540513083338737488e-02,-1.845290899276733398e+00,-3.081190347671508789e+00,-1.311021566390991211e+00
1.834043115377426147e-01,-3.302972018718719482e-02,1.117054745554924011e-02,1.071311950683593750e+00,1.655879855155944824e+00,-6.613090515136718750e+00
2.532784342765808105e-01,-2.536810748279094696e-02,9.897405281662940979e-03,-1.079075694084167480e+00,1.627705842256546021e-01,-6.038196563720703125e+00
3.106752634048461914e-01,3.864109516143798828e-02,3.697327896952629089e-02,2.413960993289947510e-01,1.305413842201232910e+00,4.222976684570312500e+00
2.270306944847106934e-01,6.412470340728759766e-02,2.062430046498775482e-02,-2.258086681365966797e+00,-1.189798474311828613e+00,8.506011962890625000e+00
1.810081899166107178e-01,2.850956656038761139e-02,2.875323593616485596e-02,-6.080634593963623047e-01,-1.322097897529602051e+00,1.298537158966064453e+01
2.478751540184020996e-01,2.778089605271816254e-02,2.012792043387889862e-02,-2.173964262008666992e+00,2.561598539352416992e+00,1.126449584960937500e+01
2.501789629459381104e-01,6.321929395198822021e-02,6.821943074464797974e-02,-1.371100783348083496e+00,-2.803122043609619141e+00,1.492449569702148438e+01
1.539725512266159058e-01,7.552950084209442139e-02,1.725893095135688782e-02,-8.539174199104309082e-01,-6.282334029674530029e-02,1.761592102050781250e+01
1.759352982044219971e-01,7.355587929487228394e-02,2.158872783184051514e-02,-2.592731952667236328e+00,-1.635450720787048340e+00,2.240272331237792969e+01
1.708961725234985352e-01,1.216560900211334229e-01,1.514464244246482849e-02,-1.025707006454467773e+00,1.552902936935424805e+00,2.544832229614257812e+01
1.862257570028305054e-01,1.130110174417495728e-01,5.154364556074142456e-02,-2.330775737762451172e+00,2.721990644931793213e-01,2.365782928466796875e+01
2.009989768266677856e-01,9.845981001853942871e-02,1.391249801963567734e-02,-4.007211208343505859e+00,-2.925381064414978027e-01,1.661767959594726562e+01
2.021828144788742065e-01,1.334327608346939087e-01,5.123296007513999939e-02,-2.821602821350097656e+00,-2.707852840423583984e+00,1.700244522094726562e+01
1.480805575847625732e-01,6.405927240848541260e-02,4.664357751607894897e-03,7.734981924295425415e-02,1.579853773117065430e+00,1.498686027526855469e+01
1.888445019721984863e-01,6.782795488834381104e-02,2.063896507024765015e-02,-1.261580467224121094e+00,1.057999968528747559e+00,1.341659927368164062e+01
2.551582455635070801e-01,2.062022499740123749e-02,6.139965355396270752e-02,-2.892419815063476562e+00,-2.148129224777221680e+00,9.711125373840332031e+00
1.991795599460601807e-01,-3.288164734840393066e-03,4.224721342325210571e-02,-6.225606054067611694e-02,4.767597913742065430e-01,2.588554859161376953e+00
1.943778991699218750e-01,-6.386607885360717773e-02,3.557722270488739014e-02,2.402980029582977295e-01,5.614165663719177246e-01,-4.073332786560058594e+00
2.175900638103485107e-01,-6.279836595058441162e-02,4.002572968602180481e-02,-5.473254621028900146e-02,-3.849624097347259521e-02,-4.271315574645996094e+00
1.843944638967514038e-01,-2.395942993462085724e-02,7.850455120205879211e-03,-3.709948956966400146e-01,5.763194561004638672e-01,-1.482654094696044922e+00
2.223185300827026367e-01,-1.006117686629295349e-01,6.691279262304306030e-02,-2.565924882888793945e+00,-4.082497119903564453e+00,-4.323867797851562500e+00
2.051368653774261475e-01,-2.273387834429740906e-02,2.061120420694351196e-02,1.827943801879882812e+00,1.786952614784240723e+00,-4.442887306213378906e+00
2.683809399604797363e-01,-7.228303700685501099e-02,1.598734222352504730e-02,2.076397895812988281e+00,-2.632368803024291992e-01,-8.579086303710937500e+00
2.237498313188552856e-01,-3.537449985742568970e-02,4.585748910903930664e-02,1.358180522918701172e+00,-5.559707880020141602e-01,-2.775896072387695312e+00
2.036007344722747803e-01,-1.099711097776889801e-02,-1.058126427233219147e-02,9.593972563743591309e-01,1.536906123161315918e+00,-1.055251657962799072e-01
1.944705843925476074e-01,1.729647815227508545e-02,8.015958219766616821e-02,-5.239014029502868652e-01,-3.642173051834106445e+00,-4.567346572875976562e-01
2.654911875724792480e-01,-9.127469733357429504e-03,3.323876112699508667e-02,-1.005704760551452637e+00,4.695746898651123047e-01,7.510024905204772949e-01
1.824491769075393677e-01,-1.765803620219230652e-02,3.127655014395713806e-02,-1.222514033317565918e+00,1.739469051361083984e+00,-5.498564839363098145e-01
2.481183707714080811e-01,5.008966848254203796e-02,7.948496192693710327e-02,1.649386525154113770e+00,-1.123040765523910522e-01,4.164612770080566406e+00
1.804039478302001953e-01,3.563777729868888855e-02,2.281749248504638672e-02,-1.960431694984436035e+00,3.913516998291015625e-01,5.729522705078125000e+00
2.453154325485229492e-01,6.695397943258285522e-02,7.499510794878005981e-02,-1.382566213607788086e+00,-3.358626127243041992e+00,8.187150955200195312e+00
2.062266767024993896e-01,-1.467825938016176224e-02,5.190069228410720825e-02,1.264175772666931152e-02,3.961462378501892090e-01,3.357830762863159180e+00
1.641340553760528564e-01,-2.810947038233280182e-02,1.205926667898893356e-02,-1.102868914604187012e+00,-1.550850868225097656e-01,-3.210462093353271484e+00
1.907955706119537354e-01,-1.183977629989385605e-02,7.442346960306167603e-02,2.235211849212646484e+00,8.579405546188354492e-01,2.627122640609741211e+00
2.396536320447921753e-01,3.014401160180568695e-02,5.255389958620071411e-03,5.406467914581298828e-01,4.317909479141235352e-01,6.652153491973876953e+00
2.267912924289703369e-01,-1.595060341060161591e-02,6.606457382440567017e-02,-1.963161349296569824e+00,-2.943827152252197266e+00,3.664395809173583984e+00
2.340597808361053467e-01,-5.829202383756637573e-02,5.574829131364822388e-02,8.087292313575744629e-01,2.512814760208129883e+00,3.824152231216430664e+00
2.427736818790435791e-01,-6.155206263065338135e-02,3.733921051025390625e-02,-5.510788559913635254e-01,5.093589425086975098e-04,-1.650471925735473633e+00
2.477053254842758179e-01,-2.034191228449344635e-02,3.230784833431243896e-02,2.431707859039306641e+00,8.843409419059753418e-01,1.950624436140060425e-01
2.485491335391998291e-01,-1.185705885291099548e-02,2.684757485985755920e-02,1.618810534477233887e+00,-3.848198056221008301e-02,2.803806304931640625e+00
1.929447799921035767e-01,-4.068672657012939453e-02,6.031135469675064087e-02,1.423230767250061035e-01,-2.497022628784179688e+00,-3.603705644607543945e+00
2.416840046644210815e-01,-9.470100700855255127e-02,4.236228018999099731e-02,-6.882619857788085938e-01,7.621910572052001953e-01,-3.752940416336059570e+00
2.424611449241638184e-01,-8.688178658485412598e-02,1.276659592986106873e-02,-7.685208320617675781e-01,1.603131771087646484e+00,-3.469680070877075195e+00
1.951436996459960938e-01,-4.619001224637031555e-02,5.042678862810134888e-02,-5.002559423446655273e-01,-3.619451522827148438e-01,-5.612811088562011719e+00
2.873325943946838379e-01,3.173846378922462463e-02,6.520122289657592773e-02,1.775484919548034668e+00,1.807885050773620605e+00,1.056334972381591797e-01
1.843146830797195435e-01,2.621450833976268768e-02,2.581771276891231537e-02,-2.374042749404907227e+00,-1.744181990623474121e+00,7.229111671447753906e+00
1.332131922245025635e-01,7.933060824871063232e-02,4.929092153906822205e-02,-4.450027942657470703e+00,-3.019086837768554688e+00,9.854663848876953125e+00
1.918115913867950439e-01,7.898578792810440063e-02,2.697204984724521637e-02,-2.477758646011352539e+00,1.349181830883026123e-01,2.354221153259277344e+01
1.606530696153640747e-01,1.029639467597007751e-01,3.754560276865959167e-02,-3.946299791336059570e+00,-6.311299800872802734e-01,2.109420394897460938e+01
1.263459920883178711e-01,1.563710868358612061e-01,2.714398503303527832e-02,-6.181713104248046875e+00,-2.933145761489868164e+00,1.998850822448730469e+01
8.303049206733703613e-02,8.804045617580413818e-02,2.117385342717170715e-02,-5.273949623107910156e+00,-3.585169792175292969e+00,1.770621681213378906e+01
1.235056146979331970e-01,9.626306593418121338e-02,1.452948432415723801e-02,-1.864502310752868652e+00,-2.081781387329101562e+00,2.066311264038085938e+01
1.513283848762512207e-01,1.033993214368820190e-01,6.542420014739036560e-03,-1.195106506347656250e+00,2.104580163955688477e+00,1.589694881439208984e+01
1.728485375642776489e-01,1.346801668405532837e-01,8.443647623062133789e-02,-4.270112514495849609e-01,9.911677837371826172e-01,1.111565303802490234e+01
2.377158701419830322e-01,5.519403517246246338e-02,6.427367776632308960e-02,-4.746058285236358643e-01,-1.498429626226425171e-01,6.293992042541503906e+00
2.225754410028457642e-01,9.904416278004646301e-03,2.987268939614295959e-02,-8.919423818588256836e-01,7.830786108970642090e-01,3.212356090545654297e+00
2.264264523983001709e-01,-9.844383224844932556e-03,8.430618047714233398e-02,1.367167830467224121e-01,-3.293322801589965820e+00,-1.477133631706237793e-01
2.920930981636047363e-01,-4.172016680240631104e-02,7.516041398048400879e-02,-4.201567918062210083e-02,2.219412326812744141e+00,-3.634746670722961426e-01
1.856796890497207642e-01,-1.286457013338804245e-02,2.625894546508789062e-02,-8.228144049644470215e-01,-2.730059027671813965e-01,-2.053469181060791016e+00
1.919700652360916138e-01,-6.710723042488098145e-03,7.009683549404144287e-02,1.772328972816467285e+00,-3.053978830575942993e-02,-2.202568054199218750e+00
1.876282393932342529e-01,1.065994333475828171e-02,2.097364515066146851e-02,9.194030165672302246e-01,8.227539062500000000e-01,1.036167621612548828e+00
2.027989327907562256e-01,-1.951076090335845947e-02,5.547535791993141174e-02,2.423203736543655396e-01,-3.592171669006347656e+00,1.232277154922485352e+00
1.731330901384353638e-01,-3.976103290915489197e-02,4.128012806177139282e-02,1.486706137657165527e+00,1.900957465171813965e+00,-4.111975193023681641e+00
1.497930884361267090e-01,-6.793751567602157593e-02,1.386139169335365295e-02,2.674446105957031250e-01,-1.892360925674438477e+00,-1.123227214813232422e+01
1.380062699317932129e-01,-3.470603749155998230e-02,2.515579387545585632e-02,1.752491235733032227e+00,1.592297255992889404e-01,-8.208203315734863281e+00
2.163952589035034180e-01,-3.815118968486785889e-02,-2.521537244319915771e-04,1.436244249343872070e+00,1.549213528633117676e+00,-6.458456039428710938e+00
1.484204679727554321e-01,-6.268574297428131104e-02,3.196891397237777710e-02,1.424288511276245117e+00,-2.794765233993530273e+00,-5.041525840759277344e+00
1.307937204837799072e-01,-1.205833554267883301e-01,2.943568862974643707e-02,2.667647600173950195e+00,2.092038393020629883e+00,-1.254531764984130859e+01
1.674988418817520142e-01,-4.295611754059791565e-02,2.189922705292701721e-02,2.226345539093017578e+00,-8.484190702438354492e-01,-7.091758728027343750e+00
1.492740213871002197e-01,-6.062105298042297363e-02,7.635848969221115112e-02,4.181859970092773438e+00,1.190282464027404785e+00,-1.078698444366455078e+01
1.345242261886596680e-01,9.957235306501388550e-03,2.984636649489402771e-02,1.001717805862426758e+00,7.640997767448425293e-01,-2.871247529983520508e+00
2.135898470878601074e-01,3.846857696771621704e-03,7.665724307298660278e-02,2.475307434797286987e-01,-3.640309333801269531e+00,1.579382061958312988e+00
1.804955750703811646e-01,-1.630360260605812073e-02,6.170126050710678101e-02,-1.717212915420532227e+00,8.280950784683227539e-01,-3.527609109878540039e+00
2.153972089290618896e-01,-1.535781770944595337e-01,2.450190670788288116e-02,5.965422391891479492e-01,-2.188956499099731445e+00,-1.421695518493652344e+01
1.779097169637680054e-01,-3.853340446949005127e-02,6.393970549106597900e-02,2.868198871612548828e+00,-1.223780989646911621e+00,-8.257972717285156250e+00
1.727194041013717651e-01,-5.584467574954032898e-02,4.002436995506286621e-03,1.857700467109680176e+00,1.244553089141845703e+00,-6.654685020446777344e+00
1.568597555160522461e-01,-6.384198367595672607e-02,1.077399495989084244e-02,1.457943558692932129e+00,-3.175042390823364258e+00,-4.958560943603515625e+00
1.766161471605300903e-01,-9.302730858325958252e-02,1.629962585866451263e-02,1.198997974395751953e+00,4.464094638824462891e-01,-7.664149284362792969e+00
1.836973726749420166e-01,-4.854315519332885742e-02,-5.669426172971725464e-04,2.566869184374809265e-02,1.722203493118286133e+00,-8.057988166809082031e+00
2.237240374088287354e-01,-1.074737980961799622e-01,4.361343011260032654e-02,8.004080653190612793e-01,-2.335929155349731445e+00,-8.139665603637695312e+00
2.079469561576843262e-01,-3.986337035894393921e-02,2.391880005598068237e-02,2.076740741729736328e+00,1.022311210632324219e+00,-5.194549560546875000e+00
1.776869148015975952e-01,-3.124429099261760712e-02,6.434492021799087524e-02,-1.764124631881713867e-01,-2.973256587982177734e+00,-4.185235023498535156e+00
1.848444938659667969e-01,-3.025076165795326233e-02,3.906935453414916992e-02,-4.394900500774383545e-01,1.512993454933166504e+00,-4.004325389862060547e+00
1.953332424163818359e-01,-6.092799827456474304e-02,-2.314740791916847229e-03,6.892970800399780273e-01,1.506245255470275879e+00,-8.465826988220214844e+00
1.971364915370941162e-01,-1.905502006411552429e-02,4.084070771932601929e-02,1.388998866081237793e+00,5.894463062286376953e-01,-7.423472404479980469e+00
2.012018561363220215e-01,-1.903298683464527130e-02,3.141986951231956482e-02,2.762599468231201172e+00,2.277694463729858398e+00,-5.569218635559082031e+00
2.604482769966125488e-01,-4.585701599717140198e-02,3.600128740072250366e-02,8.433103561401367188e-02,-1.982555836439132690e-01,2.664066255092620850e-01
1.871211528778076172e-01,-5.098973959684371948e-02,7.898975163698196411e-02,-1.622579336166381836e+00,-8.616570830345153809e-01,3.471644639968872070e+00
2.222830206155776978e-01,-1.566386222839355469e-02,4.191325604915618896e-02,1.877461791038513184e+00,2.143796920776367188e+00,8.028109073638916016e-01
2.150171399116516113e-01,-3.977682068943977356e-02,4.667757451534271240e-02,-2.441560268402099609e+00,-1.707172393798828125e+00,7.661283016204833984e-03
1.419688910245895386e-01,9.168842434883117676e-02,1.650448516011238098e-02,-1.659803509712219238e+00,1.367472052574157715e+00,1.172586822509765625e+01
1.856141388416290283e-01,1.441387832164764404e-01,3.776676952838897705e-02,-2.404344558715820312e+00,-2.154057741165161133e+00,2.056914901733398438e+01
1.167168393731117249e-01,6.955308467149734497e-02,2.339574508368968964e-02,-2.944818019866943359e+00,-8.701801300048828125e-01,2.067713737487792969e+01
1.029210761189460754e-01,1.521243453025817871e-01,-7.620623335242271423e-03,-1.098251819610595703e+00,1.701585650444030762e-01,2.115126609802246094e+01
1.538248360157012939e-01,2.813158370554447174e-02,1.510673761367797852e-02,-3.575348377227783203e+00,-3.265484333038330078e+00,1.027309894561767578e+01
1.480748057365417480e-01,1.297128051519393921e-01,6.887137889862060547e-03,-4.361898899078369141e-01,-7.461237907409667969e-01,1.810058784484863281e+01
1.835626512765884399e-01,6.176041811704635620e-02,-1.429771445691585541e-02,3.019751422107219696e-02,7.459524869918823242e-01,1.443711757659912109e+01
2.095614373683929443e-01,8.887730538845062256e-02,1.561105065047740936e-02,-1.966455221176147461e+00,-9.574030637741088867e-01,1.502227115631103516e+01
2.029416263103485107e-01,6.217820942401885986e-02,2.192283980548381805e-02,-1.519988298416137695e+00,-2.926929473876953125e+00,2.151047897338867188e+01
2.633901834487915039e-01,3.824719786643981934e-02,5.717286840081214905e-03,-2.338933706283569336e+00,2.990015506744384766e+00,1.467821216583251953e+01
2.370605766773223877e-01,8.251619338989257812e-02,1.266347151249647141e-02,1.454608559608459473e+00,-1.743389606475830078e+00,2.537899255752563477e+00
2.786015868186950684e-01,1.060761138796806335e-01,2.046151645481586456e-02,9.675009846687316895e-01,-1.328278422355651855e+00,9.336123466491699219e+00
3.349657058715820312e-01,2.288768813014030457e-02,2.229993231594562531e-02,-1.274176716804504395e+00,-1.001458525657653809e+00,6.121218204498291016e+00
2.194321900606155396e-01,2.668911591172218323e-03,8.390976488590240479e-02,-6.678474694490432739e-02,2.886376619338989258e+00,4.705153465270996094e+00
2.123022675514221191e-01,-2.643901854753494263e-02,6.098780035972595215e-02,-1.961446106433868408e-01,-8.007015585899353027e-01,-6.639927029609680176e-01
1.698278933763504028e-01,-2.504615299403667450e-02,1.822412014007568359e-04,1.995223462581634521e-01,-7.851203083992004395e-01,-5.162007331848144531e+00
2.112368047237396240e-01,-2.623518742620944977e-02,1.042935028672218323e-01,8.129944801330566406e-01,-3.719118833541870117e-01,-4.866100788116455078e+00
2.495633661746978760e-01,3.161682933568954468e-02,-1.513233594596385956e-02,-2.810739755630493164e+00,-1.014082312583923340e+00,-3.150026559829711914e+00
2.088660597801208496e-01,-4.307571798563003540e-02,5.307719111442565918e-04,8.533142507076263428e-03,1.752679109573364258e+00,8.465510606765747070e-01
1.294506341218948364e-01,-7.154433429241180420e-02,-4.145642742514610291e-03,-2.488932311534881592e-01,1.130132198333740234e+00,-6.491020679473876953e+00
1.570609956979751587e-01,-1.060409564524888992e-02,9.471707046031951904e-03,3.200308561325073242e+00,7.586547136306762695e-01,-3.567870616912841797e+00
1.540091037750244141e-01,-9.089136496186256409e-03,5.571319162845611572e-02,-6.514230370521545410e-01,-1.490011096000671387e+00,-3.388590335845947266e+00
1.813453733921051025e-01,2.457142621278762817e-02,7.748827338218688965e-04,2.851004600524902344e+00,4.869365692138671875e-01,6.051938533782958984e+00
1.875397413969039917e-01,-1.937557756900787354e-02,-1.166543178260326385e-02,-2.969669401645660400e-01,-6.343826055526733398e-01,6.278621196746826172e+00
1.550541073083877563e-01,1.658780314028263092e-02,-3.890879452228546143e-04,-9.849002212285995483e-02,2.472061634063720703e+00,5.677792072296142578e+00
2.599173784255981445e-01,2.076739212498068810e-03,3.210412710905075073e-02,-1.379087269306182861e-01,1.998019456863403320e+00,1.399636507034301758e+00
1.957861185073852539e-01,-2.874662727117538452e-02,4.456023126840591431e-02,-2.367127895355224609e+00,-3.910632848739624023e+00,-5.660480499267578125e+00
1.879518181085586548e-01,4.004066064953804016e-02,2.611257508397102356e-02,5.802726745605468750e-01,-4.219445228576660156e+00,-1.319246768951416016e+00
1.724285185337066650e-01,2.908842638134956360e-02,-1.871287822723388672e-03,-2.689530849456787109e+00,4.816570878028869629e-01,2.058252334594726562e+00
5.045554041862487793e-02,6.627354025840759277e-02,-7.891876623034477234e-03,-8.117223381996154785e-01,-1.089593291282653809e+00,3.390892982482910156e+00
1.223844289779663086e-02,2.421644330024719238e-02,-2.855055592954158783e-02,4.826058745384216309e-01,5.958071351051330566e-01,5.658436417579650879e-01
5.993352830410003662e-02,1.666149683296680450e-02,9.731752797961235046e-03,1.105164408683776855e+00,-4.168438911437988281e-01,-1.927547693252563477e+00
2.128255367279052734e-02,-6.483911536633968353e-03,3.484496846795082092e-03,3.819338083267211914e-01,-2.945546060800552368e-02,-9.768406748771667480e-01
-1.347054541110992432e-02,-1.202479843050241470e-02,1.716662198305130005e-03,1.199108436703681946e-01,2.173226922750473022e-01,1.104760617017745972e-01
-2.203460037708282471e-02,6.215707398951053619e-03,-1.165628433227539062e-03,-1.724115610122680664e-01,6.716024130582809448e-02,7.184684276580810547e-02
-1.111944019794464111e-02,1.031318865716457367e-02,8.510742336511611938e-04,-2.002376616001129150e-01,1.007643193006515503e-01,6.694927811622619629e-03
-1.676395535469055176e-03,9.742174297571182251e-03,6.986204534769058228e-03,-1.614999175071716309e-01,1.249442771077156067e-01,2.031275033950805664e-01
-5.352652817964553833e-02,-2.258902229368686676e-02,5.630329996347427368e-02,-2.790847122669219971e-01,-1.307751536369323730e-01,-2.487540096044540405e-01
3.298297524452209473e-03,-2.059585880488157272e-03,-1.915507204830646515e-02,2.424274682998657227e-01,3.998683691024780273e-01,-5.381699800491333008e-01
9.229883551597595215e-03,-4.232720471918582916e-03,2.361088991165161133e-04,-2.680503129959106445e-01,-3.414248228073120117e-01,-3.599643707275390625e-01
1.722303032875061035e-02,1.023849844932556152e-02,-1.868983916938304901e-02,-2.147908508777618408e-01,-6.387297809123992920e-02,-3.547693729400634766e+00
1.594821512699127197e-01,-1.177896000444889069e-02,-3.098744899034500122e-03,6.032980680465698242e-01,1.788346171379089355e+00,-4.530922889709472656e+00
1.259384602308273315e-01,-3.075674176216125488e-02,5.461694672703742981e-03,2.414806842803955078e+00,1.618705868721008301e+00,-2.725565195083618164e+00
7.064596563577651978e-02,-8.771532028913497925e-02,1.246970891952514648e-02,-4.310418069362640381e-01,1.046336293220520020e+00,-1.112044620513916016e+01
1.121360212564468384e-01,-8.733614534139633179e-02,7.694968953728675842e-03,5.152446627616882324e-01,-5.759482979774475098e-01,-1.498900127410888672e+01
1.000614315271377563e-01,-1.372231245040893555e-01,3.410976380109786987e-02,1.158616542816162109e+00,3.625318706035614014e-01,-1.718975448608398438e+01
1.021516621112823486e-01,-8.720163255929946899e-02,2.393044531345367432e-03,-9.426441192626953125e-01,-1.732737421989440918e+00,-1.329290008544921875e+01
1.117682829499244690e-01,-6.144415959715843201e-02,3.514264523983001709e-02,3.956992864608764648e+00,5.580518841743469238e-01,-9.721242904663085938e+00
2.537292242050170898e-01,-6.626427918672561646e-02,1.296203583478927612e-03,4.073815643787384033e-01,1.355473637580871582e+00,-9.305888175964355469e+00
1.646598875522613525e-01,9.516140446066856384e-03,3.290639072656631470e-02,1.111426725983619690e-01,-4.853999137878417969e+00,-4.913760185241699219e+00
