6.517262011766433716e-02,3.227635286748409271e-03,9.482800960540771484e-03,1.424499511718750000e+00,5.148901343345642090e-01,-1.940210759639739990e-01
1.554003655910491943e-01,5.279036611318588257e-02,-1.275714673101902008e-02,-1.282372772693634033e-01,2.025188207626342773e+00,8.066052198410034180e-01
1.678425818681716919e-01,3.876591101288795471e-02,-1.210249774158000946e-02,-2.721680402755737305e+00,-2.354553937911987305e+00,-5.855225920677185059e-01
2.861976921558380127e-01,-2.535955607891082764e-02,1.472995616495609283e-02,-2.612736523151397705e-01,-2.868679761886596680e+00,3.253018379211425781e+00
1.431407034397125244e-01,-2.372059039771556854e-02,-6.576953455805778503e-03,1.288821220397949219e+00,2.779168844223022461e+00,1.368285655975341797e+00
2.393803447484970093e-01,9.484233334660530090e-03,1.776080951094627380e-02,1.770879745483398438e+00,-1.498848080635070801e+00,-6.284358024597167969e+00
1.638064682483673096e-01,-7.556259632110595703e-03,1.721426844596862793e-03,1.623642921447753906e+00,9.033960103988647461e-01,-3.143283128738403320e+00
3.063443899154663086e-01,1.807462424039840698e-02,-1.602065749466419220e-02,-2.292928934097290039e+00,-2.651294946670532227e+00,1.911841630935668945e+00
3.122492432594299316e-01,-1.319788023829460144e-02,4.042046144604682922e-02,-1.232802033424377441e+00,2.093198895454406738e-01,2.967139482498168945e+00
2.822918295860290527e-01,2.290982566773891449e-02,-3.471554443240165710e-02,1.690187752246856689e-01,1.701858520507812500e+00,-2.559310495853424072e-01
1.650069802999496460e-01,-2.010221034288406372e-02,2.966054901480674744e-02,1.290110230445861816e+00,6.696505546569824219e-01,-1.724168539047241211e+00
2.691361308097839355e-01,-2.262417972087860107e-02,2.077073976397514343e-02,1.666658401489257812e+00,5.782947540283203125e-01,2.306918144226074219e+00
2.243897467851638794e-01,-4.902868345379829407e-02,-4.555862396955490112e-04,-1.772669672966003418e+00,-1.381757497787475586e+00,2.394659042358398438e+00
1.884544491767883301e-01,-1.954286918044090271e-02,1.607878878712654114e-02,6.294767856597900391e-01,8.720611333847045898e-01,2.058700084686279297e+00
3.077613711357116699e-01,-3.006768040359020233e-02,-7.125010713934898376e-03,-1.134803771972656250e+00,1.249824166297912598e+00,-1.936015129089355469e+00
2.606671750545501709e-01,-5.622623115777969360e-02,7.512336224317550659e-02,-3.794212341308593750e-01,-3.659162521362304688e+00,-3.749812126159667969e+00
3.389315009117126465e-01,1.157181896269321442e-02,-6.288738548755645752e-02,3.072128772735595703e+00,1.922154188156127930e+00,2.717956066131591797e+00
1.947618424892425537e-01,-4.114314541220664978e-02,2.644354291260242462e-02,-3.931912779808044434e-01,-3.095685839653015137e-01,2.620864629745483398e+00
2.311527132987976074e-01,-6.279592216014862061e-02,-8.405016735196113586e-03,2.204542160034179688e+00,9.298865199089050293e-01,-3.041688799858093262e-01
2.475714683532714844e-01,-2.903237566351890564e-02,1.759586483240127563e-02,-4.410096406936645508e-01,-7.404698729515075684e-01,-2.755335807800292969e+00
2.496200054883956909e-01,-4.473948478698730469e-02,9.845025837421417236e-03,1.257025718688964844e+00,-2.174987494945526123e-01,-2.754459619522094727e+00
2.524112462997436523e-01,-3.088407590985298157e-02,6.527831777930259705e-03,-1.899638175964355469e+00,-1.575296968221664429e-01,1.077574491500854492e+00
2.193325757980346680e-01,-2.552606351673603058e-02,-4.698244854807853699e-03,-1.756685256958007812e+00,6.677774190902709961e-01,-1.221422314643859863e+00
1.706642508506774902e-01,-1.215158123522996902e-02,2.421282231807708740e-03,8.657449483871459961e-01,-2.055381059646606445e+00,-3.312984704971313477e+00
1.903069764375686646e-01,-2.271101623773574829e-02,-5.350001156330108643e-03,1.836333036422729492e+00,-8.763192594051361084e-02,-4.702946662902832031e+00
2.027125358581542969e-01,-1.541532762348651886e-02,2.232372760772705078e-03,-3.121841698884963989e-02,4.461749196052551270e-01,-3.430323123931884766e+00
3.102499246597290039e-01,-9.814574569463729858e-02,5.248431116342544556e-02,7.543443441390991211e-01,-8.989770412445068359e-01,-6.965210914611816406e+00
1.508279144763946533e-01,-5.038612708449363708e-02,5.825057625770568848e-03,-1.423002839088439941e+00,1.022930860519409180e+00,-8.065482139587402344e+00
1.736471951007843018e-01,-3.718439862132072449e-02,-3.127884119749069214e-04,-6.670637726783752441e-01,-1.112262368202209473e+00,-9.438241958618164062e+00
2.245449423789978027e-01,-9.544610232114791870e-02,3.120080195367336273e-02,4.955480694770812988e-01,-1.359815001487731934e+00,-1.257468986511230469e+01
1.482456326484680176e-01,-3.405182063579559326e-02,-3.527607023715972900e-02,-6.437279284000396729e-03,9.017844796180725098e-01,-1.032258033752441406e+01
2.010732293128967285e-01,3.413177095353603363e-03,1.403657812625169754e-02,1.370559334754943848e+00,-2.438492298126220703e+00,-4.148779869079589844e+00
2.292046844959259033e-01,-7.504422217607498169e-02,4.115175455808639526e-03,1.683534264564514160e+00,2.219318389892578125e+00,-4.862070083618164062e+00
1.563801467418670654e-01,-2.814161777496337891e-02,4.719980061054229736e-04,4.459595680236816406e-01,-2.342210769653320312e+00,-8.043109893798828125e+00
2.428687065839767456e-01,-3.452226519584655762e-02,5.508668720722198486e-03,7.240436971187591553e-03,3.068941831588745117e-01,-9.219410896301269531e+00
1.592837423086166382e-01,6.888475734740495682e-03,-3.143133595585823059e-03,-2.818349123001098633e+00,1.034969538450241089e-01,-1.559054613113403320e+00
2.653286159038543701e-01,-2.934116870164871216e-02,2.222440205514431000e-02,-1.284376382827758789e+00,-4.470516681671142578e+00,2.153124809265136719e+00
1.917306780815124512e-01,-2.673580497503280640e-02,-3.184524923563003540e-02,-1.790018528699874878e-01,1.498044848442077637e+00,-6.351237297058105469e-01
1.796668320894241333e-01,-2.452510222792625427e-02,1.227480173110961914e-02,-3.934557139873504639e-01,-1.506937265396118164e+00,-1.232035398483276367e+00
2.782871723175048828e-01,1.617761887609958649e-02,-7.262503728270530701e-03,2.230975151062011719e+00,4.470764994621276855e-01,-6.781672835350036621e-01
2.102185487747192383e-01,-6.054921541363000870e-03,2.782249823212623596e-03,-5.364480614662170410e-01,-2.333078622817993164e+00,2.387957334518432617e+00
2.362436354160308838e-01,-4.751926660537719727e-02,3.126666694879531860e-02,1.102046728134155273e+00,2.434406131505966187e-01,2.804640054702758789e+00
2.008554041385650635e-01,-7.077231071889400482e-03,-1.218269579112529755e-02,-8.366842865943908691e-01,2.417115211486816406e+00,-2.841221094131469727e+00
2.749648392200469971e-01,-5.360938608646392822e-03,8.001225069165229797e-03,8.643013834953308105e-01,-1.095989942550659180e+00,-7.107867240905761719e+00
1.906284838914871216e-01,3.687740117311477661e-02,-1.948519609868526459e-02,2.871721982955932617e-01,7.609499692916870117e-01,4.571004509925842285e-01
2.258332222700119019e-01,2.822155365720391273e-04,1.469477545469999313e-02,-6.343564987182617188e-01,-7.850093245506286621e-01,2.512334585189819336e+00
2.486183345317840576e-01,-4.102931171655654907e-02,-1.022571139037609100e-02,-3.879192769527435303e-01,2.334845781326293945e+00,4.558786451816558838e-01
1.952543705701828003e-01,1.960703358054161072e-02,-2.817741222679615021e-02,-1.536768376827239990e-01,8.103882074356079102e-01,-1.750102043151855469e+00
1.679559797048568726e-01,-1.644909195601940155e-02,1.333083398640155792e-02,9.589939117431640625e-01,-2.610294342041015625e+00,-4.569369316101074219e+00
2.124730944633483887e-01,1.540070399641990662e-03,-1.383759453892707825e-02,-1.520744323730468750e+00,1.930997371673583984e+00,-1.249149918556213379e+00
3.260655999183654785e-01,1.885106414556503296e-02,1.760580576956272125e-02,-3.688679218292236328e+00,-1.621600270271301270e+00,3.068489789962768555e+00
2.456639558076858521e-01,-1.602298393845558167e-02,-5.484426394104957581e-03,2.013490915298461914e+00,2.141141891479492188e+00,-4.442911148071289062e-01
2.397737801074981689e-01,-3.319143131375312805e-02,2.329703420400619507e-03,4.629017412662506104e-01,-1.690007567405700684e+00,-4.198466300964355469e+00
2.479761540889739990e-01,2.446139045059680939e-02,3.089847974479198456e-02,2.303485631942749023e+00,5.316756963729858398e-01,8.580005168914794922e-01
2.011965662240982056e-01,-3.874917980283498764e-03,-1.985230110585689545e-02,6.791159510612487793e-01,-1.984457850456237793e+00,2.102308988571166992e+00
3.517668843269348145e-01,1.792496442794799805e-02,1.402020640671253204e-02,-8.177464008331298828e-01,-1.901933431625366211e+00,6.036388397216796875e+00
2.043723613023757935e-01,-1.543511264026165009e-02,9.586269035935401917e-03,7.325455546379089355e-03,2.750311613082885742e+00,2.539944052696228027e-01
1.185831129550933838e-01,-5.682502407580614090e-03,4.261448979377746582e-03,-1.088699221611022949e+00,-4.753935635089874268e-01,-3.399566650390625000e+00
1.757518202066421509e-01,-3.070396836847066879e-03,4.346271976828575134e-03,2.515770196914672852e+00,2.300120890140533447e-01,1.303005695343017578e+00
2.455582767724990845e-01,-1.944976486265659332e-02,9.419125504791736603e-03,6.830927729606628418e-01,-4.767889380455017090e-01,2.889468431472778320e+00
1.849137395620346069e-01,-2.880493178963661194e-03,1.039149239659309387e-02,1.467707157135009766e+00,-1.112974882125854492e+00,-1.254961490631103516e-01
2.077648341655731201e-01,-5.708065629005432129e-02,4.197074472904205322e-02,-3.201512992382049561e-01,2.486282110214233398e+00,-5.592214584350585938e+00
1.757102012634277344e-01,2.695700526237487793e-02,-1.235406287014484406e-02,-5.574188232421875000e-01,-2.125013113021850586e+00,-7.486886978149414062e+00
2.108456790447235107e-01,1.095763593912124634e-02,1.845122314989566803e-02,2.951593637466430664e+00,6.569057106971740723e-01,-3.822900533676147461e+00
1.960939615964889526e-01,2.151699271053075790e-03,7.912702858448028564e-04,-8.732564747333526611e-02,3.960087299346923828e-01,-3.170436620712280273e+00
2.327249050140380859e-01,-1.624087803065776825e-02,-1.785730384290218353e-02,-4.745740592479705811e-01,-1.880807161331176758e+00,-5.617413520812988281e+00
1.437157243490219116e-01,-2.103174477815628052e-02,-9.988991543650627136e-03,9.120059013366699219e-01,2.027560234069824219e+00,-7.644036293029785156e+00
2.011784464120864868e-01,-7.869745045900344849e-02,3.700111061334609985e-03,-9.891449213027954102e-01,-1.258778572082519531e+00,-8.635011672973632812e+00
1.493986546993255615e-01,-2.381431683897972107e-02,8.026467636227607727e-03,-1.192409515380859375e+00,1.850892454385757446e-01,-5.060328483581542969e+00
1.913097053766250610e-01,-1.913082785904407501e-02,-2.491530589759349823e-02,-2.189867645502090454e-01,-1.031539320945739746e+00,-1.915773510932922363e+00
1.818939149379730225e-01,-6.069961562752723694e-02,-1.124443672597408295e-02,-3.974538087844848633e+00,-1.768300890922546387e+00,-4.285538673400878906e+00
1.701288670301437378e-01,-3.436843305826187134e-02,7.630793377757072449e-03,-8.030442595481872559e-01,1.601320981979370117e+00,-3.692737579345703125e+00
2.016362845897674561e-01,-7.692871242761611938e-02,6.007244810461997986e-03,-1.119074150919914246e-01,2.521701812744140625e+00,-7.786982536315917969e+00
2.081241905689239502e-01,-6.119000911712646484e-02,8.752975612878799438e-03,-1.384845972061157227e-01,2.446682006120681763e-01,-8.317094802856445312e+00
1.756784319877624512e-01,4.047347605228424072e-02,-3.887021914124488831e-03,-1.630158543586730957e+00,-5.740336775779724121e-01,-1.784353375434875488e+00
2.998990714550018311e-01,-3.248671069741249084e-02,2.975288778543472290e-03,-2.748810291290283203e+00,-2.385945320129394531e+00,7.141858100891113281e+00
2.118569761514663696e-01,-1.967085897922515869e-02,2.852481417357921600e-02,-4.475859105587005615e-01,1.155520200729370117e+00,7.826109409332275391e+00
1.844594478607177734e-01,-3.343251720070838928e-02,2.643644809722900391e-03,2.883937835693359375e+00,1.905110478401184082e+00,4.853137969970703125e+00
1.901103258132934570e-01,6.006692536175251007e-03,3.425950184464454651e-02,-5.123973488807678223e-01,-3.453245162963867188e-01,1.676620721817016602e+00
2.394671738147735596e-01,-2.374003827571868896e-02,5.021034181118011475e-02,-5.726296454668045044e-03,-3.823605775833129883e-01,3.182279348373413086e+00
1.964611113071441650e-01,8.526914753019809723e-03,-6.842477247118949890e-03,-6.480213403701782227e-01,-2.656252384185791016e+00,1.547745704650878906e+00
1.544726192951202393e-01,-3.558247536420822144e-02,-2.781283110380172729e-04,1.467737197875976562e+00,8.222759962081909180e-01,-3.475943207740783691e-01
2.144270837306976318e-01,-5.148907750844955444e-02,-1.645724289119243622e-02,-1.433848738670349121e-01,-9.953546524047851562e-01,-9.689403533935546875e+00
2.050672322511672974e-01,-5.227318406105041504e-02,2.443697303533554077e-04,-1.159122064709663391e-01,-5.253083109855651855e-01,-9.735175132751464844e+00
1.685393303632736206e-01,-1.099820248782634735e-02,-9.797962382435798645e-03,-1.315436363220214844e-01,2.990076839923858643e-01,-2.971768379211425781e+00
1.877686381340026855e-01,-2.144535072147846222e-02,3.601318225264549255e-03,-9.306101202964782715e-01,-9.034238010644912720e-02,-4.814557075500488281e+00
1.969002932310104370e-01,-6.581299006938934326e-02,-1.739872433245182037e-02,-4.999551773071289062e-01,3.677540063858032227e+00,-9.126413345336914062e+00
2.098274081945419312e-01,-6.341572850942611694e-02,7.061158865690231323e-02,9.814308285713195801e-01,-8.263951539993286133e-01,-8.306446075439453125e+00
2.523247599601745605e-01,-2.094437368214130402e-02,1.667173765599727631e-02,8.897872567176818848e-01,6.519923210144042969e-01,-3.910254001617431641e+00
2.036197781562805176e-01,-4.071308299899101257e-02,-4.858758300542831421e-03,9.769455194473266602e-01,-1.519563674926757812e+00,-1.186329483985900879e+00
2.134865522384643555e-01,-2.720256708562374115e-02,1.317737996578216553e-02,-9.894783496856689453e-01,-7.091765999794006348e-01,-4.654972255229949951e-01
2.428756654262542725e-01,-7.542055845260620117e-02,-1.080641336739063263e-02,3.931325376033782959e-01,1.440793752670288086e+00,-3.327800273895263672e+00
2.519872784614562988e-01,-4.082086682319641113e-02,7.906129583716392517e-03,3.246289193630218506e-01,-1.318612813949584961e+00,-3.164416313171386719e+00
1.800816506147384644e-01,5.438194610178470612e-03,1.374526135623455048e-02,-1.546733260154724121e+00,4.840202033519744873e-01,-2.533663034439086914e+00
2.049283087253570557e-01,1.393619179725646973e-02,-2.028403617441654205e-02,-1.584024786949157715e+00,-3.292808532714843750e+00,-1.675134897232055664e-01
2.103003561496734619e-01,-4.701695591211318970e-02,5.207689478993415833e-03,-1.874199032783508301e+00,7.576783895492553711e-01,-1.888204693794250488e+00
2.366381287574768066e-01,-6.021647527813911438e-02,-1.137104444205760956e-02,-4.159639179706573486e-01,-6.788403391838073730e-01,-5.479402542114257812e+00
1.903348565101623535e-01,6.112321279942989349e-03,-3.337455913424491882e-03,2.065673351287841797e+00,1.499402284622192383e+00,-6.644092559814453125e+00
2.167920768260955811e-01,-3.978167474269866943e-02,-2.578084357082843781e-02,5.219051837921142578e-01,1.582454323768615723e+00,-7.944159507751464844e+00
2.077601253986358643e-01,-4.700905829668045044e-02,3.580644726753234863e-03,-9.813076853752136230e-01,-5.831879377365112305e-01,-7.883400917053222656e+00
1.548320353031158447e-01,-3.704720735549926758e-02,-4.869868978857994080e-03,9.480907917022705078e-01,1.245231747627258301e+00,-8.141610145568847656e+00
1.680657714605331421e-01,-3.612725809216499329e-02,-1.028960384428501129e-02,-4.950761795043945312e-01,-1.480851888656616211e+00,-1.080588912963867188e+01
1.683136373758316040e-01,-2.852968685328960419e-02,3.090652823448181152e-02,2.120225429534912109e-01,6.275099515914916992e-01,-1.110410404205322266e+01
2.104532569646835327e-01,-1.030795723199844360e-01,3.393180668354034424e-04,-1.456417083740234375e+00,-8.976394534111022949e-01,-4.122172355651855469e+00
1.911553144454956055e-01,-1.600334420800209045e-02,2.651995606720447540e-02,-9.262614846229553223e-01,-1.807712554931640625e+00,-1.880847334861755371e+00
2.085807770490646362e-01,-5.645255744457244873e-02,-3.356948494911193848e-03,-3.221587836742401123e-01,2.708271980285644531e+00,-2.095471858978271484e+00
1.926577240228652954e-01,2.973435679450631142e-03,-1.804358325898647308e-02,7.040017247200012207e-01,4.857825934886932373e-01,-3.989012479782104492e+00
2.172224819660186768e-01,-7.180812302976846695e-03,-8.462453261017799377e-03,6.935615539550781250e-01,5.886713266372680664e-01,-3.127463102340698242e+00
1.899173408746719360e-01,1.119167730212211609e-02,-3.770804405212402344e-02,3.455551713705062866e-02,-1.269983291625976562e+00,7.668830752372741699e-01
2.504765987396240234e-01,-2.906232699751853943e-02,6.778309121727943420e-03,-1.618628501892089844e+00,2.698923349380493164e+00,2.394246816635131836e+00
1.926724314689636230e-01,-2.786607295274734497e-02,3.277454525232315063e-04,1.280394554138183594e+00,1.183640360832214355e+00,9.824639558792114258e-01
2.075484693050384521e-01,-4.447658360004425049e-02,3.567130118608474731e-02,-5.283234715461730957e-01,-7.527297735214233398e-01,-3.315487861633300781e+00
2.154505550861358643e-01,-1.821040525101125240e-03,3.836696594953536987e-02,1.359107971191406250e+00,1.736368238925933838e-01,-7.712126970291137695e-01
2.151018381118774414e-01,1.111757941544055939e-02,-7.908197119832038879e-03,-3.367753326892852783e-01,-2.359432458877563477e+00,1.791322946548461914e+00
2.076306492090225220e-01,-1.421052962541580200e-03,4.297767579555511475e-02,6.169253587722778320e-02,9.829353690147399902e-01,3.141753375530242920e-01
1.844031363725662231e-01,-6.932151317596435547e-02,-4.797017201781272888e-03,-1.904244720935821533e-01,2.449194908142089844e+00,-1.662466049194335938e+00
2.172984778881072998e-01,9.399597765877842903e-04,2.700975351035594940e-02,-2.547996044158935547e+00,-1.072324812412261963e-01,-3.740033864974975586e+00
2.663080692291259766e-01,-4.513605497777462006e-03,-4.008116200566291809e-03,6.511475443840026855e-01,1.236968278884887695e+00,-1.134879112243652344e+00
1.989206671714782715e-01,-4.474229179322719574e-03,-9.202690795063972473e-03,-2.252575874328613281e+00,-2.573161363601684570e+00,1.043011903762817383e+00
2.130824327468872070e-01,-2.600350417196750641e-02,2.521143481135368347e-02,-2.247173547744750977e+00,-1.375917643308639526e-01,1.226193666458129883e+00
2.398564517498016357e-01,-4.688429087400436401e-02,-2.457588724792003632e-02,1.307528257369995117e+00,1.429869174957275391e+00,-1.432608962059020996e+00
1.906328052282333374e-01,6.347235757857561111e-03,3.760537132620811462e-03,4.600088298320770264e-01,-5.229854583740234375e-01,-2.048811197280883789e+00
2.200773805379867554e-01,-4.273889213800430298e-02,-2.448447607457637787e-02,7.297376394271850586e-01,1.996759921312332153e-01,-1.780708909034729004e+00
3.207039535045623779e-01,2.811770699918270111e-02,3.257373347878456116e-03,-4.077303409576416016e-01,-1.878412604331970215e+00,2.094888687133789062e+00
1.794527322053909302e-01,-2.200672216713428497e-02,1.278409268707036972e-02,-4.797844961285591125e-02,1.290791153907775879e+00,7.105195522308349609e-01
2.195296734571456909e-01,1.241675578057765961e-02,-1.474129967391490936e-02,-2.696709632873535156e+00,-4.390719234943389893e-01,-5.026609420776367188e+00
1.804631203413009644e-01,2.255756594240665436e-02,2.044836059212684631e-02,-1.642942428588867188e-01,1.942129135131835938e-01,-1.074437379837036133e+00
2.288755178451538086e-01,-4.958938807249069214e-03,2.529103122651576996e-02,-1.399210810661315918e+00,-1.101945042610168457e+00,-4.328385353088378906e+00
1.776861846446990967e-01,-1.507100462913513184e-02,1.732887327671051025e-02,-5.592712163925170898e-01,-2.736673057079315186e-01,-5.278551101684570312e+00
2.008133977651596069e-01,-6.327804177999496460e-02,1.263130921870470047e-02,1.199912190437316895e+00,1.050411939620971680e+00,-6.691772460937500000e+00
1.256950050592422485e-01,-5.142370238900184631e-02,1.012378744781017303e-02,8.140302300453186035e-01,7.003958821296691895e-01,-1.285974407196044922e+01
9.222347289323806763e-02,-7.909657806158065796e-02,3.271100670099258423e-02,3.950868546962738037e-01,5.355810523033142090e-01,-2.180532073974609375e+01
1.798723042011260986e-01,-1.026149839162826538e-01,2.502057887613773346e-02,1.489785909652709961e-01,8.358551561832427979e-02,-1.751192092895507812e+01
1.596713066101074219e-01,-8.510427176952362061e-02,-2.653189003467559814e-03,3.414780199527740479e-01,-3.782185912132263184e-01,-1.659835815429687500e+01
1.203804761171340942e-01,-6.564611941576004028e-02,2.014834433794021606e-03,1.048736929893493652e+00,1.268964171409606934e+00,-1.553538608551025391e+01
1.730613559484481812e-01,-1.373868435621261597e-01,1.034682616591453552e-03,1.833555579185485840e+00,-6.503621339797973633e-01,-1.717593383789062500e+01
1.315099000930786133e-01,-1.563689298927783966e-02,4.785107448697090149e-03,9.102470874786376953e-01,-1.510653644800186157e-01,-9.604619026184082031e+00
1.400619447231292725e-01,-3.366604074835777283e-02,-3.267278894782066345e-03,-2.507685124874114990e-01,-3.801465332508087158e-01,-1.139453220367431641e+01
1.932927817106246948e-01,-2.711168490350246429e-02,-1.007459126412868500e-02,-1.305291295051574707e+00,-6.807496547698974609e-01,-3.706535577774047852e+00
1.864976733922958374e-01,-2.073860913515090942e-02,1.388720981776714325e-02,-3.006202578544616699e-01,1.311023354530334473e+00,-2.839580059051513672e+00
1.652962267398834229e-01,-1.417928002774715424e-02,1.026118174195289612e-03,1.554437577724456787e-01,6.175488978624343872e-02,-4.730834007263183594e+00
2.391160130500793457e-01,-2.931585535407066345e-02,-3.022579476237297058e-03,6.555161476135253906e-01,-1.216176003217697144e-01,-3.174598693847656250e+00
1.979883909225463867e-01,-2.675328962504863739e-02,-4.719763994216918945e-03,6.331174373626708984e-01,-3.203871250152587891e-01,-4.102346897125244141e-01
2.340749800205230713e-01,-2.593048475682735443e-02,2.283224463462829590e-02,-9.505550861358642578e-01,-5.610549449920654297e-01,1.036280035972595215e+00
1.860400736331939697e-01,1.866509905084967613e-03,7.571095600724220276e-03,1.976811736822128296e-01,2.248345613479614258e+00,-6.009753346443176270e-01
2.179346233606338501e-01,-7.013484835624694824e-03,-5.092211067676544189e-04,-1.891438961029052734e+00,-2.191213369369506836e+00,-1.978990435600280762e+00
2.424990832805633545e-01,1.239144895225763321e-02,2.697510272264480591e-02,1.740028381347656250e+00,-2.281308174133300781e-02,4.794353485107421875e+00
2.105935961008071899e-01,3.094867989420890808e-02,2.228681929409503937e-02,-3.994777798652648926e-01,-3.235886394977569580e-01,7.161963462829589844e+00
2.214070260524749756e-01,3.280873596668243408e-02,4.355695843696594238e-02,-9.781318306922912598e-01,-1.478407859802246094e+00,8.751239776611328125e+00
2.084184736013412476e-01,1.563481613993644714e-02,6.171178072690963745e-03,3.516291379928588867e-01,2.239411473274230957e-01,9.854397773742675781e+00
2.081281095743179321e-01,3.942983970046043396e-02,8.355697616934776306e-03,-1.621239185333251953e-01,-1.542062759399414062e+00,6.412712097167968750e+00
2.579227089881896973e-01,8.765491098165512085e-02,2.625458501279354095e-02,6.519889831542968750e-01,-1.539743661880493164e+00,1.748407554626464844e+01
1.847466528415679932e-01,-2.910201903432607651e-03,-2.520957961678504944e-03,-1.988206624984741211e+00,-1.517951965332031250e+00,9.049275398254394531e+00
2.698497176170349121e-01,7.965189218521118164e-02,-4.632590338587760925e-03,2.222261577844619751e-01,-7.409121990203857422e-01,1.480463314056396484e+01
1.797859668731689453e-01,2.840164490044116974e-02,-4.698263481259346008e-03,4.579464197158813477e-01,4.793592095375061035e-01,5.055182456970214844e+00
2.339706718921661377e-01,2.874428592622280121e-02,2.783473581075668335e-02,7.399337291717529297e-01,-2.660731673240661621e-01,5.984821796417236328e+00
1.683786362409591675e-01,3.344829753041267395e-02,-3.078931942582130432e-03,2.657860279083251953e+00,-2.222701907157897949e-01,8.558816909790039062e+00
2.140164822340011597e-01,3.401645645499229431e-02,-7.701730355620384216e-03,-1.447891235351562500e+00,-1.113749027252197266e+00,1.266127204895019531e+01
1.978569775819778442e-01,-1.244429498910903931e-02,1.573710143566131592e-02,-1.261672019958496094e+00,-1.311954259872436523e+00,9.943964004516601562e+00
1.862869858741760254e-01,5.085823312401771545e-02,-1.084845326840877533e-02,1.182642459869384766e+00,-2.645741403102874756e-02,1.014768218994140625e+01
1.995641589164733887e-01,6.097527220845222473e-03,9.176265448331832886e-04,-1.734008550643920898e+00,-1.608618497848510742e+00,3.902863025665283203e+00
2.568668127059936523e-01,9.449330717325210571e-02,-1.733117736876010895e-02,-4.807943105697631836e-01,-2.104809045791625977e+00,7.748343467712402344e+00
2.164939492940902710e-01,-6.530571263283491135e-03,-7.076619192957878113e-03,2.674889802932739258e+00,1.227744102478027344e+00,7.756180286407470703e+00
2.096817195415496826e-01,7.198781520128250122e-02,1.952696405351161957e-02,-4.536714553833007812e-01,-2.585671901702880859e+00,8.928327560424804688e+00
1.546427458524703979e-01,-3.213196992874145508e-03,2.193954586982727051e-02,1.154527544975280762e+00,4.511759877204895020e-01,2.324043273925781250e+00
1.533126980066299438e-01,-2.702412568032741547e-02,-1.462036930024623871e-02,1.139104127883911133e+00,1.304180622100830078e+00,-4.760975837707519531e+00
1.340799927711486816e-01,-2.929653506726026535e-03,1.117680873721837997e-02,2.002753734588623047e+00,9.916279315948486328e-01,-1.063682365417480469e+01
2.018053829669952393e-01,-2.278247661888599396e-02,1.876959204673767090e-02,1.793042272329330444e-01,2.436434984207153320e+00,-4.544602870941162109e+00
1.543994545936584473e-01,2.758726291358470917e-02,8.198697119951248169e-03,-4.471004009246826172e+00,-1.738932728767395020e+00,2.124644756317138672e+00
1.997224539518356323e-01,2.667477726936340332e-02,4.533345997333526611e-02,-3.742018461227416992e+00,-1.661467432975769043e+00,4.816595077514648438e+00
1.865053325891494751e-01,1.337012648582458496e-02,3.901025280356407166e-03,-1.725908219814300537e-01,-2.175197601318359375e-01,2.795957960188388824e-02
2.203879654407501221e-01,3.777584806084632874e-02,2.177304774522781372e-02,1.538942813873291016e+00,-1.704188436269760132e-01,2.716360330581665039e+00
1.982868015766143799e-01,1.973273605108261108e-02,1.794841885566711426e-02,2.058651208877563477e+00,-2.166800737380981445e+00,8.849616050720214844e+00
1.532186716794967651e-01,5.832591094076633453e-03,7.327733561396598816e-03,3.305546045303344727e-01,-2.346721887588500977e+00,8.745433807373046875e+00
2.813549637794494629e-01,4.868698120117187500e-02,-2.652809210121631622e-02,2.328366935253143311e-01,1.461479783058166504e+00,1.238777637481689453e+01
1.817585527896881104e-01,1.445034239441156387e-02,-4.374856129288673401e-03,1.782522082328796387e+00,1.684728980064392090e+00,6.723350524902343750e+00
2.520676255226135254e-01,1.956007070839405060e-02,1.519706938415765762e-02,-1.715658664703369141e+00,-1.136642098426818848e+00,4.340735435485839844e+00
1.684900522232055664e-01,3.963967785239219666e-02,-1.003103516995906830e-02,-2.436028242111206055e+00,-2.291984796524047852e+00,9.376275062561035156e+00
2.949611842632293701e-01,9.259613230824470520e-03,-1.145847700536251068e-02,-1.811212152242660522e-01,-2.242028951644897461e+00,1.506057357788085938e+01
2.539133727550506592e-01,3.542783111333847046e-02,1.043524034321308136e-02,-7.863205391913652420e-04,-2.418184041976928711e+00,1.132398509979248047e+01
1.965148001909255981e-01,4.881046339869499207e-02,-7.245304062962532043e-03,7.814598083496093750e-01,-1.497673869132995605e+00,5.607359886169433594e+00
1.656955629587173462e-01,2.283998765051364899e-02,-1.286003552377223969e-02,4.393632709980010986e-01,6.636126041412353516e-01,2.553477764129638672e+00
2.322134226560592651e-01,4.839249327778816223e-02,1.305368915200233459e-02,2.663440227508544922e+00,-1.363377124071121216e-01,2.480059146881103516e+00
1.875758767127990723e-01,2.181060239672660828e-02,1.730925776064395905e-02,1.662743806838989258e+00,1.646618723869323730e+00,3.266883850097656250e+00
2.899498343467712402e-01,4.807221516966819763e-02,2.018536627292633057e-02,-9.955167770385742188e-01,-3.044531345367431641e+00,5.203609466552734375e+00
1.934832632541656494e-01,-3.793082013726234436e-02,1.494264230132102966e-03,2.888167202472686768e-01,3.478878498077392578e+00,1.406859159469604492e+00
2.525786161422729492e-01,-3.838819265365600586e-02,-1.467474363744258881e-02,2.006778120994567871e-01,6.971487402915954590e-01,-2.596273899078369141e+00
3.074193000793457031e-01,1.081024203449487686e-02,4.434493184089660645e-02,7.712057828903198242e-01,-1.135320961475372314e-02,2.582170248031616211e+00
2.436083257198333740e-01,8.117780089378356934e-03,2.503721602261066437e-02,-1.789596557617187500e+00,-7.612031102180480957e-01,5.808720588684082031e+00
1.939480900764465332e-01,2.224159240722656250e-02,-2.520220540463924408e-02,-3.408133506774902344e+00,-3.997313737869262695e+00,1.609205007553100586e+00
2.109977304935455322e-01,-1.412778161466121674e-03,3.529462218284606934e-02,1.477010846138000488e+00,4.259341239929199219e+00,3.122647762298583984e+00
2.047711014747619629e-01,4.877464380115270615e-03,3.293912857770919800e-03,2.156385898590087891e+00,2.547285795211791992e+00,5.916543006896972656e-01
2.113302350044250488e-01,-2.770281955599784851e-02,1.885319873690605164e-02,1.428185820579528809e+00,8.585554361343383789e-01,-1.583846569061279297e+00
2.104708552360534668e-01,-2.298212796449661255e-02,2.592668496072292328e-02,3.187573909759521484e+00,5.062046647071838379e-01,-2.127543687820434570e+00
2.181200534105300903e-01,-6.385313719511032104e-02,4.768572747707366943e-02,-7.788076996803283691e-01,-3.358862876892089844e+00,-6.729350090026855469e+00
1.617420911788940430e-01,-2.444140240550041199e-02,3.730535879731178284e-02,2.861224651336669922e+00,-3.975841999053955078e-01,-1.259370040893554688e+01
1.454631686210632324e-01,-2.915699407458305359e-02,1.205177977681159973e-03,-2.637413740158081055e+00,3.203554749488830566e-01,-1.533706760406494141e+01
1.417593508958816528e-01,-7.796500623226165771e-02,1.081250421702861786e-02,-1.177650332450866699e+00,6.598066091537475586e-01,-1.567792797088623047e+01
1.578786969184875488e-01,-6.042416766285896301e-02,1.090987958014011383e-02,1.700243353843688965e+00,1.009627223014831543e+00,-1.798786735534667969e+01
2.353381067514419556e-01,-9.220167994499206543e-02,-7.803248241543769836e-03,-3.002527713775634766e+00,-3.665273427963256836e+00,-7.590994834899902344e+00
2.676662802696228027e-01,-6.532023102045059204e-02,-8.087830618023872375e-03,4.267610237002372742e-02,-7.299299836158752441e-01,-7.965277433395385742e-01
2.228188961744308472e-01,-4.212683811783790588e-02,-2.759634144604206085e-02,1.796388745307922363e+00,7.700194716453552246e-01,-2.718198299407958984e+00
1.674068123102188110e-01,-1.627980545163154602e-02,2.821527980268001556e-02,-4.829226434230804443e-01,-1.011943221092224121e+00,-4.124338150024414062e+00
1.732958853244781494e-01,-7.887091487646102905e-03,1.906473189592361450e-04,4.124074578285217285e-01,7.030221223831176758e-01,-5.505967140197753906e+00
2.467657774686813354e-01,-3.065023571252822876e-02,-8.362067863345146179e-03,-1.347171306610107422e+00,-3.159453630447387695e+00,-3.190431356430053711e+00
2.687535285949707031e-01,-5.217651277780532837e-02,1.258686743676662445e-02,9.792267084121704102e-01,-1.243188500404357910e+00,-2.947086572647094727e+00
2.035931646823883057e-01,-3.837148100137710571e-02,-1.598880998790264130e-02,3.158362805843353271e-01,1.731918811798095703e+00,-7.467730522155761719e+00
2.359625399112701416e-01,-4.991171136498451233e-02,4.789845645427703857e-02,2.321310639381408691e-01,-1.058700323104858398e+00,-9.758894920349121094e+00
1.755742877721786499e-01,-2.040757611393928528e-02,-1.143196038901805878e-02,1.598442554473876953e+00,2.308950901031494141e+00,-1.425509548187255859e+01
1.623192429542541504e-01,-4.401181638240814209e-02,1.066057011485099792e-03,1.150733470916748047e+00,-2.198179483413696289e+00,-4.745346069335937500e+00
2.267229110002517700e-01,-7.413945347070693970e-02,4.416513442993164062e-02,-7.563771605491638184e-01,-1.008635520935058594e+00,-8.755536079406738281e+00
2.457518577575683594e-01,-1.063401550054550171e-01,6.894232705235481262e-03,-4.530855268239974976e-02,7.618460655212402344e-01,-1.105622482299804688e+01
1.984271109104156494e-01,-3.217241913080215454e-02,4.378888010978698730e-02,2.013696908950805664e+00,1.201585531234741211e+00,-9.571451187133789062e+00
1.503606587648391724e-01,4.623665008693933487e-03,-1.207557506859302521e-02,-1.116637825965881348e+00,-8.800425529479980469e-01,-4.418797492980957031e+00
2.052809000015258789e-01,7.944972254335880280e-03,-1.648126170039176941e-03,-6.763647198677062988e-01,-2.211911439895629883e+00,-2.001823425292968750e+00
2.093267738819122314e-01,2.623646333813667297e-02,3.399987146258354187e-02,4.144490361213684082e-01,1.695053100585937500e+00,-2.130099058151245117e+00
2.130316346883773804e-01,-4.235027730464935303e-02,5.299337208271026611e-03,-9.571774005889892578e-01,3.054988384246826172e-01,-4.334231376647949219e+00
1.775241196155548096e-01,-3.038530983030796051e-02,5.046073347330093384e-03,-4.214544892311096191e-01,1.369214773178100586e+00,-1.844376087188720703e+00
1.852043271064758301e-01,-1.789716258645057678e-02,1.149246376007795334e-02,8.755068480968475342e-02,-5.598456859588623047e-01,-2.776612639427185059e-01
2.619638144969940186e-01,-5.022086948156356812e-02,2.485025487840175629e-02,-1.846234083175659180e+00,-2.128723621368408203e+00,2.767698764801025391e+00
2.401733100414276123e-01,-6.386495381593704224e-02,1.978635787963867188e-02,3.464885354042053223e-01,-9.823420047760009766e-01,-7.157418131828308105e-01
2.177852094173431396e-01,-1.365501433610916138e-02,2.755176275968551636e-03,-1.548058032989501953e+00,-7.836633920669555664e-01,-5.001538276672363281e+00
2.570010423660278320e-01,-1.710986369289457798e-03,3.300736099481582642e-02,8.015707135200500488e-01,5.405158400535583496e-01,-1.581880688667297363e+00
1.459555029869079590e-01,-5.196555517613887787e-03,2.536906301975250244e-02,1.117486238479614258e+00,1.108268260955810547e+00,7.733854055404663086e-01
2.002472728490829468e-01,-2.597981877624988556e-02,-4.736403003334999084e-03,-7.186006903648376465e-01,-1.301120400428771973e+00,2.001262664794921875e+00
2.169624567031860352e-01,-3.856372088193893433e-02,1.675002276897430420e-02,-2.478531301021575928e-01,1.680952310562133789e+00,9.954742789268493652e-01
2.752097547054290771e-01,-4.445582255721092224e-02,-5.035066977143287659e-03,-1.693988740444183350e-01,-5.006886720657348633e-01,-2.617741823196411133e+00
2.138225287199020386e-01,6.312325131148099899e-03,1.265631988644599915e-03,1.676560044288635254e+00,9.713683128356933594e-01,-3.419958591461181641e+00
1.943158060312271118e-01,-1.524283830076456070e-02,3.261575475335121155e-03,1.001124024391174316e+00,-5.224393606185913086e-01,1.202814817428588867e+00
2.875584065914154053e-01,-3.550155460834503174e-02,1.377203874289989471e-02,-3.981703817844390869e-01,-2.900689601898193359e+00,1.001244306564331055e+00
2.236098200082778931e-01,-5.103024840354919434e-02,-8.095519617199897766e-03,-5.220134854316711426e-01,1.853200078010559082e+00,2.602770924568176270e-02
1.946251988410949707e-01,-8.036600425839424133e-03,1.842468231916427612e-02,-1.608841300010681152e+00,-8.781183958053588867e-01,-4.155851364135742188e+00
2.677919864654541016e-01,3.166402876377105713e-02,1.240459643304347992e-02,2.860915958881378174e-01,-4.862809181213378906e-01,-1.634951472282409668e+00
2.477082461118698120e-01,-1.565834623761475086e-03,-1.007905229926109314e-03,-9.371826052665710449e-02,9.194110631942749023e-01,-2.019003152847290039e+00
2.344953417778015137e-01,-5.276819691061973572e-03,-2.351933903992176056e-02,4.536309540271759033e-01,-1.186911106109619141e+00,-2.974859476089477539e+00
2.185289263725280762e-01,-1.509119123220443726e-01,1.459941081702709198e-02,-1.606432199478149414e+00,1.670935392379760742e+00,-9.066827774047851562e+00
2.226899266242980957e-01,-3.532553836703300476e-02,2.211507596075534821e-02,6.222628951072692871e-01,-1.401810288429260254e+00,-9.362709999084472656e+00
1.309064179658889771e-01,7.175931707024574280e-03,1.854771375656127930e-02,2.064769029617309570e+00,9.605745673179626465e-01,-8.066346168518066406e+00
2.374233454465866089e-01,-5.029350891709327698e-02,1.873167790472507477e-02,9.189022183418273926e-01,-8.397428989410400391e-01,-3.203267335891723633e+00
1.930243372917175293e-01,-9.931343793869018555e-02,1.871685497462749481e-02,-3.187012970447540283e-01,-1.248840689659118652e+00,-1.000306510925292969e+01
1.579890698194503784e-01,-8.314002305269241333e-02,2.328108809888362885e-02,6.008996367454528809e-01,1.225013375282287598e+00,-1.359377574920654297e+01
2.186250090599060059e-01,-6.928306072950363159e-02,3.503479808568954468e-02,1.264842510223388672e+00,-1.830560564994812012e+00,-1.130153560638427734e+01
2.738862633705139160e-01,4.776941612362861633e-03,2.217391505837440491e-02,1.375325322151184082e+00,1.970498442649841309e+00,-5.094008445739746094e+00
2.227571308612823486e-01,-5.051504075527191162e-02,3.273786604404449463e-02,-2.018244743347167969e+00,-2.061691999435424805e+00,2.370199918746948242e+00
2.298017889261245728e-01,-8.341704308986663818e-02,2.868493646383285522e-02,1.224649906158447266e+00,2.801384210586547852e+00,-3.074358105659484863e-01
2.187560498714447021e-01,-3.175474703311920166e-02,9.484756737947463989e-04,1.538241982460021973e+00,2.328815683722496033e-02,-4.351763725280761719e+00
2.308684736490249634e-01,-5.438583716750144958e-02,1.169854216277599335e-02,-6.625117659568786621e-01,-1.228363037109375000e+00,-1.799690723419189453e+00
1.966320276260375977e-01,1.717430911958217621e-02,6.901452317833900452e-03,1.746637225151062012e-01,-1.482460618019104004e+00,3.595665454864501953e+00
2.619951963424682617e-01,-2.168397046625614166e-02,8.824914693832397461e-03,-1.809626698493957520e+00,-2.139343738555908203e+00,4.446093082427978516e+00
2.198539078235626221e-01,-3.725656121969223022e-02,1.363364979624748230e-02,-5.842628479003906250e-01,1.623338818550109863e+00,5.320688486099243164e-01
2.056578993797302246e-01,-3.607683256268501282e-02,1.413546409457921982e-02,1.145979404449462891e+00,-1.031007692217826843e-01,-3.483974695205688477e+00
2.239758074283599854e-01,9.181343950331211090e-03,1.325800921767950058e-02,1.957086682319641113e+00,-8.693310022354125977e-01,-1.181249499320983887e+00
2.097237408161163330e-01,1.597498171031475067e-02,1.438669394701719284e-02,-7.409462928771972656e-01,-3.552693724632263184e-01,5.878087878227233887e-01
2.326671183109283447e-01,-4.948538169264793396e-02,1.050749607384204865e-02,-2.721555709838867188e+00,-1.332928180694580078e+00,-6.004856228828430176e-01
1.846302896738052368e-01,-1.726222783327102661e-02,-8.713752031326293945e-04,-1.079910397529602051e+00,2.825947761535644531e+00,-1.394666433334350586e+00
1.724412888288497925e-01,-4.011100158095359802e-03,2.171805873513221741e-02,-1.071613550186157227e+00,-1.725831389427185059e+00,-4.843400001525878906e+00
2.242382764816284180e-01,-2.415665797889232635e-02,4.895333200693130493e-03,4.015067100524902344e+00,1.042513251304626465e+00,2.243165075778961182e-01
2.573189437389373779e-01,5.643679760396480560e-03,3.532029688358306885e-02,-6.412222236394882202e-02,-3.394987583160400391e+00,2.878272056579589844e+00
2.781507670879364014e-01,-1.225482113659381866e-02,1.679388247430324554e-02,-1.968192338943481445e+00,-1.762630462646484375e+00,1.295419454574584961e+00
2.520315051078796387e-01,-3.918395563960075378e-02,-1.835390925407409668e-03,5.186548829078674316e-02,3.328140258789062500e+00,2.814090847969055176e-01
2.671147882938385010e-01,-1.024056784808635712e-02,2.734901383519172668e-03,-8.905734419822692871e-01,-8.604606986045837402e-01,-3.897663593292236328e+00
2.815474867820739746e-01,2.174665406346321106e-02,2.615276351571083069e-02,2.162908554077148438e+00,-6.808125972747802734e-01,-1.465585947036743164e+00
2.052874863147735596e-01,-6.551995174959301949e-04,-1.401331275701522827e-03,3.949581384658813477e-01,-1.293582797050476074e+00,3.441779851913452148e+00
2.314470410346984863e-01,-3.388309106230735779e-02,3.152761980891227722e-02,-2.798450708389282227e+00,-1.164415717124938965e+00,1.552095651626586914e+00
1.864193528890609741e-01,3.181378822773694992e-03,-2.288849465548992157e-02,-1.233798861503601074e+00,2.121403694152832031e+00,-1.687934637069702148e+00
1.699001491069793701e-01,-3.271013870835304260e-02,4.134409129619598389e-02,1.365793824195861816e+00,-2.273860216140747070e+00,-3.822346925735473633e+00
3.042405843734741211e-01,4.042600095272064209e-02,1.414442993700504303e-02,2.560813903808593750e+00,-1.033797562122344971e-01,1.154847741127014160e+00
1.738496124744415283e-01,6.053732708096504211e-03,-3.804458305239677429e-03,7.607547640800476074e-01,-1.997223019599914551e+00,3.723298072814941406e+00
2.363673150539398193e-01,2.321937819942831993e-03,1.302325911819934845e-02,6.989850401878356934e-01,1.737549424171447754e+00,-2.481874942779541016e+00
2.125950753688812256e-01,-1.752281794324517250e-03,-6.904950365424156189e-03,-7.062346339225769043e-01,4.523708224296569824e-01,-3.927407503128051758e+00
2.271361649036407471e-01,-1.430325489491224289e-02,2.376957982778549194e-02,2.497745990753173828e+00,-1.444003939628601074e+00,-6.580679893493652344e+00
1.926671117544174194e-01,2.350284904241561890e-02,-5.493640899658203125e-03,-1.181182265281677246e+00,1.033236384391784668e+00,-5.445505142211914062e+00
1.824788749217987061e-01,8.482465520501136780e-03,1.420062966644763947e-02,-1.873581528663635254e+00,-1.526553869247436523e+00,5.981105566024780273e-02
1.397733688354492188e-01,-4.433725401759147644e-02,8.595695719122886658e-03,-1.325381875038146973e+00,1.042672276496887207e+00,-5.739287376403808594e+00
1.283071041107177734e-01,-6.824164837598800659e-02,-4.303780943155288696e-02,-1.821076869964599609e+00,7.700520157814025879e-01,-1.275597381591796875e+01
1.405725479125976562e-01,1.117451302707195282e-02,1.230691000819206238e-02,8.352084159851074219e-01,7.016592621803283691e-01,-1.096548748016357422e+01
1.549164950847625732e-01,-3.630327805876731873e-02,-1.640683971345424652e-02,-9.410384297370910645e-02,1.969852566719055176e+00,-7.932722091674804688e+00
1.847189068794250488e-01,-5.018394440412521362e-02,3.833606839179992676e-03,-1.692493200302124023e+00,7.793139219284057617e-01,-1.154237031936645508e+00
1.834344863891601562e-01,-5.703972280025482178e-02,2.879288233816623688e-02,1.233257576823234558e-01,1.551531791687011719e+00,-6.056787490844726562e+00
1.485291123390197754e-01,-5.734698101878166199e-02,2.722896635532379150e-03,1.588445067405700684e+00,1.652863025665283203e+00,-7.061727523803710938e+00
2.328523248434066772e-01,-5.283160135149955750e-02,-1.429516635835170746e-02,-1.416143417358398438e+00,-1.961149096488952637e+00,-2.295078754425048828e+00
2.610385119915008545e-01,1.841738820075988770e-03,-2.549897879362106323e-03,1.719339966773986816e+00,-9.319691061973571777e-01,7.271623611450195312e-01
1.693637073040008545e-01,1.873556291684508324e-03,-2.480572648346424103e-02,-3.830554723739624023e+00,-9.517118930816650391e-01,6.619437217712402344e+00
2.208199650049209595e-01,6.625070236623287201e-03,6.962547078728675842e-03,-1.632571101188659668e+00,-2.578482389450073242e+00,1.292955303192138672e+01
1.832704544067382812e-01,2.560446225106716156e-02,3.372972831130027771e-03,1.229818344116210938e+00,-2.836760878562927246e-01,1.371280384063720703e+01
2.508206367492675781e-01,4.093977063894271851e-02,1.790681853890419006e-02,3.362071812152862549e-01,-2.126443386077880859e+00,7.379596710205078125e+00
2.360104620456695557e-01,-2.684946171939373016e-02,4.934586584568023682e-03,9.929926395416259766e-01,-1.458968877792358398e+00,4.118359088897705078e+00
2.245815396308898926e-01,-7.189572602510452271e-02,4.946580156683921814e-03,2.553444147109985352e+00,7.923574000597000122e-02,2.140228986740112305e+00
3.087159991264343262e-01,-2.194565907120704651e-02,3.192836418747901917e-03,-5.663526654243469238e-01,-2.393325716257095337e-01,2.403921335935592651e-01
2.229732573032379150e-01,-1.170895695686340332e-01,1.843609474599361420e-02,1.823230624198913574e+00,-1.070361137390136719e-01,-4.269217967987060547e+00
2.236434966325759888e-01,-2.193075791001319885e-02,3.590589389204978943e-03,1.136394858360290527e+00,-6.676447391510009766e-01,-9.565150260925292969e+00
1.479756087064743042e-01,-3.780005872249603271e-02,1.475009694695472717e-02,2.027859687805175781e+00,1.113118648529052734e+00,-9.479936599731445312e+00
1.892334818840026855e-01,-8.788799494504928589e-02,2.987897023558616638e-03,1.319011747837066650e-01,2.042341828346252441e-01,-1.177204418182373047e+01
1.720619350671768188e-01,-9.034813940525054932e-02,-4.597833380103111267e-03,4.006406962871551514e-01,-6.782068014144897461e-01,-1.024697971343994141e+01
1.290024966001510620e-01,-4.461110383272171021e-02,-2.774830907583236694e-03,9.943884611129760742e-01,1.058333277702331543e+00,-1.084821128845214844e+01
2.113223075866699219e-01,-6.729011982679367065e-02,-2.482561394572257996e-03,-1.706869602203369141e+00,-1.219181299209594727e+00,-1.293590641021728516e+01
2.053216397762298584e-01,-1.874589920043945312e-02,9.811914525926113129e-03,1.971669435501098633e+00,1.425329566001892090e+00,-7.122045516967773438e+00
1.880652010440826416e-01,-7.149316370487213135e-04,-3.088176809251308441e-02,-1.463336229324340820e+00,-1.998093426227569580e-01,-1.625461935997009277e+00
2.514966130256652832e-01,-4.828872159123420715e-02,2.321721054613590240e-02,1.339626789093017578e+00,-1.051749229431152344e+00,1.581084728240966797e+00
1.856419146060943604e-01,-4.067269712686538696e-02,-1.462019979953765869e-03,-1.814771175384521484e+00,6.196112632751464844e-01,-1.138408899307250977e+00
2.501505911350250244e-01,-4.626162350177764893e-02,2.572709321975708008e-02,-1.055703520774841309e+00,-1.078665256500244141e+00,-5.442068099975585938e+00
2.279821932315826416e-01,1.607955992221832275e-02,1.143666170537471771e-02,4.404364824295043945e-01,1.286837220191955566e+00,-1.979703307151794434e+00
2.338471710681915283e-01,-2.407625550404191017e-03,-1.533321477472782135e-02,6.466720104217529297e-01,-1.032246112823486328e+00,1.529112815856933594e+00
2.889387607574462891e-01,-5.693573132157325745e-02,1.473433710634708405e-02,-1.630488932132720947e-01,-1.235026597976684570e+00,2.181266784667968750e+00
2.299638837575912476e-01,-5.955410748720169067e-02,-1.928054727613925934e-02,-9.952013939619064331e-02,7.313574552536010742e-01,-2.444118022918701172e+00
2.066565155982971191e-01,-2.707548998296260834e-02,4.025101661682128906e-03,-9.632993936538696289e-01,-1.630414485931396484e+00,-2.993671178817749023e+00
2.645445466041564941e-01,-5.774129182100296021e-03,3.424754366278648376e-03,1.172118067741394043e+00,1.462348937988281250e+00,-3.389753341674804688e+00
1.680533885955810547e-01,4.270782694220542908e-03,-9.075028821825981140e-03,-1.070563435554504395e+00,-5.444224476814270020e-01,-6.513354778289794922e-01
2.419362217187881470e-01,-7.728119194507598877e-02,2.455843798816204071e-02,-8.902890682220458984e-01,-4.193088710308074951e-01,-2.336287736892700195e+00
2.443719059228897095e-01,-4.934139922261238098e-02,3.140901774168014526e-02,-3.784323334693908691e-01,-1.249599456787109375e+00,-3.710972547531127930e+00
1.636969298124313354e-01,-4.557811096310615540e-02,1.300236303359270096e-02,1.054679989814758301e+00,7.491319775581359863e-01,-8.704350471496582031e+00
1.835803091526031494e-01,-3.081766888499259949e-02,1.639634743332862854e-02,2.285204648971557617e+00,-2.417650818824768066e-01,-5.619960784912109375e+00
1.945049017667770386e-01,-4.030704125761985779e-02,9.037021547555923462e-03,5.072856545448303223e-01,-1.513628214597702026e-01,-7.238245010375976562e+00
2.543479800224304199e-01,-6.052872911095619202e-02,-1.074271835386753082e-02,1.477730274200439453e-01,-8.796001672744750977e-01,-5.045984268188476562e+00
2.147720158100128174e-01,-6.262634694576263428e-02,1.719171926379203796e-02,9.631435871124267578e-01,1.589263558387756348e+00,-8.032242774963378906e+00
1.818156093358993530e-01,-6.235644593834877014e-02,1.282954588532447815e-03,1.385762810707092285e+00,-3.449488058686256409e-02,-1.517789268493652344e+01
2.435523271560668945e-01,-5.014321208000183105e-02,3.633809089660644531e-02,2.018809795379638672e+00,8.317211866378784180e-01,-1.091047286987304688e+01
2.406969219446182251e-01,-7.716360688209533691e-02,2.196727320551872253e-03,-1.414353609085083008e+00,-1.848600625991821289e+00,-1.865459442138671875e+00
2.781977951526641846e-01,-1.781553775072097778e-02,1.055058836936950684e-02,1.821811437606811523e+00,8.236490488052368164e-01,-2.196251630783081055e+00
2.285324335098266602e-01,-9.384430944919586182e-02,1.120252721011638641e-02,1.976707577705383301e-01,1.448432356119155884e-01,-1.952071428298950195e+00
3.219730257987976074e-01,-8.713933057151734829e-04,3.755841404199600220e-02,8.189001083374023438e-01,-8.595505952835083008e-01,-4.599918365478515625e+00
1.715209931135177612e-01,3.162539750337600708e-02,-9.178942069411277771e-03,-9.757834076881408691e-01,8.744031190872192383e-02,-1.702317714691162109e+00
2.094549089670181274e-01,-3.267555963248014450e-03,9.083740413188934326e-03,-2.937037467956542969e+00,-3.311878681182861328e+00,1.480556726455688477e+00
2.691582143306732178e-01,1.156066451221704483e-02,1.167436130344867706e-02,-6.456784605979919434e-01,-4.205232858657836914e-02,-1.942584633827209473e+00
2.239016294479370117e-01,-3.191320598125457764e-02,-2.033813111484050751e-02,1.822597503662109375e+00,1.775579690933227539e+00,-3.510390281677246094e+00
3.113968074321746826e-01,1.693338155746459961e-02,9.769527241587638855e-03,6.329981684684753418e-01,-2.078657388687133789e+00,-1.706274271011352539e+00
2.491265684366226196e-01,3.483001608401536942e-03,1.298578083515167236e-02,-2.492626011371612549e-01,2.100134372711181641e+00,-1.443097710609436035e+00
2.686488926410675049e-01,1.044528838247060776e-02,2.981564030051231384e-03,-2.283929437398910522e-01,-2.926782846450805664e+00,2.930817127227783203e+00
2.926015853881835938e-01,-4.568088799715042114e-02,-2.290120348334312439e-03,-7.996515035629272461e-01,1.577311873435974121e+00,1.473190069198608398e+00
2.545191943645477295e-01,-3.930090367794036865e-02,5.189700052142143250e-03,-1.622011661529541016e-01,1.409837603569030762e+00,-2.317239761352539062e+00
2.042709738016128540e-01,-1.391030848026275635e-02,4.086015000939369202e-02,-4.964714497327804565e-02,-8.729395866394042969e-01,-3.736101627349853516e+00
2.697068452835083008e-01,-1.662693684920668602e-03,7.413428276777267456e-03,6.077224016189575195e-01,3.514925837516784668e-01,2.035711705684661865e-02
2.453996986150741577e-01,4.436957184225320816e-03,-5.434671416878700256e-03,1.057296633720397949e+00,-1.791885972023010254e+00,1.995275259017944336e+00
2.546972334384918213e-01,-5.800728127360343933e-02,6.309736520051956177e-03,3.379755914211273193e-01,3.179748296737670898e+00,-4.804575443267822266e-02
2.369775772094726562e-01,-2.874972485005855560e-02,-3.595803678035736084e-02,4.574655294418334961e-01,1.640764355659484863e+00,-2.530621290206909180e+00
2.966520488262176514e-01,-2.344302460551261902e-02,4.838228970766067505e-02,8.729074597358703613e-01,9.784513711929321289e-01,-4.454437255859375000e+00
1.885364204645156860e-01,-1.981543377041816711e-03,2.595053054392337799e-02,-5.008425712585449219e-01,-5.000069141387939453e-01,-1.537587642669677734e+00
3.288016319274902344e-01,1.763390377163887024e-03,8.349111303687095642e-03,5.199140310287475586e-01,-2.568400859832763672e+00,2.214165210723876953e+00
2.844362258911132812e-01,-3.755984827876091003e-02,2.262185327708721161e-02,1.722871512174606323e-01,4.448987960815429688e+00,-6.268113851547241211e-02
2.093833684921264648e-01,2.529101073741912842e-02,2.302407659590244293e-02,-1.260205507278442383e+00,-1.189675927162170410e+00,-4.744143486022949219e+00
2.653895616531372070e-01,4.785854741930961609e-02,5.157262086868286133e-02,1.888370513916015625e+00,4.323633611202239990e-01,-2.298846483230590820e+00
2.131479233503341675e-01,2.049911394715309143e-02,-1.205759122967720032e-03,-1.065424457192420959e-01,-1.094388246536254883e+00,-1.910307645797729492e+00
2.288304865360260010e-01,-4.230966418981552124e-02,5.539871007204055786e-02,2.860503494739532471e-01,-2.152552127838134766e+00,-1.532318830490112305e+00
2.319636642932891846e-01,-8.632268011569976807e-02,1.833751425147056580e-02,-7.093439996242523193e-02,1.655340194702148438e+00,-6.363409996032714844e+00
1.781035810708999634e-01,-3.596702963113784790e-02,-1.460207067430019379e-02,-7.195116579532623291e-02,1.125799775123596191e+00,-1.215858268737792969e+01
1.312091052532196045e-01,-1.012710481882095337e-01,9.729571640491485596e-03,3.694161772727966309e-01,1.193255662918090820e+00,-2.319066238403320312e+01
1.221181601285934448e-01,-4.621913656592369080e-02,2.401670999825000763e-02,-6.936383247375488281e-01,-4.479430317878723145e-01,-1.141003704071044922e+01
1.459835618734359741e-01,-1.366802603006362915e-01,-2.158749848604202271e-04,2.024559259414672852e+00,-1.248261451721191406e+00,-2.178083610534667969e+01
1.992701441049575806e-01,-8.802471309900283813e-02,-8.169580250978469849e-04,-2.632301330566406250e+00,8.639504909515380859e-01,-1.617815971374511719e+01
1.364019811153411865e-01,-6.600179523229598999e-02,1.837673410773277283e-02,8.120089769363403320e-01,-1.431303977966308594e+00,-1.902173995971679688e+01
2.029968202114105225e-01,-4.559260606765747070e-02,-1.119627617299556732e-02,1.652242660522460938e+00,1.317066907882690430e+00,-1.465419292449951172e+01
1.610019654035568237e-01,-3.955993428826332092e-02,4.980280995368957520e-03,1.377063989639282227e+00,-1.376934647560119629e+00,-7.428080558776855469e+00
2.024938762187957764e-01,-3.312274813652038574e-02,1.199537236243486404e-02,6.058491468429565430e-01,2.939514517784118652e-01,-8.650951385498046875e+00
1.385496854782104492e-01,-2.336416952311992645e-02,1.067248266190290451e-02,-4.920420050621032715e-01,7.051146626472473145e-01,-7.465328216552734375e+00
2.012374997138977051e-01,-2.743289247155189514e-02,1.197919622063636780e-02,-3.625918924808502197e-02,-1.004787921905517578e+00,-1.011547374725341797e+01
2.320998907089233398e-01,9.998616762459278107e-03,1.331909373402595520e-02,1.361152172088623047e+00,1.573526620864868164e+00,-4.757643699645996094e+00
2.071158140897750854e-01,-1.690027117729187012e-02,6.525512784719467163e-03,1.320073604583740234e-01,-2.346254110336303711e+00,2.986778020858764648e-01
2.167642116546630859e-01,-2.575266733765602112e-02,1.677540130913257599e-02,-2.952432334423065186e-01,-7.133216261863708496e-01,4.738827347755432129e-01
2.639635801315307617e-01,-6.285171210765838623e-02,-9.222110733389854431e-03,-6.417828798294067383e-01,2.962258100509643555e+00,-4.595514535903930664e-01
2.268666774034500122e-01,-2.209925651550292969e-02,1.066599786281585693e-02,1.413843870162963867e+00,-8.870645165443420410e-01,-5.593861579895019531e+00
1.984779238700866699e-01,1.092558726668357849e-02,-9.147359058260917664e-03,1.254741549491882324e-01,-1.214468777179718018e-01,6.096072196960449219e-01
1.625119894742965698e-01,-8.112968876957893372e-03,-1.988111622631549835e-02,-3.098399639129638672e+00,-1.340750813484191895e+00,3.355077266693115234e+00
3.056526184082031250e-01,8.686406165361404419e-02,-1.293308474123477936e-02,-4.259446620941162109e+00,-9.993250370025634766e-01,9.038139343261718750e+00
2.154853641986846924e-01,5.492062866687774658e-02,4.468602687120437622e-02,6.218881607055664062e-01,2.187292575836181641e+00,6.314850807189941406e+00
3.064468502998352051e-01,8.078646659851074219e-02,1.567585766315460205e-02,-8.223164826631546021e-02,-1.486931085586547852e+00,-2.159899473190307617e-01
2.523633241653442383e-01,4.979287460446357727e-02,-1.905730180442333221e-02,1.318275928497314453e+00,-7.911636233329772949e-01,1.145922851562500000e+01
2.208879590034484863e-01,6.966314464807510376e-02,9.020904079079627991e-03,-1.290549993515014648e+00,-1.363080859184265137e+00,1.302824974060058594e+01
2.417172193527221680e-01,7.822842337191104889e-03,1.463779620826244354e-02,-1.940858602523803711e+00,-1.152099370956420898e+00,1.143655681610107422e+01
1.857537180185317993e-01,2.191397361457347870e-02,-1.858455501496791840e-02,1.663673073053359985e-01,2.534504175186157227e+00,1.163468551635742188e+01
2.304802238941192627e-01,1.278980821371078491e-01,-5.265068262815475464e-03,1.677097678184509277e-01,-3.101345539093017578e+00,7.187991619110107422e+00
1.884967982769012451e-01,3.459293767809867859e-02,1.090093422681093216e-02,2.273895502090454102e+00,-5.033223628997802734e-01,8.756078720092773438e+00
1.956090033054351807e-01,1.182071026414632797e-02,-6.767399609088897705e-04,-2.688382387161254883e+00,-3.692022562026977539e-01,6.586473941802978516e+00
2.804161608219146729e-01,3.070117346942424774e-02,3.531699627637863159e-02,-9.374697208404541016e-01,-1.135792970657348633e+00,9.721517562866210938e+00
1.819314807653427124e-01,-2.369583118706941605e-03,-1.266987062990665436e-02,6.373712420463562012e-01,9.347131252288818359e-01,5.285714149475097656e+00
1.723117828369140625e-01,5.613747239112854004e-02,4.217270761728286743e-02,-1.936636447906494141e+00,-1.933756351470947266e+00,4.142894744873046875e+00
1.827121824026107788e-01,1.451298315078020096e-02,1.019950956106185913e-02,2.253142356872558594e+00,-9.417200088500976562e-01,9.726804733276367188e+00
2.057986408472061157e-01,8.846412599086761475e-02,-9.525408968329429626e-03,-8.185196518898010254e-01,-2.931744575500488281e+00,1.392118072509765625e+01
2.038601934909820557e-01,3.383273258805274963e-02,1.537255756556987762e-02,-3.487696945667266846e-01,-2.386879205703735352e+00,1.180813217163085938e+01
2.863875329494476318e-01,6.647785753011703491e-02,-4.827290028333663940e-02,1.309194087982177734e+00,1.586385607719421387e+00,1.281635665893554688e+01
2.278310954570770264e-01,6.873348355293273926e-02,1.471510995179414749e-02,1.318212270736694336e+00,-1.863088965415954590e+00,4.079967737197875977e-01
1.881534308195114136e-01,3.184171393513679504e-03,4.099411889910697937e-03,1.131509423255920410e+00,-2.043783187866210938e+00,4.910696029663085938e+00
2.220975756645202637e-01,2.449689060449600220e-02,-4.171746224164962769e-02,7.108438611030578613e-01,-8.730264008045196533e-02,6.578083992004394531e+00
1.959481388330459595e-01,1.405112352222204208e-02,1.146953459829092026e-02,-4.503561854362487793e-01,-7.004916071891784668e-01,1.464744567871093750e+00
1.700332462787628174e-01,-5.512465257197618484e-03,-1.138849183917045593e-03,-6.799488067626953125e-01,3.274600744247436523e+00,-5.226125240325927734e+00
2.704560756683349609e-01,-2.818865701556205750e-02,1.692006923258304596e-02,1.236554145812988281e+00,-6.822053790092468262e-01,-5.921829223632812500e+00
1.751264929771423340e-01,1.789902150630950928e-02,6.289582699537277222e-03,-1.674835979938507080e-01,3.367466330528259277e-01,-1.891422271728515625e+00
2.416174709796905518e-01,2.823895588517189026e-02,-2.497557736933231354e-02,-9.334489703178405762e-01,-1.258060097694396973e+00,5.130537986755371094e+00
1.981467008590698242e-01,-2.804627176374197006e-03,5.235604196786880493e-02,-2.318990528583526611e-01,7.390681505203247070e-01,3.440116167068481445e+00
2.509004175662994385e-01,-1.843821629881858826e-02,1.800674945116043091e-04,1.827854275703430176e+00,7.888512313365936279e-02,1.387732505798339844e+00
2.338098585605621338e-01,4.471959173679351807e-02,-8.026534691452980042e-03,-3.085021734237670898e+00,-2.247560739517211914e+00,1.238010168075561523e+00
1.825905889272689819e-01,-1.921714097261428833e-02,7.743985205888748169e-02,4.069997370243072510e-01,-2.035818338394165039e+00,7.654868602752685547e+00
2.008680701255798340e-01,1.748171262443065643e-02,6.497217342257499695e-03,-9.117351174354553223e-01,-9.042852520942687988e-01,9.068625450134277344e+00
2.273383736610412598e-01,7.666337490081787109e-02,4.953204095363616943e-02,-2.843372821807861328e-01,-1.999113678932189941e+00,1.766652107238769531e+01
2.098686844110488892e-01,4.816286265850067139e-02,-1.311398483812808990e-02,1.254317522048950195e+00,3.328502416610717773e+00,1.477298069000244141e+01
2.220671772956848145e-01,2.994535304605960846e-02,2.868098393082618713e-02,-1.963105201721191406e-01,-6.402041912078857422e-01,3.773505210876464844e+00
2.276801466941833496e-01,7.578978687524795532e-02,3.557836636900901794e-02,1.049784898757934570e+00,-1.361486196517944336e+00,1.376050567626953125e+01
1.844191104173660278e-01,2.970466949045658112e-02,-1.825173012912273407e-02,-3.272141695022583008e+00,-2.833251655101776123e-02,7.541248321533203125e+00
2.474023103713989258e-01,-2.316166833043098450e-02,4.675650969147682190e-03,-5.314498543739318848e-01,-2.394517421722412109e+00,9.141679763793945312e+00
1.786292195320129395e-01,-1.250646822154521942e-02,3.995908796787261963e-02,-1.128613427281379700e-01,-1.142721056938171387e+00,4.593245506286621094e+00
2.245048731565475464e-01,-4.377484321594238281e-02,-5.173597484827041626e-03,6.140763759613037109e-01,7.641036510467529297e-01,-3.992439270019531250e+00
2.141980677843093872e-01,4.107037931680679321e-02,3.382436558604240417e-02,3.010399937629699707e-01,-2.339950084686279297e+00,-4.005189895629882812e+00
1.805213242769241333e-01,2.051097899675369263e-02,-5.525626242160797119e-03,-5.404711961746215820e-01,-3.492259979248046875e-01,2.512552261352539062e+00
1.933762729167938232e-01,2.600326202809810638e-02,-7.317541167140007019e-03,-2.474467992782592773e+00,-1.649432897567749023e+00,1.829571485519409180e+00
2.274980247020721436e-01,-2.083680965006351471e-02,-2.377216331660747528e-02,1.179413199424743652e+00,2.139345169067382812e+00,3.447177648544311523e+00
2.253868281841278076e-01,-4.690942354500293732e-03,1.817056909203529358e-03,-2.316253423690795898e+00,3.188372552394866943e-01,-1.411239147186279297e+00
3.501445651054382324e-01,4.714352637529373169e-02,2.915661223232746124e-02,3.320153236389160156e+00,1.797022700309753418e+00,-2.643463611602783203e+00
3.028358817100524902e-01,-8.166244253516197205e-03,1.454581879079341888e-02,1.937483400106430054e-01,-1.651511788368225098e+00,1.022629261016845703e+00
2.581993937492370605e-01,1.933373510837554932e-02,3.888042643666267395e-03,-1.801228523254394531e+00,-6.078394055366516113e-01,-1.835518360137939453e+00
2.548143565654754639e-01,-7.586991041898727417e-02,3.098243847489356995e-03,6.543506383895874023e-01,-2.765559852123260498e-01,-5.858365058898925781e+00
1.675722301006317139e-01,-1.021221280097961426e-01,-7.677255198359489441e-03,2.854542970657348633e+00,2.861385047435760498e-01,-1.118735694885253906e+01
1.357203125953674316e-01,-7.791048288345336914e-02,3.501519560813903809e-03,1.955356478691101074e+00,1.192482471466064453e+00,-1.692488288879394531e+01
1.701387912034988403e-01,-5.513623356819152832e-02,-1.289059035480022430e-02,6.417329311370849609e-01,-1.813055127859115601e-01,-1.121371746063232422e+01
2.518071532249450684e-01,-3.948903828859329224e-02,1.638152636587619781e-02,-1.150159716606140137e+00,-1.842589855194091797e+00,-7.018874168395996094e+00
2.503712475299835205e-01,-1.021881401538848877e-01,6.389383971691131592e-02,-1.778348088264465332e-01,3.320919036865234375e+00,-6.706107139587402344e+00
2.502014636993408203e-01,-5.383913218975067139e-02,1.535169221460819244e-02,-8.685309886932373047e-01,-1.541656017303466797e+00,-7.152517318725585938e+00
1.812735348939895630e-01,-2.438999526202678680e-02,-2.066262066364288330e-03,9.806748032569885254e-01,1.120913743972778320e+00,-3.780425548553466797e+00
1.956169456243515015e-01,-2.146760188043117523e-02,-1.756745018064975739e-02,-4.807505607604980469e-01,-1.031038522720336914e+00,-8.545556664466857910e-01
2.937053442001342773e-01,-4.665862396359443665e-02,4.064406827092170715e-02,2.263065576553344727e+00,-1.976325988769531250e+00,-6.608031392097473145e-01
2.062970399856567383e-01,-4.750267416238784790e-02,3.092097118496894836e-03,2.887145429849624634e-02,2.324318170547485352e+00,-5.051673889160156250e+00
1.794276088476181030e-01,1.565925590693950653e-02,-1.524119265377521515e-02,3.215923607349395752e-01,-1.112827539443969727e+00,-7.421247482299804688e+00
2.229472696781158447e-01,-4.081759601831436157e-02,2.463497593998908997e-02,5.506470203399658203e-01,1.665275543928146362e-01,-3.457254409790039062e+00
1.902101933956146240e-01,-3.888767585158348083e-02,-5.554978549480438232e-02,-5.684122443199157715e-01,-1.301021695137023926e+00,-2.884958744049072266e+00
1.647205054759979248e-01,-1.635069260373711586e-03,-2.549153380095958710e-02,-2.085074901580810547e+00,-1.456579089164733887e+00,-5.308732986450195312e+00
1.322130858898162842e-01,-2.015557885169982910e-02,7.327117025852203369e-03,-1.221210598945617676e+00,1.590877771377563477e+00,-9.784167289733886719e+00
6.840258836746215820e-02,6.414545327425003052e-02,-6.476473063230514526e-04,-4.556501209735870361e-01,-1.021489858627319336e+00,-1.388797998428344727e+00
1.795083284378051758e-01,-8.760693669319152832e-02,-9.884601458907127380e-03,2.695878028869628906e+00,2.835714817047119141e+00,-1.623978233337402344e+01
1.749595254659652710e-01,-2.861681208014488220e-02,1.514907926321029663e-03,-5.882242918014526367e-01,-1.030139684677124023e+00,-1.734316706657409668e+00
1.585522294044494629e-01,-4.222251847386360168e-02,1.657294481992721558e-02,-1.073025107383728027e+00,6.998025774955749512e-01,-4.367671012878417969e+00
1.365806311368942261e-01,-3.720225393772125244e-02,1.920360699295997620e-02,-1.171299219131469727e+00,3.398081064224243164e-01,-5.272904396057128906e+00
1.550706624984741211e-01,-6.682793051004409790e-02,3.124887123703956604e-03,-3.718778848648071289e+00,-2.134373903274536133e+00,-9.907778739929199219e+00
1.033767312765121460e-01,3.930496424436569214e-02,-2.978757023811340332e-03,-2.194329738616943359e+00,-1.434952020645141602e+00,-1.448107004165649414e+00
1.786983013153076172e-01,-2.179873734712600708e-02,1.697422936558723450e-03,-1.723680257797241211e+00,-2.577183723449707031e+00,2.015125751495361328e+00
1.236833184957504272e-01,-2.406417392194271088e-02,1.182486116886138916e-02,-1.161109447479248047e+00,-5.585823655128479004e-01,-4.371193945407867432e-01
1.680260151624679565e-01,8.013296872377395630e-03,-4.097253084182739258e-03,1.994206547737121582e+00,1.118682503700256348e+00,-2.110151767730712891e+00
4.861578345298767090e-02,2.917832136154174805e-02,7.833568379282951355e-03,4.187466502189636230e-01,-1.518940210342407227e+00,3.151885986328125000e+00
4.157371819019317627e-02,-8.616545237600803375e-03,-3.788078203797340393e-03,-1.412698030471801758e+00,1.252335548400878906e+00,9.368422627449035645e-01
2.492225468158721924e-01,1.058417037129402161e-01,2.117087319493293762e-02,-3.254588842391967773e+00,-9.139937758445739746e-01,-1.756043136119842529e-01
-6.747891008853912354e-02,-6.747583393007516861e-03,-1.421540416777133942e-02,-4.095666408538818359e-01,4.266992807388305664e-01,-2.699049711227416992e+00
7.316493242979049683e-02,4.340896382927894592e-02,5.969312041997909546e-02,3.061483621597290039e+00,-1.393899559974670410e+00,7.933151125907897949e-01
7.856076210737228394e-02,5.684760957956314087e-02,2.544178813695907593e-02,-1.093376517295837402e+00,-1.375373840332031250e+00,2.445289194583892822e-01
7.122650742530822754e-03,-4.443984362296760082e-04,2.039799466729164124e-02,-9.764626622200012207e-01,1.154010176658630371e+00,5.813724994659423828e-01
1.014274358749389648e-02,-2.062740270048379898e-03,2.103082835674285889e-03,1.453406214714050293e-01,6.950140595436096191e-01,-1.125203073024749756e-01
3.463047742843627930e-02,-1.136716362088918686e-02,3.434188663959503174e-03,2.672280311584472656e+00,3.956649899482727051e-01,1.595517396926879883e+00
1.553551852703094482e-02,3.312652185559272766e-02,1.606101170182228088e-02,-6.577535271644592285e-01,-1.848914980888366699e+00,-6.058585643768310547e-01
1.878449022769927979e-01,-1.757439598441123962e-02,-1.325046643614768982e-03,7.202877998352050781e-01,-2.120202779769897461e+00,-3.893796443939208984e+00
