-5.519196391105651855e-03,1.743104308843612671e-03,-1.297848857939243317e-02,8.240832015872001648e-03,8.728970587253570557e-02,-2.164239585399627686e-01
4.694819450378417969e-03,1.290366612374782562e-02,7.426820695400238037e-03,-1.651509702205657959e-01,5.357716232538223267e-02,-3.616995215415954590e-01
2.087131142616271973e-03,9.342744015157222748e-04,8.705621585249900818e-03,-1.609384119510650635e-01,5.741325020790100098e-02,2.392841577529907227e-01
-9.251505136489868164e-03,4.161003511399030685e-03,3.480601310729980469e-02,1.824878454208374023e-01,-9.563042223453521729e-02,-2.298067331314086914e+00
1.112519577145576477e-01,-2.651248499751091003e-02,-8.141813799738883972e-03,-2.760339379310607910e-01,1.429694771766662598e+00,-8.184935569763183594e+00
1.749341934919357300e-01,-1.085591986775398254e-01,7.088400423526763916e-03,-1.141603663563728333e-01,-2.124124765396118164e-01,-1.796125411987304688e+01
1.314661800861358643e-01,-6.527626514434814453e-02,-4.702471196651458740e-03,-1.760011613368988037e-01,-1.662719845771789551e+00,-1.216378974914550781e+01
1.518307328224182129e-01,-3.112388774752616882e-02,1.190795283764600754e-02,1.050008893013000488e+00,-3.390109062194824219e+00,-1.628883552551269531e+01
2.828706204891204834e-01,8.654908835887908936e-02,-1.100328415632247925e-01,-2.952121257781982422e+00,1.090470194816589355e+00,-1.263248062133789062e+01
1.563685983419418335e-01,-1.764533817768096924e-01,-2.460511028766632080e-02,-5.092234164476394653e-02,-4.400795400142669678e-01,-1.588422012329101562e+01
2.497519105672836304e-01,-8.134743571281433105e-02,4.863714799284934998e-03,2.865527629852294922e+00,3.804584741592407227e-01,-1.720510864257812500e+01
2.177044749259948730e-01,-2.905875444412231445e-02,-1.333726756274700165e-02,5.181692838668823242e-01,-2.275448739528656006e-01,-8.156252861022949219e+00
2.182062715291976929e-01,-7.118023931980133057e-02,-1.532789506018161774e-02,-7.761469483375549316e-01,-3.080925941467285156e+00,-6.073323249816894531e+00
1.830671727657318115e-01,-1.723095178604125977e-01,1.203124970197677612e-02,7.237808704376220703e-01,1.510038852691650391e+00,-1.508466243743896484e+01
1.462484896183013916e-01,-1.550794690847396851e-01,7.830379530787467957e-03,-1.744922280311584473e+00,-2.038790464401245117e+00,-1.598378658294677734e+01
1.432771533727645874e-01,-1.132254451513290405e-01,-2.439668402075767517e-03,2.316006898880004883e+00,-1.066191911697387695e+00,-1.501171207427978516e+01
2.607153654098510742e-01,-1.800675839185714722e-01,-3.145597130060195923e-02,-1.091404318809509277e+00,-8.899722695350646973e-01,-1.408157157897949219e+01
3.208491802215576172e-01,-1.350596398115158081e-01,2.052786387503147125e-02,-2.772035002708435059e-01,-3.803681433200836182e-01,-6.982978820800781250e+00
2.075589001178741455e-01,-1.020066365599632263e-01,-2.095544897019863129e-02,1.333248496055603027e+00,-2.626780748367309570e+00,-1.225071239471435547e+01
2.127648591995239258e-01,-3.329510614275932312e-02,5.192350596189498901e-02,-6.300516724586486816e-01,-2.617923974990844727e+00,-1.011992931365966797e+01
2.199415266513824463e-01,-5.162589251995086670e-02,5.359154194593429565e-03,5.716965198516845703e-01,2.460599094629287720e-01,-6.308304786682128906e+00
2.359832078218460083e-01,-1.058519035577774048e-01,-1.687922887504100800e-02,1.466657042503356934e+00,-1.432631492614746094e+00,-3.119699478149414062e+00
1.623545885086059570e-01,-1.167627274990081787e-01,2.886149846017360687e-02,1.153385519981384277e+00,8.483244180679321289e-01,-1.792710876464843750e+01
1.747148782014846802e-01,-2.380643784999847412e-01,1.484070345759391785e-02,1.448113083839416504e+00,1.178343594074249268e-01,-2.376653480529785156e+01
1.958476006984710693e-01,-9.316476434469223022e-02,2.809737995266914368e-02,3.697205066680908203e+00,2.358673959970474243e-01,-1.951893806457519531e+01
2.213633060455322266e-01,-5.542364716529846191e-02,1.188529282808303833e-02,-2.099610090255737305e+00,-3.043210029602050781e+00,-7.603954315185546875e+00
2.101699411869049072e-01,8.780078962445259094e-03,1.805859804153442383e-02,-1.561822891235351562e+00,-2.928725779056549072e-01,-9.962310791015625000e-01
2.117097973823547363e-01,-4.930233210325241089e-02,-4.766950383782386780e-03,6.492894887924194336e-01,5.958072543144226074e-01,-8.388771057128906250e+00
2.125013768672943115e-01,-5.164804309606552124e-02,2.344956621527671814e-02,1.274772047996520996e+00,-1.316005349159240723e+00,-1.369292354583740234e+01
1.681507080793380737e-01,-4.530500620603561401e-02,1.829368062317371368e-02,1.146842241287231445e+00,6.474019885063171387e-01,-1.416570758819580078e+01
1.803635954856872559e-01,-1.126054003834724426e-01,-1.269201003015041351e-02,-1.995944023132324219e+00,-2.389739513397216797e+00,-9.563513755798339844e+00
1.447384208440780640e-01,-5.098339170217514038e-02,2.355941571295261383e-02,2.214292526245117188e+00,3.220337927341461182e-01,-1.485460567474365234e+01
1.344332844018936157e-01,-3.261079639196395874e-02,3.686558455228805542e-03,1.640213727951049805e+00,-1.710265755653381348e+00,-1.575077629089355469e+01
1.688738763332366943e-01,-7.571343332529067993e-02,1.833054050803184509e-02,1.537802219390869141e+00,-7.583812475204467773e-01,-1.608246994018554688e+01
1.398857682943344116e-01,-5.926264822483062744e-02,1.402533333748579025e-02,2.206178188323974609e+00,3.450376540422439575e-02,-7.315503120422363281e+00
1.595046818256378174e-01,-5.746112018823623657e-02,4.539405554533004761e-02,-1.862189054489135742e+00,-2.478174448013305664e+00,-7.312441825866699219e+00
1.872535645961761475e-01,-5.025462061166763306e-02,3.064764477312564850e-02,-1.101478934288024902e-01,5.253261327743530273e-01,-3.852195739746093750e+00
1.724789887666702271e-01,-7.723104953765869141e-02,3.490725532174110413e-03,1.905178308486938477e+00,-2.290955781936645508e+00,-5.872355461120605469e+00
2.006319016218185425e-01,-1.876418106257915497e-02,2.654474787414073944e-02,9.093356728553771973e-01,-1.462833434343338013e-01,-6.275456428527832031e+00
1.810492575168609619e-01,1.812088303267955780e-02,-1.463392749428749084e-03,-1.656274914741516113e+00,-2.980360031127929688e+00,-4.469988822937011719e+00
1.747380793094635010e-01,-2.559792995452880859e-02,3.118870966136455536e-02,-2.348436832427978516e+00,-2.569956302642822266e+00,-2.743028640747070312e+00
2.034420520067214966e-01,-1.265307143330574036e-02,-1.209397800266742706e-02,3.818575143814086914e-01,2.435344219207763672e+00,-6.172912597656250000e+00
2.198596894741058350e-01,-1.066126450896263123e-01,8.284797891974449158e-03,-9.564673900604248047e-01,-9.847437143325805664e-01,-1.109391021728515625e+01
1.683778911828994751e-01,-3.745868802070617676e-02,-2.060499042272567749e-03,1.211880922317504883e+00,2.358323812484741211e+00,-1.319081211090087891e+01
2.086791992187500000e-01,-1.169228255748748779e-01,2.566814236342906952e-02,-2.137260913848876953e+00,-2.357482671737670898e+00,-9.391558647155761719e+00
2.208986431360244751e-01,-1.196358129382133484e-01,-5.429472774267196655e-03,9.566972255706787109e-01,-4.228009581565856934e-01,-7.623071670532226562e+00
1.843317747116088867e-01,-1.216216236352920532e-01,2.249320968985557556e-03,9.578784108161926270e-01,2.473406046628952026e-01,-1.543060874938964844e+01
1.237929388880729675e-01,-1.549416333436965942e-01,1.115416642278432846e-02,-3.444482684135437012e-01,-1.378778934478759766e+00,-1.718096351623535156e+01
1.250983774662017822e-01,-3.345708549022674561e-02,1.114523131400346756e-02,1.053933382034301758e+00,8.117132782936096191e-01,-1.373595142364501953e+01
1.864766776561737061e-01,-1.301313042640686035e-01,1.060486398637294769e-02,-1.368138909339904785e+00,-3.085038661956787109e+00,-9.824752807617187500e+00
1.490334719419479370e-01,-5.554658919572830200e-02,2.296632528305053711e-02,1.370442986488342285e+00,-8.279117941856384277e-01,-9.469750404357910156e+00
1.667284816503524780e-01,-1.383685469627380371e-01,-4.292262718081474304e-03,1.186148166656494141e+00,-1.135661005973815918e+00,-1.912608337402343750e+01
1.745043843984603882e-01,-1.204566936939954758e-02,2.245287597179412842e-02,1.097500085830688477e+00,-8.515971899032592773e-01,-1.366845893859863281e+01
2.455830574035644531e-01,-2.765320800244808197e-02,-5.388217046856880188e-03,-1.624032258987426758e+00,1.457829117774963379e+00,-8.580727577209472656e+00
2.133350521326065063e-01,-6.176221743226051331e-02,3.362980112433433533e-02,-1.627466797828674316e+00,-3.281377553939819336e+00,8.575609922409057617e-01
1.697479188442230225e-01,-3.036945499479770660e-02,-4.148887470364570618e-03,2.856349647045135498e-01,3.188080549240112305e+00,-1.864324092864990234e+00
1.757426261901855469e-01,-2.121640928089618683e-02,-4.339020699262619019e-03,1.006692886352539062e+00,-1.753765791654586792e-01,-3.285602331161499023e+00
1.777734309434890747e-01,-4.738764092326164246e-02,7.153699547052383423e-02,5.411627888679504395e-01,-1.160768628120422363e+00,-9.702132225036621094e+00
1.611878126859664917e-01,-4.041285812854766846e-02,-1.418639905750751495e-02,8.098976016044616699e-01,-1.023985862731933594e+00,-8.053101539611816406e+00
2.302209734916687012e-01,-6.895373016595840454e-02,1.679904758930206299e-02,-1.273268222808837891e+00,-3.061472415924072266e+00,-7.578657150268554688e+00
1.122419834136962891e-01,-4.015896469354629517e-02,-1.565445214509963989e-03,-4.180480837821960449e-01,1.925978899002075195e+00,-1.092371749877929688e+01
1.351174861192703247e-01,-1.367357224225997925e-01,1.979710720479488373e-02,-1.744133234024047852e-01,1.357800126075744629e+00,-1.662435722351074219e+01
2.135492563247680664e-01,-8.631350100040435791e-02,2.480351552367210388e-02,1.492049574851989746e+00,1.122905850410461426e+00,-1.606870460510253906e+01
2.433378249406814575e-01,-1.259405612945556641e-01,-1.963640563189983368e-02,-1.930982589721679688e+00,-2.970681190490722656e+00,-8.897393226623535156e+00
2.242630124092102051e-01,-7.107780873775482178e-02,-1.263673976063728333e-02,2.352291345596313477e+00,-9.480851888656616211e-02,-2.377876281738281250e+00
1.945582181215286255e-01,-3.568275645375251770e-02,-5.285920575261116028e-03,1.943042993545532227e+00,6.976910829544067383e-01,-5.854189872741699219e+00
1.700499951839447021e-01,1.733394153416156769e-02,3.199415653944015503e-02,1.676621735095977783e-01,-4.333215713500976562e+00,-5.232063293457031250e+00
1.045253425836563110e-01,1.942528784275054932e-02,1.052606012672185898e-02,3.643423318862915039e-01,1.512803792953491211e+00,2.446351528167724609e+00
3.689274191856384277e-02,-4.824061878025531769e-03,7.413646206259727478e-03,-1.633084535598754883e+00,7.800481915473937988e-01,6.728624105453491211e-01
4.195740818977355957e-02,1.473950129002332687e-02,-9.182430803775787354e-04,1.507389247417449951e-01,1.836859732866287231e-01,-2.588648796081542969e+00
1.000763252377510071e-01,-7.950531691312789917e-02,-3.024136647582054138e-03,-5.646259188652038574e-01,2.745920717716217041e-01,-1.287028217315673828e+01
7.699905335903167725e-02,-6.358847022056579590e-02,-4.541832953691482544e-03,-3.133891582489013672e+00,1.354944944381713867e+00,-1.927966117858886719e+01
1.682281345129013062e-01,-8.470775932073593140e-02,2.011878974735736847e-02,2.690203189849853516e-01,-2.115157604217529297e+00,-8.943865776062011719e+00
1.270362883806228638e-01,-4.928332567214965820e-02,-3.986731171607971191e-04,8.085274696350097656e-01,9.312098622322082520e-01,-1.432711505889892578e+01
2.571586668491363525e-01,-1.350469291210174561e-01,7.506860420107841492e-03,1.627171039581298828e+00,1.080507636070251465e+00,-1.399373626708984375e+01
2.154688239097595215e-01,-1.072683557868003845e-01,5.527351796627044678e-02,2.782651782035827637e-01,-1.927256464958190918e+00,-5.768515586853027344e+00
2.100019156932830811e-01,-2.970295585691928864e-02,-5.129928886890411377e-02,-1.269014179706573486e-01,1.411418199539184570e+00,-2.693876028060913086e+00
2.139566540718078613e-01,-3.887762129306793213e-02,-1.000467129051685333e-02,-1.743906140327453613e-01,-3.269939422607421875e+00,9.561167657375335693e-02
2.745395898818969727e-01,-3.972811996936798096e-02,3.534925729036331177e-02,1.051515698432922363e+00,1.185496807098388672e+00,-2.543920278549194336e+00
1.411098241806030273e-01,-5.571134015917778015e-02,3.479883074760437012e-03,-2.562683820724487305e-01,-2.422751426696777344e+00,-9.346704483032226562e+00
1.682725399732589722e-01,-3.895584493875503540e-02,2.391778491437435150e-02,3.608821928501129150e-01,5.912243127822875977e-01,-1.502976894378662109e+01
2.259118407964706421e-01,-6.553224474191665649e-02,-9.846007451415061951e-03,1.071726322174072266e+00,-4.407284259796142578e-01,-1.364560794830322266e+01
2.138698101043701172e-01,-1.230567395687103271e-01,3.208063542842864990e-03,-6.730087399482727051e-01,-1.815223455429077148e+00,-1.240840053558349609e+01
2.126555591821670532e-01,-7.751546800136566162e-02,-1.146856509149074554e-02,1.461005330085754395e+00,1.810642838478088379e+00,-1.419155788421630859e+01
2.025208026170730591e-01,-6.289164721965789795e-02,2.624643594026565552e-02,3.186192214488983154e-01,-2.393436193466186523e+00,-1.166882133483886719e+01
1.849355548620223999e-01,-3.047754615545272827e-02,3.968330100178718567e-02,8.726840019226074219e-01,2.211686968803405762e-01,-1.147924232482910156e+01
1.717380881309509277e-01,-1.461114175617694855e-02,7.042828947305679321e-04,-7.295352220535278320e-01,-2.041049003601074219e+00,-5.014908313751220703e+00
1.737943589687347412e-01,-3.837576135993003845e-02,2.063773572444915771e-03,-2.003253221511840820e+00,-2.546825408935546875e+00,-3.954841613769531250e+00
1.980713754892349243e-01,-1.123957782983779907e-01,8.494798094034194946e-04,8.756329417228698730e-01,2.010010480880737305e+00,-1.194864368438720703e+01
1.332511603832244873e-01,-1.410943567752838135e-01,1.614652946591377258e-02,-4.943205118179321289e-01,-6.643611192703247070e-01,-2.434730339050292969e+01
1.785683482885360718e-01,-1.623412966728210449e-01,3.848160803318023682e-02,-6.480342149734497070e-01,1.277594804763793945e+00,-1.940168952941894531e+01
2.494474649429321289e-01,-1.289291977882385254e-01,-1.573806069791316986e-02,4.572303295135498047e-01,-2.186894416809082031e+00,-1.511406898498535156e+01
2.488369345664978027e-01,-7.532063871622085571e-02,7.133865728974342346e-03,1.587122201919555664e+00,4.220213294029235840e-01,-6.865728855133056641e+00
2.084260582923889160e-01,-4.538974910974502563e-02,1.298018638044595718e-02,9.913114309310913086e-01,1.719537496566772461e+00,-7.681090354919433594e+00
2.156889289617538452e-01,-7.791825383901596069e-02,2.366797439754009247e-02,-1.610331296920776367e+00,-1.287630677223205566e+00,-7.540852069854736328e+00
1.929742991924285889e-01,-3.011443093419075012e-02,5.263388156890869141e-04,1.190205961465835571e-01,5.523596405982971191e-01,-3.006417989730834961e+00
2.022612243890762329e-01,1.648189499974250793e-03,-2.218735776841640472e-02,-1.990288496017456055e+00,-3.621584892272949219e+00,1.466527342796325684e+00
1.764558404684066772e-01,-5.931663513183593750e-02,-1.415261812508106232e-02,5.659130215644836426e-01,3.900771737098693848e-01,-7.886444330215454102e-01
2.584527134895324707e-01,-3.219283372163772583e-02,-3.040978126227855682e-02,-3.286284804344177246e-01,-1.454217553138732910e+00,-5.696697235107421875e+00
1.792853474617004395e-01,-5.913440510630607605e-02,-2.863287925720214844e-03,-1.982497572898864746e+00,-3.409425318241119385e-01,-1.598128700256347656e+01
1.683926135301589966e-01,-1.133490502834320068e-01,1.393034867942333221e-02,3.034093081951141357e-01,1.433237552642822266e+00,-1.762833786010742188e+01
2.401626110076904297e-01,-1.244683936238288879e-01,-8.761508390307426453e-03,1.658506393432617188e+00,3.202867507934570312e-01,-1.417382526397705078e+01
1.690148860216140747e-01,-6.249283254146575928e-02,8.552204817533493042e-03,9.733602404594421387e-01,2.340869903564453125e+00,-1.180183219909667969e+01
1.488129645586013794e-01,-1.067779958248138428e-01,-1.787948980927467346e-02,-4.489945769309997559e-01,-3.608896970748901367e+00,-1.289090728759765625e+01
1.881697177886962891e-01,-2.817513048648834229e-02,3.740449994802474976e-02,1.076060771942138672e+00,4.946711659431457520e-02,-1.068492794036865234e+01
1.549469381570816040e-01,-2.080281265079975128e-03,2.658544108271598816e-03,-1.041998982429504395e+00,-1.581793904304504395e+00,-4.806041717529296875e+00
1.581777781248092651e-01,1.330542284995317459e-02,1.489551644772291183e-02,-2.267739027738571167e-01,-2.209100008010864258e+00,-2.311970949172973633e+00
7.317811995744705200e-02,-7.729016989469528198e-02,-8.953773975372314453e-02,-1.230618596076965332e+00,3.269082903861999512e-01,-8.767006874084472656e+00
1.330259591341018677e-01,-1.338929682970046997e-01,-2.222603745758533478e-02,-8.473305702209472656e-01,-1.025227606296539307e-01,-1.918975448608398438e+01
1.228998973965644836e-01,-1.045816019177436829e-01,3.476129844784736633e-02,-6.522026658058166504e-02,1.641004443168640137e+00,-2.287763595581054688e+01
1.236561760306358337e-01,-7.566331326961517334e-02,-1.245940104126930237e-03,1.155604794621467590e-01,-4.913276433944702148e-02,-1.325312328338623047e+01
2.438915073871612549e-01,-8.911134302616119385e-02,8.609732612967491150e-03,6.705140322446823120e-02,2.472908645868301392e-01,-5.987395286560058594e+00
1.988075077533721924e-01,-1.737732067704200745e-02,6.333010271191596985e-03,4.210690855979919434e-01,2.353958129882812500e+00,-5.917696952819824219e+00
2.013748884201049805e-01,4.670412745326757431e-04,6.652770563960075378e-03,-1.456234812736511230e+00,-1.458107233047485352e+00,-3.690429449081420898e+00
1.924322247505187988e-01,7.676326669752597809e-03,3.694728016853332520e-02,-2.715059816837310791e-01,-3.100055456161499023e-01,-6.947918891906738281e+00
1.934223920106887817e-01,-1.003997586667537689e-02,-5.280332639813423157e-03,-2.290004730224609375e+00,-2.248378038406372070e+00,3.487267017364501953e+00
1.913842558860778809e-01,-2.445882745087146759e-02,-1.181400381028652191e-02,1.215424895286560059e+00,3.580672144889831543e-01,8.302003145217895508e-02
3.007278442382812500e-01,-4.013364017009735107e-02,-4.592379182577133179e-02,2.569617271423339844e+00,-4.618400037288665771e-01,-4.938096046447753906e+00
1.786486506462097168e-01,-1.072770566679537296e-03,4.157437011599540710e-03,6.933317184448242188e-01,2.926164865493774414e-01,-9.266740798950195312e+00
1.591291874647140503e-01,-4.129485785961151123e-02,-9.946802631020545959e-03,1.212525844573974609e+00,2.332530468702316284e-01,-1.051187515258789062e+01
1.888890713453292847e-01,-1.329634934663772583e-01,6.130730360746383667e-02,-4.699826240539550781e-01,-1.301415085792541504e+00,-1.043514919281005859e+01
1.817902326583862305e-01,-8.871559798717498779e-02,1.998210325837135315e-03,8.233898282051086426e-01,1.504022836685180664e+00,-1.445800781250000000e+01
2.061800658702850342e-01,-8.499722182750701904e-02,-1.553923450410366058e-02,2.435157895088195801e-01,-1.121283411979675293e+00,-1.215644836425781250e+01
1.838985681533813477e-01,-4.757779091596603394e-02,1.468154601752758026e-02,1.300716996192932129e+00,-1.685931205749511719e+00,-1.740771675109863281e+01
1.640872210264205933e-01,-1.752740703523159027e-02,1.083457283675670624e-02,-1.850573182106018066e+00,-2.332481294870376587e-01,-1.064061069488525391e+01
1.747165322303771973e-01,1.149705145508050919e-03,-2.239360846579074860e-02,-2.543230056762695312e+00,-3.101797103881835938e+00,-7.559646368026733398e-01
1.594296842813491821e-01,-4.651186242699623108e-02,-8.491000160574913025e-03,1.853674173355102539e+00,5.279111266136169434e-01,-2.733029365539550781e+00
2.056223452091217041e-01,-2.191151976585388184e-01,7.842665538191795349e-03,-3.907549977302551270e-01,-1.875221610069274902e+00,-1.636839294433593750e+01
1.714527159929275513e-01,-8.166947960853576660e-02,3.112588636577129364e-02,4.466847181320190430e-01,1.329305529594421387e+00,-1.578478050231933594e+01
1.333878040313720703e-01,-9.827730059623718262e-02,1.207083463668823242e-03,1.891124963760375977e+00,1.636234045028686523e+00,-2.078921699523925781e+01
1.696820110082626343e-01,-4.348301887512207031e-02,6.273621693253517151e-03,3.297227248549461365e-02,-4.127990722656250000e+00,-1.215841865539550781e+01
1.688216477632522583e-01,-5.199626088142395020e-02,8.935043588280677795e-03,1.505432128906250000e-01,1.352939844131469727e+00,-1.371322250366210938e+01
1.833066195249557495e-01,7.438130676746368408e-03,-3.398081287741661072e-03,-4.363391697406768799e-01,7.971831560134887695e-01,-1.040360832214355469e+01
2.275277674198150635e-01,-7.283942401409149170e-02,3.408620879054069519e-02,-6.516761183738708496e-01,-2.338634729385375977e+00,-9.715175628662109375e+00
1.775480806827545166e-01,-8.753557689487934113e-03,-1.806610636413097382e-02,-7.521232366561889648e-01,1.648963928222656250e+00,-3.464580297470092773e+00
2.100613117218017578e-01,1.152534037828445435e-02,-1.158569008111953735e-03,-2.063360691070556641e+00,-2.689070224761962891e+00,1.748315989971160889e-02
2.073813974857330322e-01,3.278915584087371826e-02,3.641530871391296387e-02,1.577948927879333496e+00,-1.438383698463439941e+00,4.043335020542144775e-01
2.604048848152160645e-01,-4.369441792368888855e-02,2.929879352450370789e-03,-3.066325783729553223e-01,-1.158950209617614746e+00,-2.898565530776977539e+00
1.778324842453002930e-01,-2.273964136838912964e-02,-6.237905472517013550e-04,-2.447976469993591309e-01,-1.284976154565811157e-01,-4.903366088867187500e+00
1.929262578487396240e-01,6.206873804330825806e-03,-2.710488997399806976e-02,1.813134849071502686e-01,-7.643753290176391602e-01,-1.915348291397094727e+00
2.476475834846496582e-01,-4.087066277861595154e-02,1.485837064683437347e-02,-8.451301455497741699e-01,-1.967246294021606445e+00,-2.713331937789916992e+00
1.704990714788436890e-01,-1.006468087434768677e-01,1.842027157545089722e-02,-6.631240844726562500e-01,2.962694168090820312e-01,-1.323071193695068359e+01
1.844368129968643188e-01,-1.645588725805282593e-01,-5.700340494513511658e-03,-2.471858501434326172e+00,2.638567388057708740e-01,-2.292785644531250000e+01
1.493348777294158936e-01,-8.991483598947525024e-02,4.026329144835472107e-03,3.550938069820404053e-01,3.610318183898925781e+00,-2.128757095336914062e+01
1.242276206612586975e-01,-2.347115986049175262e-02,-1.344819553196430206e-02,9.380350708961486816e-01,1.453951954841613770e+00,-1.079631805419921875e+01
2.644398808479309082e-01,-8.286662399768829346e-02,-3.307520598173141479e-02,-7.777878046035766602e-01,-3.229192793369293213e-01,-7.457356452941894531e+00
2.141139358282089233e-01,-4.167042672634124756e-02,-3.879515454173088074e-03,3.536211252212524414e-01,1.081611394882202148e+00,-3.824901580810546875e+00
1.561166048049926758e-01,-2.820545248687267303e-02,5.903001874685287476e-03,8.535218238830566406e-01,8.478547632694244385e-02,-5.301778793334960938e+00
1.820585429668426514e-01,7.720160298049449921e-03,-1.409141533076763153e-02,2.227730154991149902e-01,-2.864064693450927734e+00,-4.223714828491210938e+00
1.580774784088134766e-01,4.505626857280731201e-03,2.732468768954277039e-03,-5.941362380981445312e-01,4.172344803810119629e-01,-2.230015277862548828e+00
2.581125497817993164e-02,1.891447789967060089e-02,-5.174804478883743286e-03,7.063096016645431519e-02,5.344088673591613770e-01,6.122404932975769043e-01
3.113582730293273926e-03,1.615777797996997833e-02,-7.183475419878959656e-03,-1.801404505968093872e-01,-2.886949479579925537e-02,-1.604225397109985352e+00
1.029529497027397156e-01,5.181312561035156250e-02,2.994351834058761597e-02,-2.406882524490356445e+00,-7.360556721687316895e-01,-3.405693531036376953e+00
1.665388494729995728e-01,-1.870642602443695068e-02,-1.381443627178668976e-02,4.361759424209594727e-01,4.592597186565399170e-01,-5.741584777832031250e+00
2.010649144649505615e-01,-8.130839467048645020e-02,3.194081038236618042e-02,-7.534787058830261230e-01,-2.249292612075805664e+00,-1.125771808624267578e+01
1.534473598003387451e-01,-4.898537322878837585e-02,9.721116162836551666e-03,3.170529007911682129e-01,4.605351984500885010e-01,-1.399421787261962891e+01
1.315511316061019897e-01,-6.084799021482467651e-02,-1.444249786436557770e-02,-7.789643406867980957e-01,9.695231318473815918e-01,-1.207719135284423828e+01
1.822251081466674805e-01,-1.291213184595108032e-01,-4.408599808812141418e-03,-1.051228284835815430e+00,-8.876428604125976562e-01,-2.204699325561523438e+01
1.565642207860946655e-01,-4.890016838908195496e-02,1.689815148711204529e-02,4.220713376998901367e-01,1.536720633506774902e+00,-1.154940128326416016e+01
1.484200805425643921e-01,-1.052259188145399094e-02,-2.164328470826148987e-03,-1.161033153533935547e+00,-1.710534453392028809e+00,-3.817086696624755859e+00
9.854056686162948608e-02,-3.859931230545043945e-02,-4.384370893239974976e-02,-2.427587747573852539e+00,-1.315544366836547852e+00,-1.813860535621643066e+00
1.114983335137367249e-01,1.418504863977432251e-02,1.303278189152479172e-02,1.144692778587341309e+00,1.401316642761230469e+00,-1.204407572746276855e+00
2.422759681940078735e-02,-3.973037749528884888e-02,4.980368912220001221e-02,1.458500742912292480e+00,2.333529591560363770e-01,-2.207610130310058594e+00
6.326735019683837891e-04,5.583916790783405304e-03,-2.008091658353805542e-03,-4.794743061065673828e-01,-1.736027002334594727e-01,-7.867920398712158203e-01
6.592676043510437012e-03,2.251482196152210236e-02,8.843345567584037781e-03,-1.563635617494583130e-01,-6.898656487464904785e-02,8.713508844375610352e-01
1.076267659664154053e-02,2.176237665116786957e-02,4.500877112150192261e-04,-1.745477914810180664e-01,1.111548691987991333e-01,8.816943764686584473e-01
1.010379195213317871e-02,1.642265357077121735e-02,7.248105481266975403e-03,-1.233939751982688904e-01,-1.196410506963729858e-02,2.682568728923797607e-01
6.123349070549011230e-03,7.227602414786815643e-03,8.832650259137153625e-03,5.412195622920989990e-02,-2.325725406408309937e-01,3.499388098716735840e-01
1.353266835212707520e-02,6.826716940850019455e-03,6.161930039525032043e-03,4.737558215856552124e-02,1.960408687591552734e-02,1.854081153869628906e-01
7.474720478057861328e-03,4.739142954349517822e-03,8.653869852423667908e-03,-2.062261477112770081e-02,1.461076289415359497e-01,5.103658139705657959e-02
7.824248075485229492e-02,2.960978820919990540e-02,-3.054425120353698730e-03,-4.911144673824310303e-01,-1.607408881187438965e+00,-7.860908508300781250e-01
2.069508880376815796e-01,2.378685167059302330e-03,-1.865223236382007599e-02,-7.947058677673339844e-01,-9.005938768386840820e-01,1.243208527565002441e+00
2.080946415662765503e-01,-3.792878985404968262e-02,4.542852193117141724e-02,5.516270995140075684e-01,1.941793203353881836e+00,3.831228971481323242e+00
2.229258418083190918e-01,-3.221343085169792175e-02,-1.991016231477260590e-02,2.364999532699584961e+00,-8.355745077133178711e-01,1.371157407760620117e+00
1.919438093900680542e-01,-3.114548325538635254e-02,1.679590344429016113e-02,-2.508864998817443848e-01,-2.945476174354553223e-01,-5.863164901733398438e+00
1.951777637004852295e-01,1.106838416308164597e-02,1.495655346661806107e-02,6.670950353145599365e-02,-3.056426048278808594e-01,-3.258963346481323242e+00
2.531786859035491943e-01,-9.315029531717300415e-02,-3.683859482407569885e-03,1.553866386413574219e+00,-1.145877361297607422e+00,-3.030133247375488281e+00
1.858546733856201172e-01,-1.384216398000717163e-01,1.877580396831035614e-02,1.005170583724975586e+00,-8.042400479316711426e-01,-1.080101013183593750e+01
1.184706389904022217e-01,-1.082241684198379517e-01,2.403089404106140137e-02,2.459647059440612793e-01,-1.319885134696960449e+00,-1.455376052856445312e+01
1.531789600849151611e-01,-1.370680332183837891e-01,-4.822077229619026184e-03,-1.942608356475830078e+00,-2.597146928310394287e-01,-2.164124298095703125e+01
1.471689045429229736e-01,-3.835753351449966431e-02,1.214015018194913864e-02,1.585803329944610596e-01,2.083559274673461914e+00,-1.510474681854248047e+01
1.979889720678329468e-01,-1.294017881155014038e-01,-1.206550374627113342e-02,-2.843128919601440430e+00,-1.059635639190673828e+00,-9.392596244812011719e+00
2.408685088157653809e-01,-6.079850718379020691e-02,-4.313653334975242615e-03,1.515374183654785156e-01,-1.118006825447082520e+00,-2.262297391891479492e+00
1.878222674131393433e-01,-2.577236294746398926e-02,-2.683451399207115173e-03,1.322063088417053223e+00,7.892052531242370605e-01,-6.278038978576660156e+00
2.018595039844512939e-01,-2.294026687741279602e-02,1.024820283055305481e-02,1.219697237014770508e+00,-5.954836606979370117e-01,-6.290566444396972656e+00
1.634854823350906372e-01,-5.106268823146820068e-02,3.789553046226501465e-02,2.401516675949096680e+00,1.401305913925170898e+00,-9.153232574462890625e+00
1.817620396614074707e-01,-7.626874744892120361e-02,3.208629786968231201e-04,-2.030995190143585205e-01,-3.807568550109863281e+00,-8.326013565063476562e+00
1.411735564470291138e-01,-5.028209462761878967e-02,2.117825858294963837e-02,1.256615281105041504e+00,2.751778066158294678e-01,-1.000385189056396484e+01
1.141147613525390625e-01,-1.194682344794273376e-01,1.684778369963169098e-02,1.064028859138488770e+00,7.466742396354675293e-01,-1.984468650817871094e+01
1.628411263227462769e-01,-8.242703974246978760e-02,-5.143512040376663208e-03,-5.064686536788940430e-01,5.847029685974121094e-01,-1.565181350708007812e+01
2.229921370744705200e-01,-5.189057812094688416e-02,1.539501734077930450e-02,-3.534806370735168457e-01,1.178575158119201660e+00,-1.482275581359863281e+01
2.630754113197326660e-01,-5.140548571944236755e-02,-6.305525079369544983e-03,2.241206169128417969e-01,-1.085323095321655273e+00,-4.662701606750488281e+00
2.336236834526062012e-01,-7.655177265405654907e-02,7.543034851551055908e-03,1.410722613334655762e+00,-8.328893780708312988e-01,-4.267797470092773438e+00
1.986556947231292725e-01,-3.198785707354545593e-02,-4.737814888358116150e-03,5.213372707366943359e-01,4.728988707065582275e-01,-2.150875091552734375e+00
2.377352714538574219e-01,-5.023020505905151367e-02,2.908827923238277435e-02,1.788174271583557129e+00,-1.371989607810974121e+00,-6.208931922912597656e+00
1.956791728734970093e-01,4.892198741436004639e-02,4.895832389593124390e-04,1.023302912712097168e+00,1.572602987289428711e+00,-2.362247228622436523e+00
2.324884533882141113e-01,-2.865548478439450264e-03,-2.016874030232429504e-03,6.583573222160339355e-01,-2.879941701889038086e+00,-6.157248020172119141e-01
2.361474484205245972e-01,-1.430163998156785965e-02,3.252322971820831299e-02,-9.827006459236145020e-01,-1.490592479705810547e+00,-3.127645492553710938e+00
1.954270899295806885e-01,-2.312369178980588913e-03,-1.235764287412166595e-02,1.940099895000457764e-01,-1.380933761596679688e+00,-6.844907760620117188e+00
1.460201144218444824e-01,-1.026021242141723633e-01,-3.527957201004028320e-02,2.814988613128662109e+00,3.109986782073974609e+00,-1.662249565124511719e+01
1.849323809146881104e-01,-1.110874861478805542e-01,3.251900896430015564e-03,2.065673828125000000e+00,1.616007447242736816e+00,-1.785481834411621094e+01
1.630522608757019043e-01,-7.038789242506027222e-02,1.142183318734169006e-03,-1.036488533020019531e+00,-2.156997203826904297e+00,-9.679966926574707031e+00
2.021875679492950439e-01,-4.250410199165344238e-02,4.318048059940338135e-02,1.723776221275329590e+00,5.809924602508544922e-01,-1.196588134765625000e+01
1.914194226264953613e-01,-9.222523868083953857e-02,-6.296584382653236389e-03,-1.407113790512084961e+00,-1.073197960853576660e+00,-1.335505771636962891e+01
1.571294069290161133e-01,-1.224125269800424576e-02,5.599733442068099976e-03,1.321293115615844727e+00,4.362918436527252197e-01,-1.108952617645263672e+01
1.947146952152252197e-01,-1.438416726887226105e-02,-2.847770787775516510e-02,1.637679934501647949e+00,-2.123022079467773438e+00,4.520352929830551147e-03
2.062049806118011475e-01,-1.616144180297851562e-02,-1.328857429325580597e-02,-1.147987365722656250e+00,-1.923416018486022949e+00,-1.533940553665161133e+00
1.911836564540863037e-01,-1.011351048946380615e-01,7.901022210717201233e-03,-6.883407235145568848e-01,1.848888754844665527e+00,-8.293275833129882812e+00
1.903248876333236694e-01,-4.815375804901123047e-02,-1.148210838437080383e-03,2.059869527816772461e+00,2.261179983615875244e-01,-1.282227134704589844e+01
1.387837678194046021e-01,-4.779574275016784668e-02,-3.991741687059402466e-04,-1.325018644332885742e+00,-8.267951011657714844e-01,-1.538593864440917969e+01
2.411225140094757080e-01,-1.126381307840347290e-01,-4.112643003463745117e-02,-2.380742549896240234e+00,-3.831908404827117920e-01,-1.599319267272949219e+01
1.865483075380325317e-01,-7.271078974008560181e-02,1.018581911921501160e-03,-3.148712158203125000e+00,-2.011005640029907227e+00,-8.560190200805664062e+00
1.783811748027801514e-01,-4.387987032532691956e-02,-1.620398275554180145e-02,1.031928420066833496e+00,2.017978429794311523e+00,-9.731693267822265625e+00
2.393819391727447510e-01,-4.045947268605232239e-02,-1.870120130479335785e-02,1.611413359642028809e+00,-1.649866342544555664e+00,-8.216731071472167969e+00
1.879351586103439331e-01,-2.000393718481063843e-02,-1.057962886989116669e-02,1.334837436676025391e+00,1.848512291908264160e+00,-5.177260398864746094e+00
2.048400938510894775e-01,8.852226659655570984e-03,-3.270092606544494629e-02,-9.794285297393798828e-01,-6.109048724174499512e-01,-7.208251953125000000e-02
2.995048761367797852e-01,1.757379062473773956e-02,2.187872678041458130e-02,5.121631175279617310e-02,-3.250407278537750244e-01,6.479340195655822754e-01
1.910525560379028320e-01,7.777062244713306427e-03,-2.563046291470527649e-03,-1.733511328697204590e+00,-2.963826060295104980e-02,-2.324074268341064453e+00
1.928333044052124023e-01,-5.156043916940689087e-03,2.250156551599502563e-02,5.662733316421508789e-01,-6.547329425811767578e-01,-4.802724838256835938e+00
1.877974271774291992e-01,-6.470247171819210052e-03,1.016205362975597382e-02,-1.293342411518096924e-01,3.585808873176574707e-01,-4.687845230102539062e+00
1.767623573541641235e-01,-3.122097998857498169e-02,1.173196360468864441e-02,1.428138315677642822e-01,-2.511822938919067383e+00,-2.803869009017944336e+00
2.236892879009246826e-01,-4.188718646764755249e-02,1.352583896368741989e-02,2.235793769359588623e-01,-1.675633192062377930e+00,-3.836764335632324219e+00
1.148811727762222290e-01,-6.399457156658172607e-02,2.241048216819763184e-02,-1.073813915252685547e+00,-1.597345232963562012e+00,-1.297080612182617188e+01
1.552802771329879761e-01,-8.343345671892166138e-02,2.937031909823417664e-03,-6.652227789163589478e-02,1.032253265380859375e+00,-2.108419609069824219e+01
1.552773416042327881e-01,-9.344504028558731079e-02,6.251707673072814941e-04,1.148134708404541016e+00,1.998029232025146484e+00,-1.890419960021972656e+01
1.543620824813842773e-01,-4.319687560200691223e-02,-1.673853211104869843e-02,-1.427098751068115234e+00,-1.413788557052612305e+00,-8.236117362976074219e+00
2.172511816024780273e-01,-3.728383034467697144e-02,1.622805558145046234e-02,-6.598531454801559448e-02,-1.027327179908752441e+00,-3.451131820678710938e+00
2.151742577552795410e-01,-2.768408134579658508e-02,-4.204612970352172852e-02,1.803037047386169434e+00,-9.712214767932891846e-02,-4.190687656402587891e+00
2.499763965606689453e-01,-4.254716634750366211e-02,9.479085914790630341e-03,1.079648613929748535e+00,-1.296544194221496582e+00,-5.036764144897460938e+00
1.772107034921646118e-01,-1.188832148909568787e-02,7.556520402431488037e-03,6.399731040000915527e-01,1.091851234436035156e+00,-6.668766975402832031e+00
1.958896964788436890e-01,-4.467274993658065796e-02,-6.114665418863296509e-03,2.408059239387512207e-01,-1.910401701927185059e+00,-3.449964284896850586e+00
1.905415058135986328e-01,-6.835473328828811646e-02,-3.415873274207115173e-03,-1.397478461265563965e+00,-2.086001634597778320e+00,-3.004341840744018555e+00
1.619320809841156006e-01,-1.105767413973808289e-01,7.566513493657112122e-03,9.424072504043579102e-01,4.743800684809684753e-02,-1.431692028045654297e+01
1.833723634481430054e-01,-1.654928028583526611e-01,-2.631608955562114716e-02,2.573203802108764648e+00,2.911144971847534180e+00,-2.170538711547851562e+01
1.220140606164932251e-01,-9.683950990438461304e-02,4.484493285417556763e-03,1.384115219116210938e+00,1.819798707962036133e+00,-1.800748634338378906e+01
2.311546504497528076e-01,-5.080640316009521484e-02,1.286858692765235901e-03,-1.245972156524658203e+00,-2.585479497909545898e+00,-8.251217842102050781e+00
1.977145969867706299e-01,-6.683039665222167969e-02,2.688622474670410156e-02,-4.530084431171417236e-01,-1.568304777145385742e+00,-4.905985832214355469e+00
1.955343782901763916e-01,7.820740342140197754e-03,-5.476746708154678345e-03,1.113281250000000000e+00,1.276728391647338867e+00,-7.587155342102050781e+00
1.789158731698989868e-01,-8.780969306826591492e-03,1.572388969361782074e-02,-3.220087587833404541e-01,7.555726915597915649e-05,-2.930888414382934570e+00
1.724325269460678101e-01,-1.557267853058874607e-03,3.637198358774185181e-03,-9.180666506290435791e-02,8.804443478584289551e-02,-2.842955589294433594e+00
1.747248768806457520e-01,-2.445283532142639160e-02,-1.165694557130336761e-02,-8.057536482810974121e-01,-1.464856863021850586e+00,5.948238372802734375e-01
2.858189344406127930e-01,6.340181455016136169e-03,-8.996194228529930115e-03,7.077813148498535156e-01,-1.535167545080184937e-01,1.155873417854309082e+00
1.569147706031799316e-01,-3.956373408436775208e-02,6.743531674146652222e-03,3.798632025718688965e-01,-8.193206787109375000e-01,-3.343628644943237305e+00
1.978926658630371094e-01,-5.575446784496307373e-02,2.418814040720462799e-02,1.535916924476623535e+00,-2.818426787853240967e-01,-6.098212242126464844e+00
1.598297059535980225e-01,-9.027456864714622498e-03,-5.449701100587844849e-03,-1.375007331371307373e-01,2.586704015731811523e+00,-8.253563880920410156e+00
1.952238678932189941e-01,-6.671586632728576660e-02,1.851238682866096497e-02,5.139977931976318359e-01,-1.021727561950683594e+00,-9.628015518188476562e+00
1.559469401836395264e-01,-8.352955430746078491e-02,1.070072874426841736e-02,-3.301224410533905029e-01,9.195383787155151367e-01,-1.319462680816650391e+01
1.579706072807312012e-01,-8.197225630283355713e-02,-8.182326331734657288e-03,6.928054094314575195e-01,-1.374280691146850586e+00,-1.495929813385009766e+01
1.674752533435821533e-01,-1.403517741709947586e-02,3.308545053005218506e-02,4.527714848518371582e-01,-4.894728958606719971e-02,-1.390260219573974609e+01
1.316069662570953369e-01,-2.177167497575283051e-02,-1.851836778223514557e-02,-1.688868999481201172e+00,1.597605943679809570e+00,-1.078353786468505859e+01
1.931865215301513672e-01,-3.930742293596267700e-02,3.683023154735565186e-03,3.134003281593322754e-01,-1.663893103599548340e+00,-3.051433801651000977e+00
1.877406239509582520e-01,-4.519300535321235657e-02,4.095496982336044312e-02,1.538813114166259766e+00,2.072034120559692383e+00,-9.703779220581054688e+00
2.231923043727874756e-01,-5.479564890265464783e-02,-6.965668871998786926e-03,2.721635103225708008e+00,9.561204910278320312e-01,-1.331184864044189453e+01
1.574222296476364136e-01,-3.019028529524803162e-02,1.589529030025005341e-02,7.305070757865905762e-03,-6.598855853080749512e-01,-1.308559322357177734e+01
2.145193964242935181e-01,-5.757178738713264465e-02,3.574930876493453979e-02,3.953154385089874268e-02,-3.608609437942504883e+00,-4.670282363891601562e+00
1.727316677570343018e-01,-5.915975943207740784e-02,1.437650993466377258e-03,8.762226104736328125e-01,1.044039607048034668e+00,-2.606031656265258789e+00
1.582241952419281006e-01,1.518598524853587151e-03,1.432328391820192337e-02,5.738945007324218750e-01,7.191790342330932617e-01,-7.378983497619628906e+00
1.967714726924896240e-01,-2.805487625300884247e-02,-1.256649382412433624e-02,-3.970063328742980957e-01,-1.401659607887268066e+00,-8.315129280090332031e+00
1.841954439878463745e-01,-3.657927736639976501e-02,2.799241058528423309e-02,6.224166154861450195e-01,1.378217458724975586e+00,-9.803421974182128906e+00
2.220207750797271729e-01,-9.251077473163604736e-02,-1.041522435843944550e-02,-1.584765315055847168e+00,-1.803271532058715820e+00,-7.301130294799804688e+00
2.640407979488372803e-01,-9.002223610877990723e-02,9.985735639929771423e-03,3.695757389068603516e-01,1.142157912254333496e+00,-3.159565687179565430e+00
1.742269694805145264e-01,-1.580312103033065796e-02,2.008587121963500977e-02,7.590938806533813477e-01,3.078241050243377686e-01,-6.703369140625000000e+00
2.179016321897506714e-01,-2.766225673258304596e-02,3.822490200400352478e-02,6.430577039718627930e-01,-5.875048637390136719e-01,-8.826416015625000000e+00
1.320325583219528198e-01,-2.209168858826160431e-02,1.418848522007465363e-02,-1.018589138984680176e-01,1.064400196075439453e+00,-9.078547477722167969e+00
1.559480875730514526e-01,-7.129000872373580933e-02,6.526313722133636475e-03,-4.860495924949645996e-01,-1.720385789871215820e+00,-1.112135314941406250e+01
1.768179684877395630e-01,-5.267499759793281555e-02,-6.606297567486763000e-03,2.668752074241638184e-01,-1.598899960517883301e+00,-6.463893890380859375e+00
1.958562284708023071e-01,-1.558421086519956589e-02,-3.444070369005203247e-02,3.099178522825241089e-02,2.284534692764282227e+00,-8.965147018432617188e+00
1.856229305267333984e-01,-9.299070388078689575e-02,4.160815849900245667e-03,-1.020081877708435059e+00,1.138520240783691406e+00,-8.927489280700683594e+00
1.774499714374542236e-01,-1.032209247350692749e-01,2.715861424803733826e-02,1.448170900344848633e+00,9.952253699302673340e-01,-1.690497016906738281e+01
1.860794425010681152e-01,-2.274022251367568970e-02,-2.962155267596244812e-03,-2.210817337036132812e+00,-2.788966894149780273e+00,-7.803970336914062500e+00
1.448618918657302856e-01,-6.874348968267440796e-02,4.131782799959182739e-03,-9.991468191146850586e-01,-2.826346874237060547e+00,-6.484559059143066406e+00
1.640208065509796143e-01,-5.234082043170928955e-02,-1.131267659366130829e-02,-1.998800754547119141e+00,8.090103417634963989e-02,-1.167759037017822266e+01
1.269163191318511963e-01,-4.493557661771774292e-02,-1.508655585348606110e-02,1.539201021194458008e+00,2.278957843780517578e+00,-1.347160053253173828e+01
1.215699389576911926e-01,6.534093990921974182e-04,-1.425685174763202667e-02,5.935072898864746094e-01,1.278389334678649902e+00,-1.133779239654541016e+01
2.531077563762664795e-01,-8.885556459426879883e-02,-1.390596851706504822e-03,-1.468174934387207031e+00,-4.332865476608276367e-01,-4.739868164062500000e+00
1.620304733514785767e-01,-6.827565282583236694e-02,-3.061582706868648529e-02,4.413920640945434570e-01,5.617377758026123047e-01,-3.318259954452514648e+00
2.085652500391006470e-01,-5.921441689133644104e-02,2.867037430405616760e-03,5.085502862930297852e-01,1.253682136535644531e+00,-8.293497085571289062e+00
1.874256432056427002e-01,-2.651476114988327026e-02,5.258204042911529541e-02,3.475640118122100830e-01,-6.429241299629211426e-01,-1.128402042388916016e+01
1.229880005121231079e-01,-7.517166435718536377e-02,-3.906730562448501587e-03,-8.330962061882019043e-02,1.262969255447387695e+00,-1.516604328155517578e+01
2.290783226490020752e-01,-7.011944800615310669e-02,-2.130227722227573395e-02,-2.549538850784301758e+00,-1.108450412750244141e+00,-7.914880752563476562e+00
1.254441440105438232e-01,-5.875968933105468750e-02,1.071000657975673676e-02,1.653259515762329102e+00,-3.156896531581878662e-01,-6.135412216186523438e+00
1.212844401597976685e-01,-3.320461139082908630e-02,1.479927264153957367e-02,1.523138642311096191e+00,-1.319173723459243774e-01,-7.693599700927734375e+00
2.151681482791900635e-01,-7.157953083515167236e-02,-1.608735136687755585e-02,7.016669511795043945e-01,3.214662313461303711e+00,-1.887575912475585938e+01
1.335158050060272217e-01,-1.391310617327690125e-02,-1.997367478907108307e-02,8.389090299606323242e-01,9.081779122352600098e-01,-9.698642730712890625e+00
1.736817359924316406e-01,-7.746868580579757690e-02,-4.855403676629066467e-03,-2.656667709350585938e+00,-2.839527368545532227e+00,-5.869512557983398438e+00
1.749250441789627075e-01,-9.087551385164260864e-03,-5.819097161293029785e-03,1.573087573051452637e+00,8.054416775703430176e-01,-4.747503280639648438e+00
1.857369542121887207e-01,-2.760003320872783661e-02,-7.203130051493644714e-03,2.539694309234619141e-01,-1.476926356554031372e-01,-7.036005496978759766e+00
1.911838799715042114e-01,-1.465824991464614868e-02,3.219550102949142456e-02,3.581759929656982422e-01,-8.356124162673950195e-01,-8.056152343750000000e+00
1.494378745555877686e-01,5.673758685588836670e-02,1.910569146275520325e-03,-1.309953689575195312e+00,6.497946977615356445e-01,-5.919254302978515625e+00
1.810421645641326904e-01,-3.703751787543296814e-02,1.814554631710052490e-02,-1.291057705879211426e+00,-1.547249794006347656e+00,-3.999061107635498047e+00
1.626064032316207886e-01,-2.691501192748546600e-02,-3.245305269956588745e-03,-3.912236094474792480e-01,2.200047969818115234e+00,-4.255278587341308594e+00
1.591419279575347900e-01,-2.085838280618190765e-02,-2.284033223986625671e-03,7.395093441009521484e-01,2.287063360214233398e+00,-7.963561058044433594e+00
1.463190466165542603e-01,2.695124829187989235e-03,4.805274307727813721e-03,4.422676563262939453e-01,-9.377119541168212891e-01,-1.080082798004150391e+01
8.039999008178710938e-02,1.464109867811203003e-02,1.537940185517072678e-02,-9.723029285669326782e-02,1.477698564529418945e+00,-1.723009228706359863e+00
6.521359086036682129e-03,1.585376821458339691e-02,-5.861641839146614075e-03,-5.096318721771240234e-01,8.740653991699218750e-01,-2.964615821838378906e-03
7.678493857383728027e-03,2.173640206456184387e-02,-1.872990280389785767e-03,-1.518003046512603760e-01,-1.743015408515930176e+00,2.837597429752349854e-01
4.139363020658493042e-02,-2.699489006772637367e-03,4.482448101043701172e-03,1.531707048416137695e+00,1.990333199501037598e-03,-3.257310688495635986e-01
2.242134511470794678e-02,-9.580211713910102844e-03,7.657902315258979797e-03,1.137396454811096191e+00,9.053198099136352539e-01,-1.308162957429885864e-01
9.642750024795532227e-03,-4.559218417853116989e-03,9.011903777718544006e-03,5.325707420706748962e-02,-4.298506975173950195e-01,1.440834105014801025e-01
-2.862887084484100342e-02,6.741789169609546661e-03,-4.227291792631149292e-04,4.948115050792694092e-01,-2.987773418426513672e-01,-7.375978827476501465e-01
-1.211595535278320312e-02,4.559461027383804321e-03,1.699135452508926392e-02,2.623388171195983887e-01,-9.378606081008911133e-01,-1.360809445381164551e+00
-1.754225790500640869e-02,4.693632014095783234e-03,-1.198985613882541656e-02,-8.823946863412857056e-02,2.132566273212432861e-01,4.172136783599853516e-01
-3.428585082292556763e-02,1.028574183583259583e-01,-3.357291594147682190e-02,-1.467082262039184570e+00,5.959934554994106293e-03,9.561169147491455078e-01
2.643130719661712646e-02,2.650631964206695557e-02,1.193143520504236221e-02,-9.174919128417968750e-01,-1.099702477455139160e+00,1.076777458190917969e+00
3.755754232406616211e-02,-1.168961729854345322e-02,9.662931784987449646e-03,-3.972419798374176025e-01,1.180833339691162109e+00,-7.316361665725708008e-01
-1.759454607963562012e-03,4.557380452752113342e-05,3.983480855822563171e-03,2.120528817176818848e-01,1.923461854457855225e-01,2.492334544658660889e-01
-2.851916849613189697e-02,2.659242600202560425e-04,2.905379980802536011e-03,-4.237474128603935242e-02,6.162210553884506226e-02,-2.794529199600219727e-01
-2.351112663745880127e-02,3.756018355488777161e-03,1.995204575359821320e-02,-5.471669137477874756e-03,-2.634419500827789307e-01,-1.166254431009292603e-01
2.661076188087463379e-02,2.328168787062168121e-02,-3.968149423599243164e-03,2.111629992723464966e-01,8.568598330020904541e-02,1.467231869697570801e+00
5.671314150094985962e-02,-1.122173760086297989e-02,5.752798169851303101e-04,7.146615386009216309e-01,1.948888301849365234e-01,1.499159634113311768e-01
-3.979396820068359375e-02,2.019842714071273804e-02,3.521540015935897827e-02,-6.875202655792236328e-01,-1.177512288093566895e+00,-5.880630016326904297e-01
4.979726672172546387e-02,2.623112499713897705e-02,1.835276745259761810e-02,5.374607816338539124e-02,8.602560162544250488e-01,4.048630893230438232e-01
8.533462882041931152e-03,2.076791971921920776e-02,-9.752405807375907898e-03,9.753449559211730957e-01,3.105744421482086182e-01,1.582659244537353516e+00
2.132049202919006348e-02,7.838123477995395660e-03,3.637170419096946716e-03,2.644191384315490723e-01,-2.520032525062561035e-01,1.278126984834671021e-01
-1.343131065368652344e-02,8.326056413352489471e-03,3.028871491551399231e-03,1.454431414604187012e+00,-3.302733898162841797e-01,-2.136381864547729492e+00
9.563431143760681152e-03,-1.969397533684968948e-03,4.438489675521850586e-03,-1.237030029296875000e-01,3.102154135704040527e-01,1.469629406929016113e-01
