2.055518329143524170e-02,-3.138501197099685669e-04,-1.912610046565532684e-02,-9.425684809684753418e-01,6.508489251136779785e-01,2.054636180400848389e-02
1.795371323823928833e-01,2.536957710981369019e-02,-1.551064290106296539e-02,5.743467807769775391e-01,6.544045805931091309e-01,1.381177902221679688e+00
1.721055060625076294e-01,2.671010605990886688e-02,2.705540508031845093e-03,-1.215130090713500977e-03,-1.844425916671752930e+00,-1.241591453552246094e+00
1.830514669418334961e-01,4.396765306591987610e-02,1.177072152495384216e-02,1.102067470550537109e+00,2.667384743690490723e-01,-1.643082380294799805e+00
2.440991997718811035e-01,7.341048680245876312e-03,-3.330871462821960449e-02,6.064081788063049316e-01,1.647336244583129883e+00,-2.973349690437316895e-01
2.389999032020568848e-01,4.348438233137130737e-03,-8.898021653294563293e-03,-2.850602269172668457e-01,-8.156373500823974609e-01,2.274326562881469727e+00
1.961785256862640381e-01,1.694435812532901764e-02,2.758445963263511658e-02,-1.306846976280212402e+00,-1.729492068290710449e+00,-1.175187349319458008e+00
1.638186872005462646e-01,1.309531182050704956e-02,1.717241108417510986e-02,1.583953261375427246e+00,7.904489040374755859e-01,2.094372272491455078e+00
1.708756238222122192e-01,-1.013831049203872681e-01,-2.654020488262176514e-02,3.674632310867309570e+00,-2.000838994979858398e+00,7.555971145629882812e-01
2.693224251270294189e-01,-4.725072532892227173e-02,-1.296428963541984558e-03,-9.261957406997680664e-01,1.021563410758972168e+00,-3.689377784729003906e+00
1.951735317707061768e-01,-1.065618358552455902e-02,-1.323097012937068939e-02,-7.497376799583435059e-01,-2.998179197311401367e+00,2.669544935226440430e+00
2.518385648727416992e-01,1.664330810308456421e-02,1.805435121059417725e-02,-2.716902256011962891e+00,-1.215707182884216309e+00,2.289164543151855469e+00
1.832752525806427002e-01,4.279940389096736908e-03,-1.184747181832790375e-02,1.848853945732116699e+00,-7.033162117004394531e-01,2.285423517227172852e+00
1.600577980279922485e-01,1.693547517061233521e-02,6.351338699460029602e-03,8.588327765464782715e-01,-5.482980012893676758e-01,-2.798020839691162109e+00
1.254195570945739746e-01,1.201669871807098389e-02,-3.664176911115646362e-04,-1.713311910629272461e+00,1.324871182441711426e+00,2.061409473419189453e+00
1.381107866764068604e-01,-2.531406469643115997e-02,-3.064865432679653168e-02,-6.812032461166381836e-01,1.931476831436157227e+00,2.774826049804687500e+00
1.840980350971221924e-02,2.113992348313331604e-02,-3.287824243307113647e-02,7.408040761947631836e-01,8.635753989219665527e-01,6.571587324142456055e-01
-7.933452725410461426e-03,-4.469095729291439056e-03,-3.075039200484752655e-02,-1.049982383847236633e-01,5.001757144927978516e-01,-1.393729150295257568e-01
4.400993883609771729e-02,-3.469750285148620605e-03,-8.703222498297691345e-03,1.339234232902526855e+00,3.073784112930297852e+00,1.037254810333251953e+00
5.714046955108642578e-02,1.916470006108283997e-02,7.222553715109825134e-03,-8.409330248832702637e-02,-4.891380965709686279e-01,8.494989573955535889e-02
2.009067237377166748e-01,3.566052764654159546e-02,-8.406303822994232178e-05,-1.932997256517410278e-01,-7.125909328460693359e-01,-1.195093035697937012e+00
1.673443913459777832e-01,4.732910543680191040e-02,1.436427421867847443e-02,-7.438974827527999878e-02,9.301040172576904297e-01,-3.546971321105957031e+00
2.712728083133697510e-01,3.309706691652536392e-03,2.814562991261482239e-03,3.114477097988128662e-01,1.564297437667846680e+00,-2.065973877906799316e-01
1.977418065071105957e-01,-3.402560204267501831e-02,5.469954758882522583e-02,7.273786067962646484e-01,-1.082283854484558105e+00,1.498088598251342773e+00
1.997179388999938965e-01,-1.426237262785434723e-02,1.034141145646572113e-02,-7.903088331222534180e-01,1.354674458503723145e+00,-1.552078127861022949e+00
2.170273214578628540e-01,-1.829396747052669525e-02,2.109861932694911957e-02,2.617907524108886719e-01,-6.648987531661987305e-01,1.725383251905441284e-01
1.974526941776275635e-01,1.152376085519790649e-02,7.626445963978767395e-03,-6.820716857910156250e-01,-7.538374066352844238e-01,-2.465575456619262695e+00
2.007732391357421875e-01,2.457900904119014740e-02,-1.715756021440029144e-02,-7.588365674018859863e-01,2.627874135971069336e+00,-2.941211700439453125e+00
1.759698987007141113e-01,3.265974670648574829e-02,1.882748678326606750e-02,-2.673093318939208984e+00,-3.733660221099853516e+00,1.799424052238464355e+00
2.179804146289825439e-01,1.692557334899902344e-02,7.003829628229141235e-02,-1.330867648124694824e+00,-8.711205422878265381e-02,2.548614263534545898e+00
2.875415682792663574e-01,3.711077943444252014e-02,-1.181035302579402924e-02,1.813242316246032715e+00,1.058295816183090210e-01,3.697910904884338379e-01
2.245865315198898315e-01,3.282169252634048462e-02,3.189153596758842468e-02,-5.774465203285217285e-01,3.866562843322753906e-01,-5.355137825012207031e+00
2.354050576686859131e-01,2.497569657862186432e-02,-1.453441195189952850e-02,4.306383132934570312e-01,6.801409721374511719e-01,2.140220403671264648e+00
2.368870079517364502e-01,-2.701394818723201752e-02,3.980317339301109314e-02,-5.539593845605850220e-02,1.161606192588806152e+00,4.265161037445068359e+00
1.912522315979003906e-01,-1.135264616459608078e-02,4.385383799672126770e-03,-1.675594449043273926e+00,2.287035286426544189e-01,-3.776659965515136719e-01
2.022858113050460815e-01,1.918358914554119110e-02,3.664217889308929443e-03,3.026105463504791260e-01,-2.803184509277343750e+00,-2.054669857025146484e+00
1.226353794336318970e-01,-1.139762438833713531e-02,2.264970913529396057e-02,1.437873959541320801e+00,-6.009949445724487305e-01,-1.833399176597595215e+00
1.129369363188743591e-01,1.936675235629081726e-02,-1.036277227103710175e-02,-1.167758822441101074e+00,8.210800588130950928e-02,2.857185840606689453e+00
2.985085546970367432e-02,3.168762475252151489e-02,-1.717965118587017059e-02,-4.915137290954589844e-01,7.116891145706176758e-01,2.195416450500488281e+00
1.150926947593688965e-02,-9.676860645413398743e-03,-3.118585608899593353e-02,2.640141248703002930e-01,9.814431667327880859e-01,-1.646471917629241943e-01
6.758616864681243896e-02,-7.479172199964523315e-05,-1.610985212028026581e-02,-2.231378853321075439e-01,2.932417869567871094e+00,9.364474415779113770e-01
1.567625254392623901e-01,7.337722927331924438e-04,-1.904234290122985840e-02,4.187383353710174561e-01,1.700279474258422852e+00,9.132674932479858398e-01
2.536255419254302979e-01,1.441949047148227692e-02,9.938625618815422058e-03,-2.990397214889526367e-01,-2.069832086563110352e+00,-1.639739394187927246e+00
2.298642694950103760e-01,1.333634089678525925e-02,2.469193004071712494e-02,-1.556595921516418457e+00,2.098121047019958496e-01,-3.101619720458984375e+00
2.488172054290771484e-01,4.746258724480867386e-03,1.381846889853477478e-02,-1.369223356246948242e+00,-3.853640317916870117e+00,1.768588185310363770e+00
2.687217891216278076e-01,-4.917767364531755447e-03,-5.924452096223831177e-03,-9.480702877044677734e-01,1.402233600616455078e+00,-2.580267429351806641e+00
2.687353789806365967e-01,6.056097801774740219e-03,9.059660136699676514e-03,-1.847437620162963867e-01,-2.023252248764038086e+00,-1.107813119888305664e+00
2.936136126518249512e-01,1.483673974871635437e-02,1.669114828109741211e-02,2.776242733001708984e+00,2.305687189102172852e+00,-1.949577331542968750e+00
2.863317430019378662e-01,1.580894179642200470e-02,1.861961744725704193e-02,-9.946937561035156250e-01,-1.218727827072143555e+00,-1.311551928520202637e+00
2.215383946895599365e-01,-1.530729979276657104e-02,-9.927302598953247070e-03,-1.675286769866943359e+00,1.011170625686645508e+00,-1.555059909820556641e+00
2.840097546577453613e-01,-4.027201980352401733e-02,-1.793310604989528656e-02,1.536962747573852539e+00,-4.926230907440185547e-01,-2.869593143463134766e+00
2.016415148973464966e-01,-2.506416290998458862e-02,-1.512138172984123230e-03,4.499741077423095703e+00,1.588479161262512207e+00,-4.623332023620605469e+00
2.089770883321762085e-01,1.225855387747287750e-02,-4.108412563800811768e-02,-5.985502004623413086e-01,1.868480443954467773e+00,-4.932301521301269531e+00
2.217425107955932617e-01,1.738719828426837921e-02,-2.564864046871662140e-02,-6.681248545646667480e-01,-1.160684227943420410e-01,-2.574860811233520508e+00
2.214928716421127319e-01,-3.324722498655319214e-02,-8.676780387759208679e-03,1.638760209083557129e+00,1.444934368133544922e+00,-1.128975629806518555e+00
2.028209567070007324e-01,4.707990586757659912e-02,-6.153685972094535828e-03,1.105501294136047363e+00,-7.121899724006652832e-01,3.568039417266845703e+00
1.659055054187774658e-01,6.272202730178833008e-02,3.129158914089202881e-02,-1.046846032142639160e+00,-2.475265502929687500e+00,1.515216159820556641e+01
1.142455637454986572e-01,8.525741100311279297e-02,6.960034370422363281e-04,-1.517743349075317383e+00,-4.269222915172576904e-01,3.227285003662109375e+01
1.068202033638954163e-01,1.237972229719161987e-01,-3.255037218332290649e-02,1.423770189285278320e+00,3.938702493906021118e-02,2.423485755920410156e+01
2.350758761167526245e-01,1.562265902757644653e-01,-5.283904820680618286e-02,2.992689371109008789e+00,-1.051928400993347168e+00,1.793996238708496094e+01
2.144918590784072876e-01,1.579208970069885254e-01,-4.869420081377029419e-03,8.474382162094116211e-01,-5.185670852661132812e-01,1.420932292938232422e+01
2.360967397689819336e-01,6.307226419448852539e-02,-6.576690822839736938e-03,-2.691679596900939941e-01,-2.433144003152847290e-01,1.291527938842773438e+01
1.945250481367111206e-01,3.776571154594421387e-02,1.553292106837034225e-02,-3.993213474750518799e-01,-1.381425499916076660e+00,6.643720149993896484e+00
2.169988155364990234e-01,4.554625973105430603e-02,-1.631217263638973236e-02,-8.041311502456665039e-01,-1.588081717491149902e+00,-1.361419558525085449e+00
1.543413102626800537e-01,-1.934335380792617798e-02,-1.031054183840751648e-03,-8.539703488349914551e-02,-4.560944437980651855e-01,-5.331208229064941406e+00
2.005340456962585449e-01,1.174437813460826874e-02,-1.858559809625148773e-02,-1.385987162590026855e+00,2.142471224069595337e-01,-4.599414825439453125e+00
3.071001768112182617e-01,6.239752471446990967e-02,-3.621961921453475952e-02,-1.365389585494995117e+00,-2.916542053222656250e+00,-1.752174019813537598e+00
2.824631333351135254e-01,2.058818936347961426e-02,-1.619787700474262238e-02,-1.990116834640502930e+00,5.944455862045288086e-01,-8.805481791496276855e-01
3.127274513244628906e-01,4.493708163499832153e-02,-7.220214232802391052e-03,2.923733949661254883e+00,-1.272177696228027344e+00,5.825568437576293945e-01
2.784260511398315430e-01,1.638127118349075317e-02,-1.644618995487689972e-02,3.033387184143066406e+00,2.711966514587402344e+00,-2.945126056671142578e+00
2.193508446216583252e-01,2.573332004249095917e-02,-1.558892615139484406e-02,-6.815009117126464844e-01,-9.534169435501098633e-01,-6.539145112037658691e-01
2.811879515647888184e-01,8.350080251693725586e-02,4.504471272230148315e-02,-3.120378017425537109e+00,4.466119408607482910e-01,2.596681356430053711e+00
2.027243226766586304e-01,6.601937860250473022e-02,2.603960037231445312e-02,-3.533950448036193848e-01,-1.834060430526733398e+00,-1.799516677856445312e+00
2.019899487495422363e-01,-7.823541760444641113e-03,2.502091228961944580e-02,4.655976891517639160e-01,3.197407126426696777e-01,-3.359599590301513672e+00
1.548868864774703979e-01,4.375020787119865417e-02,9.061787277460098267e-04,-4.056611955165863037e-01,-1.155030488967895508e+00,-4.765228033065795898e-01
1.547121703624725342e-01,-1.481663901358842850e-02,-6.151915341615676880e-02,-1.210943222045898438e+00,3.316563367843627930e+00,3.690208673477172852e+00
-1.773558557033538818e-03,1.634213887155056000e-02,-4.254753142595291138e-02,1.307177782058715820e+00,1.323120355606079102e+00,2.409114837646484375e+00
2.179743349552154541e-02,9.363625198602676392e-03,-9.684005752205848694e-03,3.966929316520690918e-01,4.658778011798858643e-01,3.207021713256835938e+00
1.121645048260688782e-01,3.204318135976791382e-02,-8.523041382431983948e-03,8.411480188369750977e-01,-5.519546866416931152e-01,6.178291320800781250e+00
1.593070179224014282e-01,6.426248699426651001e-02,-1.800779439508914948e-02,-2.606360018253326416e-01,1.704822927713394165e-01,6.153094291687011719e+00
2.019625008106231689e-01,3.550417348742485046e-02,6.467306986451148987e-03,-4.517049491405487061e-01,-1.904938220977783203e+00,6.349580287933349609e+00
1.836497187614440918e-01,1.089701652526855469e-01,9.457591921091079712e-03,-3.385077714920043945e-01,-1.286865711212158203e+00,1.237858295440673828e+01
2.640206217765808105e-01,1.162383109331130981e-01,3.179669007658958435e-02,-1.245755076408386230e+00,-1.018160343170166016e+00,1.878739929199218750e+01
2.089198678731918335e-01,-2.502823248505592346e-03,4.598282650113105774e-02,-2.860874652862548828e+00,-7.700351476669311523e-01,1.200051784515380859e+01
1.905414611101150513e-01,5.095788836479187012e-02,7.130371406674385071e-03,2.246110677719116211e+00,9.595273733139038086e-01,8.128103256225585938e+00
2.112783193588256836e-01,-9.422437287867069244e-03,1.215950585901737213e-02,1.333486318588256836e+00,-1.676327228546142578e+00,-4.219230651855468750e+00
1.399092823266983032e-01,-3.306129947304725647e-02,6.682841107249259949e-03,7.299861311912536621e-02,7.855560183525085449e-01,-7.045807838439941406e+00
1.750878393650054932e-01,-1.393628958612680435e-02,-7.623003795742988586e-03,-4.006492495536804199e-01,-1.420323610305786133e+00,-5.649337768554687500e+00
1.459953188896179199e-01,-4.400346428155899048e-02,-8.635086938738822937e-03,-3.044375181198120117e-01,-2.407288551330566406e+00,-7.386550903320312500e+00
1.425338536500930786e-01,-4.724596068263053894e-02,3.977091982960700989e-03,8.102981448173522949e-01,8.599123954772949219e-01,-1.293160724639892578e+01
1.520352810621261597e-01,-3.353365138173103333e-02,-1.326692663133144379e-02,1.505462050437927246e+00,1.178510040044784546e-01,-1.072191429138183594e+01
1.361918896436691284e-01,-3.320411313325166702e-03,-6.766729056835174561e-04,4.314581155776977539e-01,1.986457467079162598e+00,-6.429465293884277344e+00
1.774079501628875732e-01,5.770976655185222626e-03,-6.972083821892738342e-03,-1.745938658714294434e+00,-1.728166222572326660e+00,-3.469352960586547852e+00
1.926279664039611816e-01,2.907504560425877571e-03,1.513456087559461594e-02,-2.364118546247482300e-01,-1.466063857078552246e+00,2.202364921569824219e+00
1.491239368915557861e-01,1.333631761372089386e-02,-1.892249099910259247e-02,3.360988795757293701e-01,6.337250471115112305e-01,6.611994504928588867e-01
1.820092499256134033e-01,-3.942269086837768555e-02,-4.073051735758781433e-03,2.142781913280487061e-01,-1.427447080612182617e+00,-4.609208106994628906e+00
1.537554562091827393e-01,3.477454558014869690e-02,1.650660485029220581e-02,-7.384771108627319336e-01,-2.642750144004821777e-01,-3.128974199295043945e+00
1.989422142505645752e-01,4.225930944085121155e-02,1.158071588724851608e-02,-1.108101606369018555e+00,-1.073557615280151367e+00,3.054536581039428711e+00
1.645002812147140503e-01,1.480664359405636787e-03,1.091192942112684250e-02,-5.217486023902893066e-01,-1.096382737159729004e+00,1.045174407958984375e+01
1.749392598867416382e-01,-1.135980430990457535e-02,8.592987433075904846e-03,1.086933255195617676e+00,6.820263266563415527e-01,9.436964988708496094e+00
2.221637666225433350e-01,7.713468745350837708e-03,1.018127612769603729e-02,-7.758318781852722168e-01,-1.728404641151428223e+00,8.131260871887207031e+00
2.185367643833160400e-01,7.062873989343643188e-02,-5.094664171338081360e-03,-1.925950348377227783e-01,-1.841002345085144043e+00,1.076564884185791016e+01
1.822062879800796509e-01,9.484631568193435669e-02,-8.926069363951683044e-03,-1.146841198205947876e-01,-6.520053148269653320e-01,1.606110382080078125e+01
1.782829165458679199e-01,4.486280679702758789e-02,-1.941097900271415710e-03,-1.411875963211059570e+00,-2.379894733428955078e+00,1.234654712677001953e+01
1.553406417369842529e-01,1.019973680377006531e-01,7.313424721360206604e-03,-9.910250306129455566e-01,6.554162502288818359e-02,1.714841842651367188e+01
1.752847433090209961e-01,5.439768359065055847e-02,-5.859866738319396973e-03,2.268298864364624023e+00,-5.449144244194030762e-01,1.147579288482666016e+01
1.926254481077194214e-01,4.885553196072578430e-02,1.516147144138813019e-02,1.261029243469238281e+00,-4.845156073570251465e-01,6.899114608764648438e+00
1.980000734329223633e-01,2.429323457181453705e-02,-1.066343300044536591e-02,-2.497304677963256836e+00,-5.855581164360046387e-01,8.014698028564453125e+00
1.793823093175888062e-01,4.455061629414558411e-03,1.151121221482753754e-02,-1.334089398384094238e+00,-2.014600992202758789e+00,1.181956863403320312e+01
1.758507788181304932e-01,-2.466097474098205566e-02,1.057599484920501709e-02,3.348987400531768799e-01,-8.972193002700805664e-01,2.202326774597167969e+00
1.474862843751907349e-01,-2.608837373554706573e-02,-1.311432570219039917e-03,-2.430001199245452881e-01,-5.876689553260803223e-01,-7.805752754211425781e+00
1.185567975044250488e-01,-1.962168142199516296e-02,1.119807641953229904e-02,-1.091519668698310852e-01,8.440020680427551270e-02,-9.182941436767578125e+00
1.246462166309356689e-01,-1.132186502218246460e-03,-1.046320609748363495e-02,1.424966335296630859e+00,4.952042102813720703e-01,-6.171730041503906250e+00
2.394835501909255981e-01,-2.952102385461330414e-02,2.187082171440124512e-02,-3.555154800415039062e-01,-1.757940292358398438e+00,-2.787858486175537109e+00
2.471913993358612061e-01,3.327512368559837341e-02,1.507917419075965881e-02,1.830283403396606445e+00,2.280533313751220703e-01,-8.931974768638610840e-01
2.453737854957580566e-01,-1.358154881745576859e-02,1.115020364522933960e-02,6.808124184608459473e-01,-2.338417619466781616e-01,-1.502491712570190430e+00
2.503408491611480713e-01,5.815436691045761108e-02,3.277207165956497192e-02,-2.878517806529998779e-01,8.470252156257629395e-02,-4.692334175109863281e+00
2.221170961856842041e-01,-2.962105441838502884e-03,-1.440108753740787506e-02,-1.188039302825927734e+00,-6.001343727111816406e-01,2.702449858188629150e-01
1.481450796127319336e-01,2.282749302685260773e-02,-7.653310894966125488e-04,-5.218949317932128906e-01,-3.482984006404876709e-01,4.098085165023803711e-01
2.354033738374710083e-01,-1.371204014867544174e-02,-1.231271959841251373e-02,2.448793172836303711e+00,5.421637296676635742e-01,3.097260594367980957e-01
2.332337796688079834e-01,2.148517407476902008e-02,2.621356397867202759e-04,1.465181112289428711e-01,-1.667988151311874390e-01,-2.725374460220336914e+00
2.973701059818267822e-01,1.956998556852340698e-02,1.498372480273246765e-02,2.617921829223632812e-01,1.694175243377685547e+00,-2.136154413223266602e+00
2.394542992115020752e-01,-1.603340962901711464e-03,9.391533210873603821e-03,-1.618985652923583984e+00,-1.102142572402954102e+00,2.057341098785400391e+00
2.004981040954589844e-01,5.070986226201057434e-02,4.851253703236579895e-03,-2.059445619583129883e+00,-1.283661484718322754e+00,1.969919800758361816e-01
2.223088890314102173e-01,6.451369076967239380e-02,-5.049902200698852539e-02,4.049124717712402344e+00,4.367738962173461914e-01,-2.467650413513183594e+00
3.386504650115966797e-01,2.931641973555088043e-02,-3.611408174037933350e-04,2.105470657348632812e+00,1.829533815383911133e+00,2.059749513864517212e-01
2.901475727558135986e-01,5.448132287710905075e-03,-3.887269645929336548e-03,-8.742071390151977539e-01,-4.569018840789794922e+00,-8.224419951438903809e-01
2.079007774591445923e-01,3.569813445210456848e-02,-1.621862687170505524e-02,-1.692175745964050293e+00,8.082136511802673340e-02,-2.930157661437988281e+00
2.882755994796752930e-01,8.023747056722640991e-02,-4.336245357990264893e-02,2.545046329498291016e+00,-1.787458300590515137e+00,1.843986630439758301e+00
2.652929723262786865e-01,1.506521925330162048e-02,-2.259094826877117157e-02,-1.535013020038604736e-01,1.660160183906555176e+00,-4.197575151920318604e-01
2.637754976749420166e-01,1.839350536465644836e-02,-3.059016726911067963e-02,2.177218794822692871e-01,-9.125339388847351074e-01,1.080426812171936035e+00
2.985149621963500977e-01,5.157823115587234497e-02,4.232261329889297485e-03,-9.761447310447692871e-01,-3.007352352142333984e-01,-2.041932106018066406e+00
2.750039398670196533e-01,2.356342412531375885e-02,1.802191697061061859e-02,-3.481445312500000000e+00,-6.844221949577331543e-01,7.729613184928894043e-01
2.976422309875488281e-01,7.375598698854446411e-02,-2.097678370773792267e-02,8.108035326004028320e-01,-4.679777026176452637e-01,2.341106414794921875e+00
1.935659050941467285e-01,4.320041090250015259e-02,-3.443686664104461670e-02,1.485199630260467529e-01,5.810801982879638672e-01,2.569785594940185547e+00
2.969463467597961426e-01,6.069149821996688843e-02,1.329488586634397507e-02,1.336766719818115234e+00,1.395165562629699707e+00,-5.530306696891784668e-01
1.297129690647125244e-01,4.898610059171915054e-03,-7.727695629000663757e-03,3.789580464363098145e-01,5.291390419006347656e-01,5.774775743484497070e-01
1.477202922105789185e-01,1.246625557541847229e-02,9.143965318799018860e-03,1.347730040550231934e+00,1.927040368318557739e-01,-2.348320245742797852e+00
9.399442374706268311e-02,2.447959221899509430e-02,1.046736817806959152e-02,6.156389117240905762e-01,-4.404231905937194824e-01,-5.837180614471435547e-01
1.391423791646957397e-01,4.981446545571088791e-03,-3.348770737648010254e-02,-2.135382890701293945e+00,1.054680943489074707e+00,6.704182624816894531e+00
1.400805264711380005e-01,3.142168745398521423e-02,-2.131818048655986786e-02,9.089419841766357422e-01,-3.102651238441467285e-01,8.322932243347167969e+00
1.206689029932022095e-01,7.971902191638946533e-02,6.434969604015350342e-03,-9.996778964996337891e-01,-1.542194247245788574e+00,1.374143981933593750e+01
1.106960326433181763e-01,8.801791071891784668e-02,5.966462194919586182e-04,-8.809481263160705566e-01,-4.959103465080261230e-01,1.461509990692138672e+01
1.147628575563430786e-01,6.932596862316131592e-02,8.581141009926795959e-03,6.896619200706481934e-01,1.393505930900573730e+00,1.132716083526611328e+01
1.300155818462371826e-01,9.242916107177734375e-02,4.036193713545799255e-03,4.806047081947326660e-01,-3.598127961158752441e-01,7.259664058685302734e+00
1.949567049741744995e-01,7.760208845138549805e-02,-4.517996683716773987e-03,3.281428217887878418e-01,-1.010902762413024902e+00,8.816945075988769531e+00
2.161633968353271484e-01,6.944662332534790039e-02,-2.917540632188320160e-02,-1.674325317144393921e-01,7.675276994705200195e-01,1.099446105957031250e+01
2.048670649528503418e-01,6.500975787639617920e-02,-5.065478384494781494e-03,1.175259113311767578e+00,-1.057602643966674805e+00,8.607398033142089844e+00
2.412234246730804443e-01,8.849983103573322296e-03,3.130864724516868591e-02,4.590609073638916016e-01,-1.320062160491943359e+00,5.511630058288574219e+00
1.637170016765594482e-01,3.076966106891632080e-02,-2.543342672288417816e-02,-6.487168669700622559e-01,1.749648153781890869e-02,1.201204657554626465e+00
1.895831376314163208e-01,2.252452075481414795e-02,1.694127172231674194e-02,2.441689968109130859e-01,-2.323476672172546387e-01,-1.321892142295837402e+00
2.243603467941284180e-01,5.006410554051399231e-02,3.480523824691772461e-03,-6.952471137046813965e-01,2.833353519439697266e+00,-2.376745223999023438e+00
2.078968286514282227e-01,1.691198907792568207e-02,-2.240010537207126617e-02,-6.241054534912109375e-01,-6.764508485794067383e-01,-1.783599853515625000e-01
3.053241372108459473e-01,3.930720686912536621e-02,1.627125591039657593e-02,-5.660784840583801270e-01,-9.209493398666381836e-01,2.424831628799438477e+00
1.803249865770339966e-01,6.386697292327880859e-03,-1.657265238463878632e-02,3.698708415031433105e-01,7.078425884246826172e-01,-1.405163049697875977e+00
2.447191774845123291e-01,3.824807330965995789e-02,2.053125947713851929e-02,1.425383806228637695e+00,-1.750483512878417969e+00,-2.438647508621215820e+00
2.202136665582656860e-01,4.909789562225341797e-02,-2.295617945492267609e-02,-9.598754048347473145e-01,2.049357891082763672e+00,-7.286048531532287598e-01
3.031152486801147461e-01,4.786910861730575562e-02,-1.506792940199375153e-02,-2.049657404422760010e-01,9.645872116088867188e-01,-1.859736442565917969e-02
2.803151011466979980e-01,5.501345917582511902e-02,6.372923031449317932e-03,-1.344727039337158203e+00,-5.169509053230285645e-01,1.085112094879150391e+00
3.246973752975463867e-01,4.786163568496704102e-02,-1.630461029708385468e-02,-1.042825222015380859e+00,-7.976279258728027344e-01,-7.955505251884460449e-01
3.351917564868927002e-01,5.299776047468185425e-02,4.380302503705024719e-03,7.820237874984741211e-01,8.863668441772460938e-01,-2.068437576293945312e+00
2.209056615829467773e-01,1.285640336573123932e-02,-9.622657671570777893e-03,-4.936807155609130859e-01,-4.432407617568969727e-01,4.237585663795471191e-01
3.074291348457336426e-01,5.459592491388320923e-02,1.696329377591609955e-02,7.646489888429641724e-02,-1.709188669919967651e-01,2.290188312530517578e+00
2.600869238376617432e-01,1.677825488150119781e-02,-2.143198624253273010e-02,-2.139382064342498779e-01,4.563728272914886475e-01,3.823469877243041992e-01
3.207898139953613281e-01,8.935180306434631348e-02,3.825798630714416504e-02,2.295763492584228516e+00,-2.582201063632965088e-01,-1.189098358154296875e+00
2.721446752548217773e-01,3.184123709797859192e-02,-1.469230465590953827e-02,4.161350131034851074e-01,6.208271980285644531e-01,1.783907890319824219e+00
2.261878401041030884e-01,2.853219583630561829e-02,4.197679460048675537e-03,-1.471513867378234863e+00,-4.802747726440429688e+00,4.518404483795166016e+00
2.879496514797210693e-01,1.061532050371170044e-01,1.689641363918781281e-02,-4.334357678890228271e-01,8.084304332733154297e-01,1.102000141143798828e+01
2.726264297962188721e-01,9.614187479019165039e-02,-1.476180367171764374e-02,-2.949289083480834961e+00,-1.989112734794616699e+00,1.192309570312500000e+01
2.435782253742218018e-01,1.189152300357818604e-01,4.337425529956817627e-02,2.344555139541625977e+00,-1.934592008590698242e+00,1.785873031616210938e+01
1.918639838695526123e-01,7.258887588977813721e-02,1.568350940942764282e-03,-3.825970739126205444e-02,-3.076882362365722656e-01,1.551120948791503906e+01
1.630447655916213989e-01,8.331255614757537842e-02,9.207870811223983765e-03,-2.661306858062744141e+00,-3.484819412231445312e+00,1.642502593994140625e+01
1.876125335693359375e-01,4.879956692457199097e-02,-1.189162395894527435e-02,-1.339634776115417480e+00,-2.576087236404418945e+00,1.226145458221435547e+01
2.073747515678405762e-01,1.498323120176792145e-02,-2.145711518824100494e-02,1.703749299049377441e+00,-1.452717930078506470e-01,6.160695552825927734e+00
2.738008201122283936e-01,9.418345987796783447e-03,2.619265206158161163e-02,1.197733521461486816e+00,3.654338717460632324e-01,-2.634973764419555664e+00
2.539403438568115234e-01,-1.892873458564281464e-02,-1.060172729194164276e-02,-8.368603885173797607e-03,-2.248944759368896484e+00,1.402065277099609375e+00
2.334555387496948242e-01,-4.344721138477325439e-02,3.006472438573837280e-02,1.344140768051147461e-01,3.950380682945251465e-01,9.660785794258117676e-01
2.142027616500854492e-01,1.369683351367712021e-02,1.397511083632707596e-02,1.286290168762207031e+00,1.802729368209838867e+00,4.905375540256500244e-01
1.993400454521179199e-01,8.734460920095443726e-03,2.238562889397144318e-02,1.403000473976135254e+00,-6.223940253257751465e-01,-4.256445884704589844e+00
1.692099869251251221e-01,-2.691972767934203148e-03,-4.631372168660163879e-03,-5.073437690734863281e-01,-7.484807372093200684e-01,-3.805683553218841553e-01
9.229057282209396362e-02,8.838546462357044220e-03,6.153060123324394226e-03,1.714381575584411621e-01,1.666608095169067383e+00,2.244445800781250000e+00
8.504353463649749756e-02,-8.391343057155609131e-03,-7.533950731158256531e-03,1.828654050827026367e+00,1.895907282829284668e+00,7.287490367889404297e-01
9.291619062423706055e-03,3.613166511058807373e-02,1.009204238653182983e-02,6.343925595283508301e-01,2.102021127939224243e-01,-9.176618456840515137e-01
1.591641902923583984e-01,-9.471297264099121094e-03,-5.525632947683334351e-02,-9.498690366744995117e-01,-1.156084537506103516e+00,7.015591859817504883e-02
2.146673202514648438e-01,-2.284825593233108521e-02,1.289867609739303589e-02,4.154325723648071289e-01,-1.082241415977478027e+00,1.313057184219360352e+00
3.010947108268737793e-01,2.592799067497253418e-02,-1.107675954699516296e-03,8.012948930263519287e-02,-8.581423759460449219e-01,1.740618109703063965e+00
2.390766441822052002e-01,3.614439442753791809e-02,1.134517416357994080e-02,-2.693380415439605713e-01,1.120722889900207520e+00,1.479713439941406250e+00
2.427224814891815186e-01,1.661283150315284729e-02,3.641289845108985901e-02,3.396106660366058350e-01,-3.773390054702758789e-01,-2.607203483581542969e+00
2.410422861576080322e-01,7.770881056785583496e-04,-1.001761667430400848e-02,-6.789433360099792480e-01,-9.952070713043212891e-01,-3.162584602832794189e-01
2.318977117538452148e-01,2.584568457677960396e-03,-1.850469037890434265e-03,-8.765564560890197754e-01,-1.768661618232727051e+00,3.975641250610351562e+00
2.970915436744689941e-01,8.470096625387668610e-03,1.094713900238275528e-02,-2.978127300739288330e-01,2.248078346252441406e+00,2.506886482238769531e+00
1.997040659189224243e-01,1.885806769132614136e-02,1.164358109235763550e-02,6.897546052932739258e-01,-8.736329078674316406e-01,-6.761757135391235352e-01
2.136598676443099976e-01,3.739713877439498901e-02,7.513226941227912903e-03,9.289892017841339111e-02,-3.165531754493713379e-01,-1.900511384010314941e+00
2.152266949415206909e-01,-1.409788243472576141e-02,-4.146678745746612549e-02,4.772908687591552734e-01,-6.233612298965454102e-01,6.414059400558471680e-01
2.598785459995269775e-01,-4.367771092802286148e-03,1.700063422322273254e-02,-4.067187905311584473e-01,-4.938894510269165039e-01,1.838495016098022461e+00
2.820644974708557129e-01,4.332912713289260864e-02,-2.606013976037502289e-02,-1.290707826614379883e+00,1.066318869590759277e+00,9.823312759399414062e-01
2.091034352779388428e-01,3.930281475186347961e-02,1.546161249279975891e-03,5.347968339920043945e-01,-6.586151123046875000e-01,1.605035066604614258e+00
2.179658114910125732e-01,2.301079593598842621e-02,1.995633542537689209e-02,7.695092558860778809e-01,-9.372019767761230469e-01,-2.852979898452758789e+00
2.105023413896560669e-01,-8.798709139227867126e-03,-3.245613723993301392e-02,-5.977602601051330566e-01,-2.470330715179443359e+00,1.923060417175292969e+00
2.223758995532989502e-01,1.254372298717498779e-03,6.076574325561523438e-03,8.808360248804092407e-02,2.468277454376220703e+00,3.518297672271728516e-01
1.923434883356094360e-01,-3.286921232938766479e-02,2.649344503879547119e-02,-5.836229920387268066e-01,-3.941862881183624268e-01,-1.205724954605102539e+00
2.345794886350631714e-01,4.552052542567253113e-02,5.235742032527923584e-02,1.382418394088745117e+00,5.466493964195251465e-01,-2.562446117401123047e+00
2.338168919086456299e-01,1.938477531075477600e-02,-1.378748752176761627e-02,9.049221128225326538e-02,-8.875782787799835205e-02,-2.407379001379013062e-01
2.647111415863037109e-01,1.661295071244239807e-03,1.346943341195583344e-02,2.286400198936462402e-01,-1.037541627883911133e+00,1.916073799133300781e+00
2.180016338825225830e-01,-1.311777043156325817e-03,2.761852182447910309e-02,-9.796609878540039062e-01,1.781868457794189453e+00,6.961234807968139648e-01
2.358339875936508179e-01,2.622875571250915527e-02,2.318476140499114990e-02,7.509072422981262207e-01,-9.328781962394714355e-01,-3.794738531112670898e+00
2.236807644367218018e-01,3.531786054372787476e-02,2.416387572884559631e-02,8.092359304428100586e-01,2.645320296287536621e-01,-5.827905654907226562e+00
1.819490790367126465e-01,-4.545997828245162964e-02,1.225301064550876617e-02,1.877089291810989380e-01,-1.865295171737670898e+00,-3.500552177429199219e-01
1.877452582120895386e-01,1.271095685660839081e-02,-3.565609455108642578e-03,-1.065977454185485840e+00,1.574219107627868652e+00,7.666797041893005371e-01
2.777234911918640137e-01,2.436138503253459930e-02,-8.415492251515388489e-03,4.163125455379486084e-01,-6.400336027145385742e-01,1.104875802993774414e+00
2.041092813014984131e-01,3.927693888545036316e-02,1.834978908300399780e-02,-8.308254182338714600e-02,-1.171915233135223389e-02,-4.511461257934570312e+00
2.430117279291152954e-01,2.292594499886035919e-02,-2.192525751888751984e-02,-7.029019594192504883e-01,-3.025839924812316895e-01,1.273315429687500000e+00
2.133717536926269531e-01,1.611681468784809113e-02,-2.184925600886344910e-03,6.237772703170776367e-01,-8.648660182952880859e-01,-3.365788161754608154e-01
2.236802279949188232e-01,-8.192717097699642181e-03,2.159874513745307922e-02,1.651920318603515625e+00,1.260375857353210449e+00,-1.836603999137878418e+00
2.379193305969238281e-01,2.388034574687480927e-02,2.456778660416603088e-03,4.345165789127349854e-01,-9.124447107315063477e-01,-3.171338319778442383e+00
2.202168107032775879e-01,3.202669322490692139e-02,1.029475033283233643e-02,4.223963320255279541e-01,1.942211270332336426e+00,-1.400776624679565430e+00
2.210988104343414307e-01,-1.453642174601554871e-02,-1.702220924198627472e-02,-1.492920994758605957e+00,-2.759621381759643555e+00,7.065094113349914551e-01
2.604347467422485352e-01,-1.822059415280818939e-02,1.178384572267532349e-02,-5.718520283699035645e-01,4.896870255470275879e-01,1.588227272033691406e+00
2.071739286184310913e-01,7.075382769107818604e-02,-1.065372489392757416e-02,-1.212690591812133789e+00,-2.083344936370849609e+00,2.902905941009521484e+00
4.124476015567779541e-02,2.082113921642303467e-02,4.603527113795280457e-02,3.609738349914550781e-01,-3.340190052986145020e-01,7.500661849975585938e+00
2.112304866313934326e-01,1.335503756999969482e-01,1.478511467576026917e-02,9.012328088283538818e-02,-1.427525877952575684e+00,2.125056838989257812e+01
1.628148555755615234e-01,7.327210158109664917e-02,1.675770804286003113e-02,6.578660607337951660e-01,1.420868158340454102e+00,2.242959594726562500e+01
1.195575445890426636e-01,1.160275787115097046e-01,-2.387201413512229919e-03,4.462039470672607422e-01,7.703516483306884766e-01,1.804110908508300781e+01
1.607290655374526978e-01,1.179475784301757812e-01,-2.944327890872955322e-03,-7.571931481361389160e-01,4.065525531768798828e-01,1.906070327758789062e+01
2.144899666309356689e-01,1.240020543336868286e-01,1.557289622724056244e-02,-7.583028078079223633e-01,-1.114790439605712891e+00,1.193621158599853516e+01
1.381625235080718994e-01,6.677401065826416016e-02,2.356677502393722534e-02,-9.644817113876342773e-01,-5.566787123680114746e-01,9.076739311218261719e+00
1.288335025310516357e-01,1.152852177619934082e-01,2.974295988678932190e-03,-3.585928916931152344e+00,-2.970204949378967285e-01,1.105482196807861328e+01
1.747754663228988647e-01,5.359783768653869629e-02,-2.107678912580013275e-02,-1.597952604293823242e+00,-8.606756925582885742e-01,1.133237075805664062e+01
1.885102093219757080e-01,3.200527280569076538e-02,-6.663674488663673401e-03,2.524861693382263184e-01,-2.059226036071777344e+00,4.797242164611816406e+00
2.020631283521652222e-01,1.459908392280340195e-02,-1.117311604321002960e-02,1.479628086090087891e-01,-1.109473228454589844e+00,3.682743549346923828e+00
1.750340163707733154e-01,2.828439511358737946e-02,1.319022569805383682e-02,-5.082198604941368103e-02,4.823461472988128662e-01,-1.457744464278221130e-02
1.608541607856750488e-01,6.172670517116785049e-03,1.165158487856388092e-02,-8.730721473693847656e-01,-9.851247072219848633e-01,-6.593817234039306641e+00
1.344097703695297241e-01,-2.735337708145380020e-03,1.290916372090578079e-02,1.566479802131652832e+00,1.785856485366821289e+00,-6.365754127502441406e+00
2.255341857671737671e-01,9.933589026331901550e-03,-5.459465086460113525e-03,-1.213891148567199707e+00,1.057312190532684326e-01,-6.085069656372070312e+00
1.861607283353805542e-01,3.380644321441650391e-02,-4.503576084971427917e-03,-9.282226115465164185e-02,-3.916407227516174316e-01,-6.846648454666137695e-01
2.721968293190002441e-01,2.180444076657295227e-03,-2.434221096336841583e-02,5.114978551864624023e-01,7.154892086982727051e-01,-1.371091842651367188e+00
2.091184258460998535e-01,4.609594121575355530e-02,1.675631292164325714e-02,1.053322434425354004e+00,-6.664037704467773438e-01,-2.039317607879638672e+00
2.047540247440338135e-01,3.047049790620803833e-02,1.849256455898284912e-03,7.709310650825500488e-01,1.275420308113098145e+00,-4.067034244537353516e+00
1.990090608596801758e-01,3.180018067359924316e-02,-2.777470462024211884e-02,-1.735893368721008301e+00,-7.919113039970397949e-01,1.585987210273742676e-02
2.982960939407348633e-01,5.896975472569465637e-02,1.146601047366857529e-02,1.754080653190612793e-01,-5.423187017440795898e-01,1.395761013031005859e+00
2.601461112499237061e-01,1.914914883673191071e-02,-1.769158989191055298e-04,1.365740895271301270e+00,-1.007019728422164917e-01,-5.063611865043640137e-01
1.964983940124511719e-01,1.995256915688514709e-02,2.236654981970787048e-03,-5.420421808958053589e-02,-3.803536295890808105e-01,-3.814429283142089844e+00
2.186870872974395752e-01,7.978746294975280762e-02,2.508096396923065186e-03,7.043530941009521484e-01,-9.730267524719238281e-01,-1.339452624320983887e+00
1.725023090839385986e-01,-6.021874025464057922e-03,-7.093988358974456787e-03,8.215196728706359863e-01,-5.606983900070190430e-01,3.246760129928588867e+00
1.798692196607589722e-01,6.210934836417436600e-03,4.129995033144950867e-02,-9.659383296966552734e-01,1.170948505401611328e+00,5.279214382171630859e-01
2.057764530181884766e-01,6.039214134216308594e-02,-9.154900908470153809e-06,-2.179320096969604492e+00,-1.259641170501708984e+00,-8.189290165901184082e-01
1.919321715831756592e-01,4.637604951858520508e-02,9.992163628339767456e-03,6.613606810569763184e-01,-9.763064384460449219e-01,2.988383531570434570e+00
1.648919135332107544e-01,7.391590625047683716e-02,2.370021678507328033e-02,1.464484095573425293e+00,-9.377818107604980469e-01,6.407432556152343750e+00
2.249615788459777832e-01,9.386039525270462036e-02,5.942741408944129944e-03,-2.755434036254882812e+00,-3.064728021621704102e+00,1.316096782684326172e+01
1.721687614917755127e-01,1.081213727593421936e-01,2.955885976552963257e-02,-1.588371396064758301e+00,-2.043295860290527344e+00,2.162444496154785156e+01
2.686086893081665039e-01,1.098259687423706055e-01,-2.422127872705459595e-04,1.479197263717651367e+00,1.285137057304382324e+00,1.961770057678222656e+01
2.052549719810485840e-01,7.232320308685302734e-02,2.875241078436374664e-02,2.606952428817749023e+00,-6.166781485080718994e-02,3.657792806625366211e+00
1.850695908069610596e-01,4.448582604527473450e-02,1.408923417329788208e-04,2.592993676662445068e-01,-7.391728460788726807e-02,9.999846458435058594e+00
1.641961187124252319e-01,-5.327875912189483643e-02,2.728868275880813599e-03,-1.301193594932556152e+00,-1.531947255134582520e+00,5.275850296020507812e+00
1.613601297140121460e-01,-6.066539511084556580e-02,-2.204513736069202423e-02,-7.695034742355346680e-01,-2.014628648757934570e+00,-6.429866790771484375e+00
1.465722024440765381e-01,-5.059031769633293152e-02,1.325439475476741791e-02,-1.276741623878479004e-01,2.503989934921264648e+00,-1.323403930664062500e+01
1.276056766510009766e-01,-1.097457557916641235e-01,4.645572975277900696e-03,-7.207264304161071777e-01,8.616159856319427490e-02,-1.870271492004394531e+01
1.305931210517883301e-01,-4.461899027228355408e-02,4.975180327892303467e-02,2.315983533859252930e+00,1.088145971298217773e+00,-1.620004653930664062e+01
8.862943947315216064e-02,-7.985961623489856720e-03,1.134784147143363953e-02,1.629331111907958984e-01,2.010898590087890625e+00,-6.774168014526367188e+00
4.983256012201309204e-02,2.639121375977993011e-02,1.910211518406867981e-02,-7.848916053771972656e-01,7.837277054786682129e-01,-2.423279762268066406e+00
4.824161529541015625e-03,7.432219572365283966e-03,2.597916871309280396e-03,6.980567574501037598e-01,7.752687931060791016e-01,-4.903218150138854980e-01
-3.947734832763671875e-03,3.943553660064935684e-03,-8.651318028569221497e-03,2.505649328231811523e-01,4.602318108081817627e-01,-2.542387843132019043e-01
-1.176305115222930908e-02,5.026759114116430283e-03,-8.375197649002075195e-05,-2.265735566616058350e-01,-3.208625828847289085e-03,-7.346720695495605469e-01
-5.923137068748474121e-03,1.482532918453216553e-02,1.512712705880403519e-02,-6.894654035568237305e-01,-3.355006575584411621e-01,-8.866896033287048340e-01
-2.599984407424926758e-03,1.187451742589473724e-02,5.298066884279251099e-03,1.206812188029289246e-01,-2.192182838916778564e-02,-4.699901938438415527e-01
-3.394097089767456055e-03,1.209526974707841873e-02,3.729268908500671387e-03,4.990302026271820068e-02,-5.702960491180419922e-02,3.186494112014770508e-02
1.672923564910888672e-03,8.687384426593780518e-03,3.710653632879257202e-03,-1.806844770908355713e-01,7.141727954149246216e-02,-3.995746374130249023e-03
-3.223806619644165039e-03,1.163458265364170074e-02,5.691420286893844604e-03,-1.170346140861511230e-01,-4.672775566577911377e-01,-8.409567177295684814e-02
-2.599701285362243652e-03,1.334503944963216782e-02,7.523313164710998535e-03,-3.611041605472564697e-01,-1.468055099248886108e-01,-6.873917579650878906e-02
-5.754172801971435547e-03,1.273368392139673233e-02,1.053805835545063019e-02,-1.735944747924804688e-01,-2.511928081512451172e-01,-3.531827330589294434e-01
-5.101412534713745117e-04,1.668102666735649109e-02,1.279190182685852051e-04,-8.848296850919723511e-02,3.253892064094543457e-02,-3.475696444511413574e-01
-1.338900625705718994e-02,1.930969767272472382e-02,5.488933995366096497e-03,1.175785623490810394e-02,-3.090395778417587280e-02,-7.894303798675537109e-01
6.476997584104537964e-02,2.648871764540672302e-02,9.988967329263687134e-03,-6.059432625770568848e-01,5.274682641029357910e-01,-1.119678497314453125e+00
1.767766624689102173e-01,1.564734987914562225e-02,2.679418772459030151e-03,-7.945193052291870117e-01,-1.008911252021789551e+00,2.740832090377807617e+00
1.681087613105773926e-01,3.005056874826550484e-03,3.383755311369895935e-02,-7.853068709373474121e-01,-1.443479299545288086e+00,5.477655410766601562e+00
1.995373815298080444e-01,4.413456842303276062e-02,9.584655985236167908e-03,-1.450530290603637695e+00,2.010573148727416992e+00,7.471887588500976562e+00
1.985186934471130371e-01,1.523697376251220703e-02,1.271372288465499878e-02,-7.749539613723754883e-01,-7.192422747611999512e-01,2.489393949508666992e+00
2.225802987813949585e-01,6.240773946046829224e-02,3.956376761198043823e-02,-2.363811433315277100e-02,-1.234643340110778809e+00,1.181634616851806641e+01
1.904813200235366821e-01,4.053698852658271790e-02,3.977798298001289368e-02,-3.381330370903015137e-01,-1.784498929977416992e+00,1.455428123474121094e+01
2.324900627136230469e-01,6.728228926658630371e-02,2.212596870958805084e-02,-2.827880978584289551e-01,-7.956010103225708008e-01,1.779683303833007812e+01
1.730843633413314819e-01,5.625079944729804993e-02,3.708954900503158569e-02,5.424259305000305176e-01,-2.728729248046875000e-01,7.120698451995849609e+00
2.507912516593933105e-01,8.004796504974365234e-02,1.728085055947303772e-02,1.143617153167724609e+00,-5.985914468765258789e-01,1.148526573181152344e+01
1.806888729333877563e-01,3.710145130753517151e-02,-1.219302229583263397e-02,-1.805605590343475342e-01,1.065210342407226562e+00,3.645827293395996094e+00
3.116629123687744141e-01,6.250998377799987793e-02,1.048051565885543823e-02,-1.441170454025268555e+00,-3.942416667938232422e+00,9.617499351501464844e+00
2.198887169361114502e-01,-6.109465844929218292e-03,-1.553358789533376694e-02,8.801997303962707520e-01,3.102601289749145508e+00,3.266699314117431641e+00
2.052626311779022217e-01,1.867345999926328659e-03,1.931623928248882294e-02,5.168154835700988770e-01,-2.131400823593139648e+00,-8.762057423591613770e-01
2.455635219812393188e-01,3.833186998963356018e-02,1.795804314315319061e-02,2.666156530380249023e+00,9.661577343940734863e-01,-2.873076677322387695e+00
2.106525003910064697e-01,-2.113967016339302063e-02,-3.036423586308956146e-02,1.648529887199401855e+00,3.042230308055877686e-01,-5.904739499092102051e-01
2.786620855331420898e-01,1.639327965676784515e-02,2.624256350100040436e-02,-1.692378163337707520e+00,4.268132746219635010e-01,-1.769203066825866699e+00
2.368931025266647339e-01,5.256844311952590942e-02,-4.169611260294914246e-03,-4.527330696582794189e-01,-1.896931767463684082e+00,1.244248390197753906e+00
2.662544548511505127e-01,3.253049775958061218e-02,2.001697197556495667e-03,1.706180572509765625e+00,-4.253312349319458008e-01,-3.722040891647338867e+00
2.361215353012084961e-01,3.437793627381324768e-02,-1.729028113186359406e-02,-4.411631226539611816e-01,1.020423650741577148e+00,-9.368745684623718262e-01
1.955247521400451660e-01,-9.972494095563888550e-03,-1.161736808717250824e-02,-2.221029281616210938e+00,-1.636183738708496094e+00,1.815835714340209961e+00
2.776849269866943359e-01,2.173009701073169708e-02,4.185877740383148193e-03,-1.526200413703918457e+00,1.065351724624633789e+00,9.553756117820739746e-01
2.248750478029251099e-01,2.634113468229770660e-02,1.824839226901531219e-02,4.267290234565734863e-01,-5.687938928604125977e-01,-1.792533397674560547e+00
2.859547734260559082e-01,2.547010593116283417e-02,3.217426687479019165e-02,1.187389612197875977e+00,2.562388658523559570e+00,-2.432257175445556641e+00
2.478275001049041748e-01,1.620002090930938721e-02,-1.989260129630565643e-02,2.062975317239761353e-01,-1.612491965293884277e+00,1.120616942644119263e-01
2.027891278266906738e-01,5.440557375550270081e-03,2.341224253177642822e-02,-3.983702361583709717e-01,9.053632020950317383e-01,2.692584991455078125e-01
2.499332576990127563e-01,3.777429834008216858e-02,1.094450429081916809e-02,-2.733439505100250244e-01,-1.425899744033813477e+00,-5.842997431755065918e-01
2.089384049177169800e-01,4.230311885476112366e-02,-7.125871255993843079e-03,-7.989110797643661499e-02,1.362890481948852539e+00,-1.482489347457885742e+00
2.644219696521759033e-01,1.974581368267536163e-02,-1.712279208004474640e-02,3.688940405845642090e-01,1.117520034313201904e-02,2.851080000400543213e-01
2.944308221340179443e-01,1.569491252303123474e-02,8.949322625994682312e-03,-2.487567901611328125e+00,2.087457031011581421e-01,6.313998103141784668e-01
3.101136982440948486e-01,-9.288035333156585693e-03,3.013327904045581818e-02,9.826340079307556152e-01,1.227056756615638733e-01,1.045897722244262695e+00
2.048172354698181152e-01,2.307657711207866669e-02,9.172854945063591003e-03,3.175333023071289062e+00,1.080443620681762695e+00,-2.317873239517211914e+00
2.535186409950256348e-01,1.386528927832841873e-02,6.137715652585029602e-03,9.954433441162109375e-01,8.301865458488464355e-01,-1.319693326950073242e+00
2.825930714607238770e-01,3.101904690265655518e-02,2.187265455722808838e-02,-3.503700256347656250e+00,1.465714573860168457e-01,2.997463047504425049e-01
2.999572157859802246e-01,4.349795728921890259e-02,3.693178296089172363e-03,-4.610583186149597168e-01,-1.319877147674560547e+00,1.454639434814453125e+00
2.796168327331542969e-01,5.730417370796203613e-02,1.150667946785688400e-02,4.423902928829193115e-01,1.243851065635681152e+00,-3.794982671737670898e+00
2.733235955238342285e-01,5.054244399070739746e-02,5.536062642931938171e-03,-1.733261719346046448e-02,-5.844119787216186523e-01,-4.006267488002777100e-01
3.233885169029235840e-01,3.036275133490562439e-02,1.063051447272300720e-02,-2.612129688262939453e+00,-1.855227828025817871e+00,2.346962690353393555e+00
3.131677508354187012e-01,3.253185003995895386e-02,5.220856517553329468e-03,-6.510265171527862549e-02,-1.180484533309936523e+00,1.462407708168029785e-01
2.698088884353637695e-01,3.744700923562049866e-03,-4.075953736901283264e-03,2.279601812362670898e+00,-2.342690676450729370e-01,-4.798999309539794922e+00
2.246855497360229492e-01,2.743860520422458649e-02,3.633579239249229431e-02,2.179334163665771484e+00,1.344948649406433105e+00,-1.399613380432128906e+00
2.208991646766662598e-01,2.926217578351497650e-02,1.511523779481649399e-02,6.212280988693237305e-01,1.429094910621643066e+00,-3.064033508300781250e+00
2.383563816547393799e-01,-1.427918672561645508e-02,1.281289756298065186e-02,4.304542541503906250e-01,-1.126365184783935547e+00,-3.924319744110107422e+00
1.525356322526931763e-01,-5.614239256829023361e-03,-1.130373962223529816e-02,7.301561236381530762e-01,-6.241500377655029297e-01,-5.459246635437011719e+00
2.262138426303863525e-01,3.269357234239578247e-02,2.510759234428405762e-02,4.578978419303894043e-01,1.449134945869445801e+00,-2.425418138504028320e+00
2.109921723604202271e-01,7.004925608634948730e-02,2.618102729320526123e-02,-7.139824032783508301e-01,-1.312277197837829590e+00,7.491226196289062500e+00
1.879278272390365601e-01,5.099882557988166809e-02,2.225039713084697723e-02,-4.755302071571350098e-01,2.396793067455291748e-01,1.282080841064453125e+01
1.527123451232910156e-01,9.041232615709304810e-02,6.293760612607002258e-03,-3.508402407169342041e-02,-1.119908452033996582e+00,1.215524864196777344e+01
1.124125123023986816e-01,1.140538305044174194e-01,3.274443373084068298e-02,2.751970887184143066e-01,-2.314141273498535156e+00,1.410570240020751953e+01
9.144478291273117065e-02,8.189249038696289062e-02,1.188052259385585785e-02,-2.234739303588867188e+00,-6.170420646667480469e-01,2.206226348876953125e+01
1.868628710508346558e-01,1.476620882749557495e-01,2.876316383481025696e-02,-1.649161458015441895e+00,3.858283162117004395e-02,2.220718193054199219e+01
1.408011317253112793e-01,9.112930297851562500e-02,1.105516124516725540e-02,6.333261132240295410e-01,9.641446173191070557e-03,1.680910110473632812e+01
1.667120754718780518e-01,1.405484676361083984e-01,2.085304260253906250e-02,4.073679447174072266e-01,-3.140265703201293945e+00,1.984782981872558594e+01
1.197931319475173950e-01,1.523627489805221558e-01,-1.265659369528293610e-02,-3.179315090179443359e+00,-1.687554419040679932e-01,1.927882003784179688e+01
1.745785027742385864e-01,1.092740818858146667e-01,3.332091867923736572e-02,-1.642087697982788086e+00,-3.857821941375732422e+00,2.402151107788085938e+01
1.564489752054214478e-01,7.018829137086868286e-02,1.178388111293315887e-02,3.723372817039489746e-01,1.470292568206787109e+00,1.888528633117675781e+01
2.172249108552932739e-01,5.271283164620399475e-02,2.655238471925258636e-02,3.074443101882934570e+00,-1.109120607376098633e+00,6.911320686340332031e+00
2.720207571983337402e-01,5.709344521164894104e-02,2.484763972461223602e-02,5.806137919425964355e-01,9.686126112937927246e-01,-9.169856309890747070e-01
1.745796501636505127e-01,5.831758957356214523e-03,1.671778038144111633e-02,1.793498098850250244e-01,-2.250848531723022461e+00,-4.019621372222900391e+00
1.812364608049392700e-01,-1.217827275395393372e-01,-3.113598190248012543e-02,9.211274385452270508e-01,-6.100668311119079590e-01,-1.159815692901611328e+01
1.233952790498733521e-01,-6.491363793611526489e-02,1.269663590937852859e-02,4.222746193408966064e-02,-8.158096671104431152e-01,-1.427952289581298828e+01
1.407969892024993896e-01,-2.745728939771652222e-02,1.474448665976524353e-02,1.859736442565917969e+00,9.166137576103210449e-01,-1.516472434997558594e+01
2.044459283351898193e-01,-2.874537557363510132e-02,-9.002363309264183044e-03,-1.575495898723602295e-01,1.781103312969207764e-01,-1.042119598388671875e+01
2.417681217193603516e-01,-2.917703054845333099e-02,6.060306727886199951e-02,-1.942020893096923828e+00,-1.587533473968505859e+00,-4.339140892028808594e+00
2.689696252346038818e-01,1.226226799190044403e-02,-3.091329708695411682e-03,1.124692678451538086e+00,8.059364743530750275e-03,7.167183160781860352e-01
2.240075170993804932e-01,1.084603369235992432e-02,6.013695150613784790e-03,3.194857358932495117e+00,-5.676048994064331055e-01,-4.604819297790527344e+00
3.026137351989746094e-01,-5.054764449596405029e-03,-7.027143612504005432e-03,1.570340991020202637e-01,-4.311253130435943604e-01,-2.473302364349365234e+00
1.938315629959106445e-01,4.178017377853393555e-03,1.834006235003471375e-02,-2.399995326995849609e+00,-2.688927650451660156e+00,-6.925812363624572754e-01
1.932968944311141968e-01,6.095873564481735229e-02,-9.349901229143142700e-04,-1.520171165466308594e-01,-9.289430379867553711e-01,2.425398588180541992e+00
2.544756531715393066e-01,5.974379926919937134e-02,6.181802600622177124e-03,1.890730857849121094e+00,1.430432796478271484e+00,-2.252666950225830078e+00
2.491021305322647095e-01,4.355727881193161011e-02,1.311012916266918182e-02,1.212344646453857422e+00,2.312665224075317383e+00,-7.340586185455322266e-01
3.128821253776550293e-01,1.014672033488750458e-02,2.551750838756561279e-02,-1.195573568344116211e+00,-3.100793123245239258e+00,3.971986770629882812e+00
2.231985628604888916e-01,4.223630204796791077e-02,9.013533592224121094e-03,-1.409434199333190918e+00,-2.833886444568634033e-02,3.027035951614379883e+00
2.342613488435745239e-01,3.930888324975967407e-02,-2.585373632609844208e-02,-3.227868974208831787e-01,6.434110552072525024e-02,7.350878119468688965e-01
3.291404247283935547e-01,9.429115802049636841e-03,1.255297474563121796e-02,2.363638639450073242e+00,3.305863142013549805e+00,-2.249531269073486328e+00
2.474824488162994385e-01,1.853362657129764557e-02,-1.057793758809566498e-02,-1.614724397659301758e+00,-1.619181036949157715e+00,2.182448506355285645e-01
3.073931932449340820e-01,1.221442036330699921e-02,2.655476145446300507e-02,-1.043076872825622559e+00,-1.169180393218994141e+00,3.118651390075683594e+00
2.777114510536193848e-01,6.782492250204086304e-02,-2.155378274619579315e-02,1.821333169937133789e+00,-3.726999163627624512e-01,7.456154227256774902e-01
1.975697875022888184e-01,5.074506998062133789e-02,2.868294715881347656e-02,3.244518518447875977e+00,5.369187593460083008e-01,3.987099647521972656e+00
9.547249227762222290e-02,2.415235340595245361e-02,4.086594283580780029e-02,-1.254429578781127930e+00,3.615585565567016602e-01,-5.529356598854064941e-01
6.330315768718719482e-02,2.391722984611988068e-02,2.913848869502544403e-02,-5.849595069885253906e-01,-3.013447523117065430e-01,-9.646865725517272949e-01
1.480884850025177002e-02,2.764747850596904755e-02,1.374947652220726013e-02,-2.942035198211669922e-01,-2.732849717140197754e-01,-1.754957437515258789e-02
8.361268043518066406e-02,1.395746879279613495e-02,2.348124980926513672e-02,1.027432084083557129e+00,1.053038239479064941e+00,-3.552916646003723145e-02
3.446267545223236084e-02,2.353787422180175781e-02,2.025611326098442078e-02,-1.728040724992752075e-02,7.219982892274856567e-02,1.057932972908020020e-01
6.599009037017822266e-02,1.345531549304723740e-03,-4.001919180154800415e-03,-1.036357283592224121e+00,-7.443823814392089844e-01,3.067491292953491211e+00
1.935348510742187500e-01,-3.940415382385253906e-02,-1.513161603361368179e-02,-2.695204496383666992e+00,1.959226369857788086e+00,7.514975070953369141e+00
2.684682011604309082e-01,8.239239454269409180e-02,-1.130310259759426117e-02,7.692925930023193359e-01,-6.129140853881835938e-01,1.102518939971923828e+01
2.151009887456893921e-01,2.460575848817825317e-02,4.152509570121765137e-02,-2.886076867580413818e-01,-4.202736854553222656e+00,3.694217920303344727e+00
1.760016083717346191e-01,7.360129058361053467e-02,2.579443715512752533e-02,1.129485573619604111e-02,-8.502844572067260742e-01,1.604579162597656250e+01
2.015178799629211426e-01,8.585143089294433594e-02,1.729459129273891449e-02,-7.878521680831909180e-01,-6.099025011062622070e-01,1.584379100799560547e+01
2.095606327056884766e-01,5.062036961317062378e-02,4.276259243488311768e-02,-1.513707280158996582e+00,-4.157578468322753906e+00,1.367127132415771484e+01
1.245088577270507812e-01,4.721434786915779114e-03,2.542164549231529236e-02,-2.027766704559326172e+00,1.139391809701919556e-01,1.051107788085937500e+01
1.521759480237960815e-01,3.469840064644813538e-02,2.564091235399246216e-03,2.478416681289672852e+00,5.725689530372619629e-01,4.485992908477783203e+00
9.850680083036422729e-02,4.683844000101089478e-02,3.018495254218578339e-02,9.168511033058166504e-01,2.135817050933837891e+00,1.094087362289428711e+00
4.093526303768157959e-02,1.512741856276988983e-02,1.876396499574184418e-02,-2.783359885215759277e-01,-2.512099444866180420e-01,-8.129747211933135986e-02
5.967458337545394897e-02,1.832772791385650635e-02,1.673696562647819519e-02,-3.685573935508728027e-01,-9.821522235870361328e-01,5.530979037284851074e-01
7.732540369033813477e-02,1.720549911260604858e-02,2.344654686748981476e-02,1.467243432998657227e-01,1.446081250905990601e-01,7.801860570907592773e-01
5.664104223251342773e-02,6.379029713571071625e-03,1.464987546205520630e-02,-2.981919944286346436e-01,-6.981121897697448730e-01,8.793104887008666992e-01
9.590289741754531860e-02,2.572255954146385193e-02,1.206428557634353638e-02,-1.663725733757019043e+00,-8.783136606216430664e-01,2.496825158596038818e-01
1.661152392625808716e-01,2.259122673422098160e-03,-1.902589760720729828e-02,1.641602993011474609e+00,1.968028903007507324e+00,2.007144451141357422e+00
2.481708228588104248e-01,1.559916185215115547e-03,6.760220974683761597e-03,-8.223384618759155273e-01,1.257019340991973877e-01,1.064174890518188477e+00
2.270955592393875122e-01,4.150328040122985840e-02,5.613652244210243225e-02,6.741570234298706055e-01,-1.446666240692138672e+00,-2.145383834838867188e+00
2.458812147378921509e-01,2.268583141267299652e-02,8.208908140659332275e-03,-5.983797907829284668e-01,-8.368007540702819824e-01,1.636792778968811035e+00
2.007029205560684204e-01,-3.173470962792634964e-03,-1.119636930525302887e-02,-2.439238071441650391e+00,-1.137936949729919434e+00,6.155325174331665039e-01
1.916121542453765869e-01,2.324319910258054733e-03,1.452727988362312317e-02,-1.480300426483154297e+00,5.422006249427795410e-01,2.281636476516723633e+00
2.727471888065338135e-01,5.765495821833610535e-03,1.050472818315029144e-02,2.058043956756591797e+00,2.104135036468505859e+00,1.744329690933227539e+00
2.879579663276672363e-01,1.524072699248790741e-02,3.664962947368621826e-02,1.846260666847229004e+00,8.267580866813659668e-01,-3.229036092758178711e+00
2.008215487003326416e-01,1.431950833648443222e-03,-1.962546259164810181e-03,-1.251328706741333008e+00,5.000177025794982910e-01,-2.332608461380004883e+00
3.275649547576904297e-01,-4.775905981659889221e-03,-6.534343585371971130e-03,-5.684468150138854980e-01,-3.226745128631591797e+00,9.688097834587097168e-01
2.959302663803100586e-01,2.208518795669078827e-02,4.539793357253074646e-03,4.439797401428222656e-01,1.280049085617065430e+00,1.387324571609497070e+00
1.909026056528091431e-01,3.657831251621246338e-02,2.721017226576805115e-03,-6.568369865417480469e-01,6.427329778671264648e-02,7.083754539489746094e-01
2.748250961303710938e-01,3.575753048062324524e-02,3.269024938344955444e-02,1.951968789100646973e+00,-1.202714592218399048e-01,-2.370090484619140625e+00
2.880102992057800293e-01,2.010045759379863739e-02,2.179870568215847015e-02,-7.850221991539001465e-01,-1.829551219940185547e+00,1.928589224815368652e+00
2.016723603010177612e-01,-9.387648664414882660e-03,2.504641562700271606e-02,-1.900021553039550781e+00,2.305474132299423218e-01,1.592597484588623047e+00
2.510390281677246094e-01,9.609968401491641998e-05,8.841140195727348328e-03,-8.728933930397033691e-01,-1.113600969314575195e+00,1.774855732917785645e+00
2.563356161117553711e-01,4.891673102974891663e-03,-9.981939569115638733e-03,-1.160886883735656738e+00,-9.801048636436462402e-01,2.512174129486083984e+00
3.167186379432678223e-01,3.753607161343097687e-03,-1.797922141849994659e-02,2.974910736083984375e-01,9.352234005928039551e-01,-2.077566146850585938e+00
2.059791088104248047e-01,3.001796081662178040e-03,-1.798448152840137482e-02,1.033902645111083984e+00,-1.987348556518554688e+00,1.725938796997070312e+00
2.707663178443908691e-01,-1.744388043880462646e-02,2.039507590234279633e-02,-4.714540541172027588e-01,1.387952089309692383e+00,1.833656311035156250e+00
2.375685870647430420e-01,-2.052852883934974670e-02,-1.389222778379917145e-02,1.980664014816284180e+00,4.888731241226196289e-01,-9.221662878990173340e-01
2.596894204616546631e-01,-6.184593774378299713e-03,3.276728093624114990e-02,4.944489955902099609e+00,8.028783202171325684e-01,-2.806264638900756836e+00
1.942531913518905640e-01,9.839830920100212097e-03,-4.417911171913146973e-03,-1.055137753486633301e+00,3.714510798454284668e-01,-1.281427383422851562e+00
2.185253202915191650e-01,-3.775557037442922592e-03,3.151682764291763306e-02,-2.834554612636566162e-01,-9.769352674484252930e-01,2.712050199508666992e+00
1.890844255685806274e-01,7.043922320008277893e-03,3.696449846029281616e-02,-1.030213832855224609e+00,-1.653345376253128052e-01,2.846988677978515625e+00
2.126754969358444214e-01,3.525041416287422180e-02,2.651345916092395782e-02,6.703415513038635254e-01,-8.851404190063476562e-01,-2.515811443328857422e+00
2.252710759639739990e-01,2.838468365371227264e-02,1.706264913082122803e-02,-1.212345838546752930e+00,1.639409899711608887e+00,-1.727186203002929688e+00
2.647455930709838867e-01,5.115388706326484680e-02,-1.064058952033519745e-02,-9.271192550659179688e-01,-2.968541383743286133e+00,2.152490615844726562e+00
2.568774223327636719e-01,4.069849476218223572e-02,2.722808346152305603e-02,4.756233841180801392e-02,1.124105572700500488e+00,1.229106545448303223e+00
2.173985987901687622e-01,1.753278821706771851e-02,1.360172871500253677e-02,2.928878068923950195e-01,4.732143133878707886e-02,4.780790209770202637e-02
2.583558559417724609e-01,3.143962472677230835e-02,2.104947343468666077e-02,1.598915815353393555e+00,2.029099464416503906e-01,-3.381574630737304688e+00
2.835624814033508301e-01,1.762877777218818665e-02,1.025412231683731079e-03,1.535640120506286621e+00,1.411771297454833984e+00,1.015255928039550781e+00
2.934930324554443359e-01,-2.647238597273826599e-02,2.700294740498065948e-02,-1.172852039337158203e+00,-1.019269347190856934e+00,1.176041603088378906e+00
1.955198794603347778e-01,-3.892770968377590179e-03,4.316827282309532166e-02,-2.021243572235107422e-01,1.404761433601379395e+00,2.014752149581909180e+00
1.726573407649993896e-01,2.094530127942562103e-02,2.626689150929450989e-03,3.256801664829254150e-01,-2.346683025360107422e+00,-6.139568686485290527e-01
2.721020877361297607e-01,3.658463805913925171e-02,4.254436492919921875e-02,2.040917634963989258e+00,1.976086974143981934e+00,-1.475401997566223145e+00
2.042219042778015137e-01,1.274306979030370712e-02,-2.131817303597927094e-02,-5.672965049743652344e-01,-8.241443037986755371e-01,1.068742513656616211e+00
2.161769568920135498e-01,2.450427412986755371e-02,1.683638244867324829e-02,-5.585778951644897461e-01,1.203238070011138916e-01,2.385778665542602539e+00
1.968709230422973633e-01,-5.734669975936412811e-03,2.290471084415912628e-02,2.032418251037597656e+00,1.658905744552612305e+00,9.000920057296752930e-01
2.022178471088409424e-01,1.000732928514480591e-02,1.279249787330627441e-03,2.871342420578002930e+00,1.802870273590087891e+00,6.986755132675170898e-01
1.553472280502319336e-01,5.250715464353561401e-02,7.243363186717033386e-03,-8.626572787761688232e-03,-1.209753304719924927e-01,4.742595672607421875e+00
2.590600252151489258e-01,8.692704141139984131e-02,2.604595571756362915e-02,-2.537805080413818359e+00,-1.413665294647216797e+00,1.722262191772460938e+01
1.876684725284576416e-01,1.083079874515533447e-01,3.397136926651000977e-02,-2.789401292800903320e+00,1.219868659973144531e-01,1.399351024627685547e+01
2.280455529689788818e-01,1.849862188100814819e-01,-3.541328758001327515e-02,5.052689313888549805e-01,-1.565702915191650391e+00,1.928383827209472656e+01
2.558265030384063721e-01,1.097258850932121277e-01,3.869337216019630432e-02,7.542815208435058594e-01,6.921205520629882812e-01,2.157087898254394531e+01
2.399351298809051514e-01,7.629054784774780273e-02,-5.482384935021400452e-03,-2.541523933410644531e+00,1.158593773841857910e+00,1.427425384521484375e+01
2.206934541463851929e-01,4.492977634072303772e-02,9.488629177212715149e-03,-5.410152912139892578e+00,-1.096382975578308105e+00,1.058013153076171875e+01
2.450622916221618652e-01,3.444989025592803955e-02,2.540227957069873810e-02,-4.260738492012023926e-01,-6.221183538436889648e-01,4.713370323181152344e+00
2.199614793062210083e-01,-1.691867038607597351e-02,3.443332016468048096e-02,1.037821173667907715e+00,-3.639133691787719727e+00,-4.424606323242187500e+00
1.524952054023742676e-01,2.726264111697673798e-02,7.897069677710533142e-03,-5.086131021380424500e-02,-1.320802569389343262e-01,-6.256784200668334961e-01
9.909166395664215088e-02,5.500806029886007309e-03,8.202647790312767029e-03,3.569179773330688477e-01,1.010568976402282715e+00,2.004870891571044922e+00
5.866482853889465332e-02,3.889988735318183899e-02,1.021419651806354523e-02,-5.467175841331481934e-01,7.185418009757995605e-01,4.564094245433807373e-01
6.944652646780014038e-02,1.360796112567186356e-02,2.332712896168231964e-02,6.390062570571899414e-01,1.139761686325073242e+00,5.767654180526733398e-01
-1.223900914192199707e-02,1.432829257100820541e-02,2.544930763542652130e-02,6.723483204841613770e-01,1.644192934036254883e-01,-2.326405942440032959e-01
1.000821590423583984e-03,2.686677686870098114e-02,1.738776825368404388e-02,8.759781718254089355e-02,1.400983631610870361e-01,2.167558670043945312e-02
1.089487969875335693e-02,1.909662038087844849e-02,2.151736989617347717e-02,5.681648850440979004e-02,1.912944912910461426e-01,5.299913883209228516e-02
2.236096560955047607e-02,1.154829468578100204e-02,2.025090344250202179e-02,1.011179611086845398e-01,-6.544051170349121094e-01,1.574004441499710083e-02
3.959894180297851562e-03,1.964540593326091766e-02,1.374513562768697739e-02,9.385626763105392456e-02,2.269928902387619019e-02,-2.796938419342041016e-01
6.247267127037048340e-03,2.585306018590927124e-02,1.483332086354494095e-02,-5.271656066179275513e-02,1.484713703393936157e-02,-2.728589177131652832e-01
-2.453699707984924316e-03,1.844556629657745361e-02,1.573472097516059875e-02,5.280493497848510742e-01,7.297851145267486572e-02,-1.558693349361419678e-01
-1.454278826713562012e-03,2.062749676406383514e-02,2.208053693175315857e-02,-4.000876471400260925e-02,-3.389821648597717285e-01,-5.081241130828857422e-01
2.980341017246246338e-02,1.446114294230937958e-02,1.484290510416030884e-02,-8.347486257553100586e-01,-1.214397072792053223e+00,-4.000067114830017090e-01
1.598508656024932861e-02,1.847796328365802765e-02,6.129633635282516479e-03,-8.270987868309020996e-01,-8.214309215545654297e-01,-2.709138989448547363e-01
1.780372858047485352e-02,1.539839431643486023e-02,1.254031341522932053e-02,-1.265067309141159058e-01,-3.023900389671325684e-01,1.510018408298492432e-01
9.758204221725463867e-03,1.997386664152145386e-02,1.793883740901947021e-02,2.570931911468505859e-01,2.466749250888824463e-01,3.193352222442626953e-01
7.380634546279907227e-03,2.975298836827278137e-02,7.098548114299774170e-03,-6.913018971681594849e-02,1.732567846775054932e-01,1.788493096828460693e-01
2.483808994293212891e-02,3.459284082055091858e-02,1.484609115868806839e-02,-4.893020540475845337e-02,8.205744624137878418e-01,5.918719172477722168e-01
6.069287657737731934e-03,1.248885877430438995e-02,1.211838982999324799e-02,3.051682710647583008e-01,1.824084520339965820e-01,4.414423406124114990e-01
9.859998524188995361e-02,4.772469401359558105e-02,-3.895166516304016113e-02,6.381458044052124023e-01,4.018009901046752930e-01,-5.719895362854003906e-01
1.226724535226821899e-01,3.430525213479995728e-02,-2.343667112290859222e-02,-1.098242998123168945e+00,3.863850831985473633e-01,-3.509401381015777588e-01
2.695786952972412109e-01,3.228013217449188232e-02,2.522766403853893280e-02,5.010395646095275879e-01,-3.821555137634277344e+00,-1.932035446166992188e+00
1.924583911895751953e-01,5.874896887689828873e-04,2.514808811247348785e-02,2.662005424499511719e-01,-6.665408611297607422e-01,9.239400029182434082e-01
1.959547102451324463e-01,7.774934638291597366e-04,5.017513409256935120e-03,2.214356958866119385e-01,2.367844432592391968e-01,6.711406707763671875e-01
2.094532251358032227e-01,3.024465590715408325e-02,3.635066747665405273e-02,6.935518383979797363e-01,-9.886157512664794922e-01,-1.211009263992309570e+00
2.778687179088592529e-01,7.275453954935073853e-02,2.126859501004219055e-02,-8.327529430389404297e-01,-1.475498795509338379e+00,9.240245223045349121e-01
2.405169010162353516e-01,-3.604050725698471069e-04,-1.832916401326656342e-02,-2.000081539154052734e+00,-2.093092441558837891e+00,7.826829910278320312e+00
2.636928260326385498e-01,7.017350196838378906e-02,2.733041718602180481e-02,-1.636322736740112305e+00,-4.358219146728515625e+00,9.900681495666503906e+00
2.214965969324111938e-01,8.318630605936050415e-02,1.835640519857406616e-03,6.569474935531616211e-01,-8.738411664962768555e-01,1.008579921722412109e+01
2.776714265346527100e-01,1.308467686176300049e-01,3.233754634857177734e-02,5.375694036483764648e-01,-1.616887688636779785e+00,1.159978103637695312e+01
2.773772776126861572e-01,1.468011885881423950e-01,-4.601497203111648560e-04,6.685100495815277100e-02,-1.044906854629516602e+00,1.624727821350097656e+01
2.804808616638183594e-01,1.208328828215599060e-02,2.903637662529945374e-02,-1.869256138801574707e+00,-1.424023747444152832e+00,4.915668487548828125e+00
1.532713323831558228e-01,-5.501545965671539307e-02,1.462279818952083588e-02,9.105362296104431152e-01,5.691517591476440430e-01,-3.856364250183105469e+00
9.497740864753723145e-02,-1.155186221003532410e-01,-2.316350117325782776e-02,1.451604962348937988e+00,1.403276562690734863e+00,-1.492073345184326172e+01
1.206141263246536255e-01,-7.016818970441818237e-02,7.578488439321517944e-03,9.525652527809143066e-01,2.087888002395629883e+00,-1.664092636108398438e+01
1.989732682704925537e-01,-4.150748625397682190e-02,1.716217026114463806e-02,2.151028811931610107e-01,-4.827154874801635742e-01,-7.939485549926757812e+00
1.872965395450592041e-01,-4.351965151727199554e-03,1.463054120540618896e-02,2.587696313858032227e+00,1.542140483856201172e+00,-3.188263416290283203e+00
2.206181734800338745e-01,1.197184063494205475e-02,-2.188770286738872528e-02,6.432687640190124512e-01,-1.004144549369812012e+00,-1.493518233299255371e+00
2.048217654228210449e-01,5.245779454708099365e-02,3.583554178476333618e-02,4.085287451744079590e-01,-1.472040534019470215e+00,5.935507774353027344e+00
2.284227609634399414e-01,1.520107984542846680e-01,7.763875648379325867e-03,-3.166543245315551758e+00,-1.568061232566833496e+00,2.170553398132324219e+01
2.468937635421752930e-01,1.338338851928710938e-01,4.486954212188720703e-02,-2.024884462356567383e+00,1.100857555866241455e-01,2.209737968444824219e+01
2.468247860670089722e-01,1.166845634579658508e-01,2.210330031812191010e-02,-1.035068511962890625e+00,-1.391068458557128906e+00,1.449071121215820312e+01
1.814773380756378174e-01,4.971782490611076355e-02,4.371261969208717346e-02,-1.471719741821289062e+00,-1.522150158882141113e+00,6.951194763183593750e+00
2.332498878240585327e-01,7.965849339962005615e-02,-3.472293168306350708e-02,-4.874739944934844971e-01,1.447631120681762695e+00,1.085576534271240234e+01
2.230761945247650146e-01,-2.553183212876319885e-02,1.265380252152681351e-02,-1.582650899887084961e+00,-2.434272050857543945e+00,4.118975162506103516e+00
2.076064646244049072e-01,-1.090925652533769608e-02,2.650544047355651855e-06,2.347938060760498047e+00,2.964594364166259766e+00,6.275213241577148438e+00
2.254381626844406128e-01,1.340677309781312943e-02,-1.761965453624725342e-03,2.649333178997039795e-01,-1.192165970802307129e+00,-1.861995220184326172e+00
2.715517878532409668e-01,1.911070197820663452e-02,4.183405637741088867e-02,1.810294151306152344e+00,1.318871617317199707e+00,-3.085711479187011719e+00
1.703362017869949341e-01,2.871810272336006165e-02,-1.133115775883197784e-02,-6.828057765960693359e-01,-1.134253025054931641e+00,-8.799417018890380859e-01
3.208398222923278809e-01,-7.487033028155565262e-03,2.898208796977996826e-02,-1.963019847869873047e+00,-1.672535181045532227e+00,1.080211997032165527e+00
2.018539011478424072e-01,1.105402968823909760e-02,-3.948623314499855042e-03,1.118063926696777344e+00,1.526564955711364746e+00,1.904288530349731445e+00
2.856617271900177002e-01,3.433710895478725433e-03,2.730729617178440094e-02,-5.501030012965202332e-03,-1.060314416885375977e+00,-2.219812393188476562e+00
2.901329398155212402e-01,-2.539731794968247414e-03,2.795874513685703278e-02,1.269907474517822266e+00,1.814121961593627930e+00,-2.412523269653320312e+00
2.511999011039733887e-01,-1.720577664673328400e-02,-2.871673554182052612e-03,-2.631157875061035156e+00,-4.080595970153808594e+00,-9.551974534988403320e-01
2.505173981189727783e-01,-1.006983499974012375e-02,-1.328318007290363312e-02,-6.373127102851867676e-01,2.292434692382812500e+00,3.043159961700439453e+00
2.644134163856506348e-01,5.668022111058235168e-02,-2.119639702141284943e-02,3.061874628067016602e+00,-4.414629638195037842e-01,-6.833937764167785645e-01
2.784362435340881348e-01,-1.947046839632093906e-03,1.983395405113697052e-02,1.466478943824768066e+00,5.739209651947021484e-01,-1.770768880844116211e+00
2.577324509620666504e-01,1.926461979746818542e-02,1.503782439976930618e-02,-1.898517161607742310e-01,-2.089382886886596680e+00,8.395641446113586426e-01
2.269470095634460449e-01,-1.933768624439835548e-03,1.711556129157543182e-02,-6.525318622589111328e-01,-2.139201641082763672e+00,4.358196258544921875e+00
3.078149259090423584e-01,-1.735357940196990967e-02,3.893837332725524902e-03,1.082168579101562500e+00,1.565691590309143066e+00,6.360241174697875977e-01
2.606943845748901367e-01,2.641635760664939880e-02,-1.394248567521572113e-02,-2.932439327239990234e+00,-5.239611864089965820e-02,-8.660585880279541016e-01
3.078245520591735840e-01,2.091639302670955658e-02,1.134247146546840668e-02,1.046735405921936035e+00,1.622870683670043945e+00,1.684774160385131836e+00
2.277308404445648193e-01,-6.224324461072683334e-03,7.430901750922203064e-03,-4.457650184631347656e-01,-2.068736791610717773e+00,3.051316499710083008e+00
2.408780157566070557e-01,-3.450163081288337708e-02,1.598568633198738098e-02,-1.533246278762817383e+00,1.480893969535827637e+00,1.285552263259887695e+00
3.100160062313079834e-01,-5.039737001061439514e-02,2.283628657460212708e-02,4.759110510349273682e-01,-1.772366881370544434e+00,-2.300310373306274414e+00
2.777377367019653320e-01,-2.061769366264343262e-03,2.268128655850887299e-02,3.656753897666931152e-01,7.149425148963928223e-01,-4.170494556427001953e+00
1.851306259632110596e-01,-8.394948206841945648e-03,-8.745806291699409485e-03,-1.277298629283905029e-01,2.442389726638793945e-03,8.507391810417175293e-02
2.734173536300659180e-01,2.164069935679435730e-02,-2.491431310772895813e-03,-1.646323323249816895e+00,-2.308219432830810547e+00,1.773872137069702148e+00
2.119003683328628540e-01,-5.275536328554153442e-03,1.596485078334808350e-02,-2.004861831665039062e-03,2.777338624000549316e-01,-3.946169018745422363e-01
2.989177107810974121e-01,-4.059455916285514832e-02,1.696279458701610565e-02,1.586180806159973145e+00,-1.388669371604919434e+00,-4.030583858489990234e+00
1.721209883689880371e-01,-1.466790772974491119e-02,3.310681879520416260e-02,6.815142631530761719e-01,2.057835340499877930e+00,-6.416944861412048340e-01
8.910059928894042969e-02,3.358184173703193665e-02,2.585841529071331024e-02,-1.062838435173034668e+00,2.517680406570434570e+00,-7.673605084419250488e-01
3.475227952003479004e-02,1.919160038232803345e-02,1.237245742231607437e-02,5.660098791122436523e-01,-5.028937458992004395e-01,-7.105636596679687500e-01
3.929287195205688477e-03,2.001917362213134766e-02,4.395566880702972412e-03,-3.344878852367401123e-01,-4.139262437820434570e-02,-3.818508386611938477e-01
1.450365781784057617e-02,2.170209772884845734e-02,5.118392407894134521e-03,-3.453105986118316650e-01,-3.728719055652618408e-01,1.166762933135032654e-01
1.936261355876922607e-02,2.702799811959266663e-02,1.447590999305248260e-02,-1.553626418113708496e+00,-9.595497846603393555e-01,5.103277564048767090e-01
-2.534344047307968140e-02,-2.103078924119472504e-02,-6.493525579571723938e-03,-1.440429210662841797e+00,-4.962385892868041992e-01,4.030862152576446533e-01
1.181213557720184326e-02,-5.191419273614883423e-03,-2.049314975738525391e-02,1.908861398696899414e-01,3.159123361110687256e-01,-6.069348752498626709e-02
6.152734160423278809e-03,1.268911361694335938e-02,1.189815998077392578e-02,1.459576189517974854e-01,-4.538512229919433594e-02,4.010069370269775391e-02
3.372356295585632324e-03,2.067955583333969116e-02,6.003350019454956055e-03,4.076335951685905457e-02,-7.240951061248779297e-02,5.161394178867340088e-02
1.669347286224365234e-03,2.483458444476127625e-02,-3.760669380426406860e-03,-1.928021311759948730e-01,1.808030903339385986e-01,-2.227056473493576050e-01
-7.431179285049438477e-03,1.992467418313026428e-02,9.409822523593902588e-03,-1.874439418315887451e-01,-4.571821987628936768e-01,-3.396745324134826660e-01
9.565442800521850586e-03,2.314585447311401367e-02,8.849313482642173767e-03,-1.443668007850646973e-01,8.360280096530914307e-02,-7.872316241264343262e-02
-2.223134040832519531e-03,1.513648778200149536e-02,7.991094142198562622e-03,2.479210197925567627e-01,1.268558502197265625e-01,-6.677162647247314453e-02
1.316206157207489014e-02,1.526705361902713776e-02,-1.964021287858486176e-02,6.368685960769653320e-01,5.188519954681396484e-01,-1.123391687870025635e-01
5.970115959644317627e-02,1.691602542996406555e-02,6.138073280453681946e-03,3.921791911125183105e-01,7.493709921836853027e-01,-2.776538133621215820e-01
1.491985619068145752e-01,3.188199363648891449e-03,-1.346982084214687347e-02,-1.416807770729064941e+00,1.896105289459228516e+00,-3.077067613601684570e+00
1.803302913904190063e-01,2.274932526051998138e-02,-2.346806414425373077e-02,-1.299198269844055176e+00,-6.151489913463592529e-03,1.214566230773925781e-01
1.928593367338180542e-01,2.754666469991207123e-02,2.467407286167144775e-02,1.859068274497985840e-01,-1.165444254875183105e+00,4.456564903259277344e+00
2.476923465728759766e-01,1.607306487858295441e-02,4.742557555437088013e-02,1.275667667388916016e+00,-1.394698262214660645e+00,6.921757698059082031e+00
2.521225810050964355e-01,6.817070394754409790e-02,-1.392725855112075806e-03,-5.648838877677917480e-01,-2.656497061252593994e-02,8.518136024475097656e+00
2.302958220243453979e-01,9.669522941112518311e-02,9.817885234951972961e-03,-2.135948896408081055e+00,-3.201713800430297852e+00,8.466975212097167969e+00
2.109653055667877197e-01,7.675372809171676636e-02,1.396440621465444565e-02,-8.654011487960815430e-01,-1.072985768318176270e+00,1.966220474243164062e+01
2.419100701808929443e-01,1.173056215047836304e-01,-1.851189322769641876e-02,1.639094829559326172e+00,-6.890944242477416992e-01,2.533291053771972656e+01
2.038452029228210449e-01,7.451805472373962402e-02,-8.067423477768898010e-03,-1.142245411872863770e+00,5.429580211639404297e-01,1.186681461334228516e+01
1.870761811733245850e-01,7.538264989852905273e-02,1.155460067093372345e-02,2.783529043197631836e+00,2.575265169143676758e-01,2.915814638137817383e+00
2.475644648075103760e-01,4.007026180624961853e-02,1.973348110914230347e-02,2.238854169845581055e+00,8.873193264007568359e-01,-2.549589157104492188e+00
3.216211199760437012e-01,3.035339713096618652e-02,2.300161868333816528e-04,6.574404835700988770e-01,-2.811407327651977539e+00,3.976285934448242188e+00
2.153552770614624023e-01,1.671538688242435455e-02,4.019235819578170776e-02,-7.879164814949035645e-01,-1.078136444091796875e+00,3.613572120666503906e+00
2.878187596797943115e-01,-1.494638528674840927e-02,-9.560715407133102417e-04,1.386320590972900391e+00,8.313393592834472656e-01,5.273826718330383301e-01
3.111949265003204346e-01,2.686095656827092171e-03,2.276135422289371490e-02,1.964443564414978027e+00,1.633562088012695312e+00,-1.468118429183959961e+00
2.724590897560119629e-01,-1.488867774605751038e-02,9.942043572664260864e-03,-3.580404520034790039e-01,-3.955771207809448242e+00,-1.278546333312988281e+00
2.644145190715789795e-01,-2.431522123515605927e-02,1.401439774781465530e-02,-2.785128116607666016e+00,1.410903692245483398e+00,2.107760429382324219e+00
2.656623721122741699e-01,-1.098941266536712646e-02,-1.634048856794834137e-02,3.310844302177429199e-01,-4.936389327049255371e-01,1.163257598876953125e+00
2.948127686977386475e-01,2.193960547447204590e-02,8.837008848786354065e-03,9.928743839263916016e-01,3.267269134521484375e+00,-2.628767251968383789e+00
2.384258806705474854e-01,-1.864033937454223633e-02,-2.951033227145671844e-02,3.312092423439025879e-01,4.364855885505676270e-01,-3.904837667942047119e-01
3.405735492706298828e-01,-3.101536259055137634e-02,2.353653497993946075e-02,-2.140795290470123291e-01,-1.042153835296630859e+00,4.770490229129791260e-01
2.522500455379486084e-01,-4.896463826298713684e-03,-5.796197801828384399e-03,7.665588259696960449e-01,7.320228815078735352e-01,1.736914873123168945e+00
3.273285329341888428e-01,1.612606458365917206e-02,1.587379537522792816e-02,6.629323363304138184e-01,-1.176594018936157227e+00,-1.547181606292724609e+00
3.110556304454803467e-01,7.495088130235671997e-02,2.199420146644115448e-02,3.642047196626663208e-02,1.305710792541503906e+00,4.036688804626464844e+00
3.109456300735473633e-01,5.397990345954895020e-02,-2.962168864905834198e-02,-1.127375364303588867e+00,-3.076907157897949219e+00,6.657546997070312500e+00
2.303087115287780762e-01,7.192757911980152130e-04,3.380851447582244873e-02,-9.023482799530029297e-01,2.133926868438720703e+00,8.688055872917175293e-01
1.780358999967575073e-01,4.299190826714038849e-03,1.172745414078235626e-02,-1.409152030944824219e+00,-1.322842597961425781e+00,-6.092687606811523438e+00
1.973970830440521240e-01,3.135485947132110596e-02,3.943791612982749939e-03,2.345131933689117432e-01,1.528814673423767090e+00,2.644506216049194336e+00
1.096467077732086182e-01,-9.683221578598022461e-03,2.547479793429374695e-02,3.613176345825195312e-01,1.943500518798828125e+00,6.985707283020019531e-01
3.298738598823547363e-02,3.873681277036666870e-02,2.051045186817646027e-02,1.226836591958999634e-01,1.044781208038330078e+00,1.087967276573181152e+00
9.120598435401916504e-03,2.405059710144996643e-02,1.571281626820564270e-02,-4.121103286743164062e-01,1.843264698982238770e-01,3.829307854175567627e-01
-4.679545760154724121e-03,7.909796200692653656e-03,1.804243028163909912e-02,1.903062760829925537e-01,-2.412081360816955566e-01,-2.869679033756256104e-02
1.910430192947387695e-02,1.234533078968524933e-02,1.922767609357833862e-02,-1.071382403373718262e+00,7.717332988977432251e-02,-1.055239886045455933e-01
4.158720374107360840e-03,2.097354084253311157e-02,1.002794690430164337e-02,-1.194888710975646973e+00,7.573182880878448486e-02,8.143261671066284180e-01
3.890323638916015625e-02,2.426965720951557159e-02,6.471525877714157104e-03,-9.916790723800659180e-01,1.481751203536987305e-01,3.512556552886962891e+00
1.827239990234375000e-01,1.130285300314426422e-02,-4.198718816041946411e-03,7.269001603126525879e-01,-5.891791582107543945e-01,7.609558582305908203e+00
2.200032174587249756e-01,-6.690310547128319740e-04,4.943324998021125793e-02,-2.106150537729263306e-01,-1.178251862525939941e+00,9.909897804260253906e+00
2.257551848888397217e-01,3.020544163882732391e-02,-6.782701238989830017e-03,-8.313964605331420898e-01,-1.479483723640441895e+00,6.319121360778808594e+00
2.154946029186248779e-01,1.096274703741073608e-01,-2.795936353504657745e-02,-4.666633903980255127e-01,-2.363072395324707031e+00,1.229254817962646484e+01
2.008142620325088501e-01,7.465951889753341675e-02,-1.320896856486797333e-02,4.162057638168334961e-01,-7.280416488647460938e-01,1.509086322784423828e+01
2.071882337331771851e-01,3.533754497766494751e-02,1.896667107939720154e-02,-3.420390367507934570e+00,-4.709277153015136719e+00,1.551158618927001953e+01
1.751318573951721191e-01,5.378168076276779175e-02,-2.000203356146812439e-03,2.860881567001342773e+00,-4.004886746406555176e-02,1.150584030151367188e+01
2.343101799488067627e-01,3.490394726395606995e-02,-4.305738210678100586e-02,1.270075917243957520e+00,-1.621550440788269043e+00,3.888165473937988281e+00
2.563633918762207031e-01,-1.514821313321590424e-03,7.531343027949333191e-03,5.732005238533020020e-01,-1.982537150382995605e+00,3.487784385681152344e+00
2.520327568054199219e-01,-1.286359131336212158e-02,-2.402386628091335297e-02,7.412933111190795898e-01,1.085966467857360840e+00,-3.846648335456848145e-01
1.998110860586166382e-01,-3.093826770782470703e-02,-1.924012415111064911e-02,1.140660643577575684e+00,-8.372921943664550781e-01,-1.662219524383544922e+00
3.002089262008666992e-01,-2.810548245906829834e-02,-1.292608492076396942e-02,-1.239962935447692871e+00,2.219486236572265625e+00,-1.025559663772583008e+00
2.639256715774536133e-01,-1.346736773848533630e-02,1.532185729593038559e-02,4.735947400331497192e-02,-1.319809079170227051e+00,-2.069601535797119141e+00
2.478264123201370239e-01,3.689291328191757202e-02,4.642307758331298828e-03,6.901914477348327637e-01,7.633179426193237305e-01,-1.751053214073181152e+00
2.631116509437561035e-01,-8.206224068999290466e-03,-2.523781545460224152e-02,-1.378220021724700928e-01,-2.363929510116577148e+00,4.137911498546600342e-01
2.425280213356018066e-01,-4.997211508452892303e-03,5.330007523298263550e-03,-2.313693284988403320e+00,-1.095874428749084473e+00,2.360655784606933594e+00
1.849515587091445923e-01,-1.323151495307683945e-02,4.642158746719360352e-03,-1.648449003696441650e-01,6.396392583847045898e-01,1.264725685119628906e+00
2.317351400852203369e-01,-2.692434377968311310e-02,1.530118566006422043e-02,1.077155709266662598e+00,-1.701142907142639160e+00,-1.151091098785400391e+00
1.523757278919219971e-01,7.890323176980018616e-03,1.667967066168785095e-02,2.378020763397216797e+00,8.885686993598937988e-01,-2.178351163864135742e+00
1.267011016607284546e-01,1.465816143900156021e-02,-8.800035342574119568e-03,-1.401612162590026855e+00,-6.298640966415405273e-01,1.641664385795593262e+00
1.059040501713752747e-01,2.500641718506813049e-02,1.161624118685722351e-02,-2.618036568164825439e-01,-1.868249326944351196e-01,1.946003198623657227e+00
2.815131843090057373e-02,3.778545558452606201e-02,-1.362225599586963654e-02,-4.852374196052551270e-01,5.106900930404663086e-01,1.861168980598449707e+00
4.438772797584533691e-02,9.411397390067577362e-03,8.788080886006355286e-03,2.329920381307601929e-01,8.129782974720001221e-02,5.544393062591552734e-01
1.830323040485382080e-02,1.038592029362916946e-02,-4.086500033736228943e-03,5.948265790939331055e-01,2.399319112300872803e-01,-8.294945955276489258e-02
7.945150136947631836e-04,1.737338118255138397e-02,7.381169125437736511e-03,1.790252178907394409e-01,-9.055301547050476074e-03,5.872268602252006531e-02
1.442357897758483887e-03,1.008777692914009094e-02,9.581597521901130676e-03,-3.066195733845233917e-02,-3.552049100399017334e-01,9.550257027149200439e-02
4.455491900444030762e-03,8.974678814411163330e-03,3.185892477631568909e-03,1.134538799524307251e-01,2.612452954053878784e-02,9.241569042205810547e-02
-9.202241897583007812e-03,1.434521563351154327e-02,9.714294224977493286e-03,3.221388459205627441e-01,-3.011541441082954407e-03,-3.904072046279907227e-01
4.851919412612915039e-02,2.452963218092918396e-02,3.177582845091819763e-02,-3.389415740966796875e-01,2.575473189353942871e-01,-3.691637277603149414e+00
1.415514945983886719e-01,-7.893455028533935547e-02,-8.166847750544548035e-03,1.212304711341857910e+00,1.376255512237548828e+00,-1.517273139953613281e+01
1.140014976263046265e-01,-8.545497059822082520e-02,1.982050016522407532e-03,-2.612861990928649902e-02,2.802267670631408691e-02,-1.798859786987304688e+01
1.338379383087158203e-01,-1.234618276357650757e-01,-4.239621013402938843e-02,-1.511221647262573242e+00,-1.301519036293029785e+00,-1.636531448364257812e+01
1.188216954469680786e-01,-8.053143322467803955e-02,3.634987398982048035e-03,2.336328268051147461e+00,9.505816102027893066e-01,-1.406251716613769531e+01
1.696280241012573242e-01,-3.587435558438301086e-02,2.588481083512306213e-02,3.087266683578491211e+00,-7.591477036476135254e-01,-1.448729038238525391e+01
2.122171223163604736e-01,-3.372632339596748352e-02,-1.728380098938941956e-03,1.266616702079772949e+00,1.824191689491271973e+00,-1.107173538208007812e+01
2.084169685840606689e-01,-5.765885859727859497e-02,-2.432033419609069824e-03,-1.746453166007995605e+00,-4.273986816406250000e+00,-3.143392801284790039e+00
3.503841161727905273e-01,2.361082099378108978e-02,1.944948919117450714e-02,5.422437191009521484e-01,-5.176225900650024414e-01,-1.548241376876831055e+00
2.295151501893997192e-01,-5.615966767072677612e-02,1.234185043722391129e-02,-1.319388151168823242e-01,-7.578821778297424316e-01,-1.095502853393554688e+00
2.323300987482070923e-01,3.135497495532035828e-02,1.652366481721401215e-02,1.179972171783447266e+00,-8.036154508590698242e-01,-3.121717453002929688e+00
3.246338069438934326e-01,3.508129343390464783e-02,3.356868773698806763e-02,-1.511374473571777344e+00,-9.312749654054641724e-02,-2.123326778411865234e+00
3.584724068641662598e-01,-1.651240140199661255e-02,-7.006954401731491089e-04,-5.803155303001403809e-01,-2.343492060899734497e-01,2.607692241668701172e+00
3.016134500503540039e-01,-1.678324118256568909e-02,2.073350176215171814e-02,9.618450999259948730e-01,2.105798006057739258e+00,2.268786907196044922e+00
2.658093571662902832e-01,4.931657761335372925e-02,-2.407569997012615204e-02,-2.226292639970779419e-01,-5.600097179412841797e-01,3.327935218811035156e+00
2.178920209407806396e-01,8.661371469497680664e-02,3.881225734949111938e-02,-1.304426074028015137e+00,-3.884897470474243164e+00,9.123640060424804688e+00
2.176899015903472900e-01,1.580247133970260620e-01,-4.306660965085029602e-03,3.502740263938903809e-01,-9.556910991668701172e-01,1.789342117309570312e+01
1.950763612985610962e-01,1.000609770417213440e-01,1.617972552776336670e-02,-1.379982590675354004e+00,-1.323136210441589355e+00,2.732283210754394531e+01
1.155262365937232971e-01,1.015661656856536865e-01,9.459201246500015259e-04,-2.451148986816406250e+00,-1.213055491447448730e+00,2.353405380249023438e+01
1.702275276184082031e-01,1.384902298450469971e-01,-2.474622800946235657e-03,8.760883212089538574e-01,-1.643863558769226074e+00,2.677772521972656250e+01
1.468304097652435303e-01,1.901160031557083130e-01,-9.326923638582229614e-03,2.316875569522380829e-02,-1.919556856155395508e+00,2.044099044799804688e+01
2.386785447597503662e-01,1.619788855314254761e-01,-1.109261065721511841e-04,1.171924591064453125e+00,1.646398752927780151e-01,2.288983726501464844e+01
1.791498810052871704e-01,9.759792685508728027e-02,1.160370372235774994e-02,-1.053763389587402344e+00,2.344198822975158691e-01,1.593932437896728516e+01
2.435827553272247314e-01,9.539736807346343994e-02,2.394238859415054321e-02,-1.085695147514343262e+00,-1.992733359336853027e+00,1.388882160186767578e+01
2.891546785831451416e-01,1.346586737781763077e-02,2.709906920790672302e-02,-1.009775757789611816e+00,-5.448460578918457031e-04,7.768557548522949219e+00
3.140745759010314941e-01,-1.036449708044528961e-02,2.098314277827739716e-02,-1.283021092414855957e+00,8.120626211166381836e-01,5.940278530120849609e+00
2.762917876243591309e-01,9.411523118615150452e-03,-9.446758776903152466e-04,1.899564623832702637e+00,5.155724287033081055e-01,2.521707713603973389e-01
2.361794114112854004e-01,1.090682111680507660e-02,-1.706274226307868958e-03,-5.538105964660644531e-01,1.445498466491699219e+00,-3.949206829071044922e+00
2.800636887550354004e-01,2.362789586186408997e-02,2.439541369676589966e-02,-7.896208763122558594e-02,-3.148836612701416016e+00,1.564282894134521484e+00
2.023573666810989380e-01,-4.825933277606964111e-02,2.559520490467548370e-02,3.015019655227661133e+00,1.874151825904846191e+00,-6.036673545837402344e+00
1.332059651613235474e-01,-6.657931208610534668e-02,-1.455151848495006561e-02,1.122641637921333313e-01,-1.162635207176208496e+00,-1.393336963653564453e+01
1.676855981349945068e-01,-9.440523386001586914e-02,2.896225452423095703e-02,1.485275983810424805e+00,6.324656605720520020e-01,-1.948274612426757812e+01
1.924067735671997070e-01,-1.159155741333961487e-01,1.328852493315935135e-02,-3.735303878784179688e-01,-2.564740419387817383e+00,-1.374325370788574219e+01
1.891655176877975464e-01,-1.261017471551895142e-01,4.814500361680984497e-02,7.497196793556213379e-01,-1.804965257644653320e+00,-6.916259765625000000e+00
2.097202837467193604e-01,-4.169866070151329041e-02,8.724598214030265808e-03,-2.654734849929809570e-01,-1.307248473167419434e-01,-6.571128845214843750e+00
2.661067843437194824e-01,-4.751436412334442139e-02,1.287139393389225006e-02,8.380882143974304199e-01,-4.185949265956878662e-01,-8.457756042480468750e+00
1.941939443349838257e-01,3.320891410112380981e-02,3.007170930504798889e-02,-2.404890656471252441e-01,3.757857084274291992e-01,-1.478870153427124023e+00
2.122422158718109131e-01,1.228464953601360321e-02,-9.456498548388481140e-03,-7.438517212867736816e-01,-1.522865533828735352e+00,1.285641193389892578e+00
2.979235649108886719e-01,1.533761247992515564e-02,8.839862421154975891e-03,-1.259427189826965332e+00,-3.808479309082031250e-01,1.092933893203735352e+00
2.163733989000320435e-01,-1.977379433810710907e-04,-3.579135984182357788e-03,7.193252444267272949e-01,1.141516804695129395e+00,-3.030599355697631836e-01
1.750505566596984863e-01,3.999386355280876160e-02,1.021366007626056671e-02,-1.233156204223632812e+00,-2.748440265655517578e+00,-1.191033840179443359e+00
1.732776015996932983e-01,-1.519972109235823154e-03,1.504089217633008957e-02,-1.112235262989997864e-01,-5.621652603149414062e-01,-1.290238857269287109e+00
1.379169225692749023e-01,1.327791810035705566e-02,-6.265019997954368591e-03,-3.119087815284729004e-01,6.058147549629211426e-01,1.307979106903076172e+00
9.711033105850219727e-02,2.381015568971633911e-02,-1.461352594196796417e-02,-7.809007167816162109e-01,1.835683226585388184e+00,8.939120173454284668e-01
4.733535647392272949e-02,1.688615418970584869e-02,6.048141047358512878e-03,3.871595859527587891e-01,2.474520057439804077e-01,-9.430096745491027832e-01
5.009916424751281738e-02,1.604258641600608826e-02,1.775644160807132721e-02,-5.980466008186340332e-01,2.267957180738449097e-01,-2.523701488971710205e-01
9.927988797426223755e-02,1.836640574038028717e-02,6.373398005962371826e-03,-1.216452479362487793e+00,-1.722156405448913574e+00,6.563861370086669922e-01
4.163391888141632080e-02,2.051997557282447815e-02,1.374733448028564453e-02,4.044671058654785156e-01,-2.584770917892456055e-01,2.141889572143554688e+00
2.146694064140319824e-02,4.351820796728134155e-03,3.668468445539474487e-03,1.024750947952270508e+00,-3.620249629020690918e-01,-5.998703241348266602e-01
2.733945846557617188e-03,9.928053244948387146e-03,-1.272820867598056793e-02,3.417854607105255127e-01,1.556435078382492065e-01,-4.084812104701995850e-02
1.823244988918304443e-02,2.249817922711372375e-02,-1.452999189496040344e-03,-8.770068883895874023e-01,-7.085651755332946777e-01,3.181227445602416992e+00
3.545890748500823975e-02,-3.994263708591461182e-03,-2.123372629284858704e-03,-4.788678586483001709e-01,-3.364319205284118652e-01,-6.131827831268310547e-01
-5.223216116428375244e-02,9.653158485889434814e-06,-6.719617173075675964e-03,6.665524244308471680e-01,7.519366741180419922e-01,8.241194486618041992e-01
-1.514115929603576660e-02,1.058009639382362366e-02,1.887956447899341583e-02,-7.763788700103759766e-01,-1.090088248252868652e+00,2.543220221996307373e-01
-2.191995084285736084e-02,1.253137737512588501e-02,-5.585087463259696960e-03,-9.670094400644302368e-02,-1.109841167926788330e-01,1.435890793800354004e-01
-2.894580364227294922e-02,2.233142405748367310e-02,-1.192815415561199188e-02,-6.072139739990234375e-01,8.605612516403198242e-01,2.115950822830200195e+00
-1.777423918247222900e-02,4.194376524537801743e-03,7.665326818823814392e-03,1.502868384122848511e-01,-2.179314196109771729e-01,1.958024054765701294e-01
-1.797552406787872314e-02,4.150601103901863098e-03,1.000581402331590652e-02,-8.566431701183319092e-02,3.548882901668548584e-02,-1.027279794216156006e-01
2.368539571762084961e-05,-4.255292564630508423e-02,4.808229953050613403e-02,2.885261923074722290e-02,-2.789101600646972656e-01,-1.717936694622039795e-01
1.558959484100341797e-04,2.079780213534832001e-02,-2.279359847307205200e-03,-5.807206630706787109e-01,1.051168143749237061e-01,3.019815683364868164e-01
-4.219506680965423584e-02,-1.787528209388256073e-02,6.400087848305702209e-03,-3.513733148574829102e-01,2.043727934360504150e-01,1.578540503978729248e-01
1.820918917655944824e-02,-1.865229452960193157e-03,8.886674419045448303e-03,-9.061564505100250244e-02,-5.130578875541687012e-01,-3.040645122528076172e-01
8.262477070093154907e-02,4.021066427230834961e-02,-5.328167229890823364e-03,-5.180273652076721191e-01,1.140785962343215942e-01,2.128114700317382812e+00
1.137863099575042725e-02,1.277928054332733154e-02,-4.610719159245491028e-03,-2.532812952995300293e-01,-1.747675180435180664e+00,1.161616295576095581e-02
3.929568827152252197e-02,1.111419871449470520e-02,-3.371292725205421448e-03,8.253929018974304199e-01,3.494566679000854492e-01,-4.074000418186187744e-01
-1.091046631336212158e-02,-4.391894675791263580e-03,1.900168135762214661e-03,6.066047549247741699e-01,3.067528009414672852e-01,-4.514709115028381348e-01
2.699629962444305420e-02,5.437803454697132111e-03,4.721421748399734497e-03,2.571699023246765137e-01,6.530592590570449829e-02,-3.544503450393676758e-02
2.380667626857757568e-02,1.747776754200458527e-03,1.019551232457160950e-02,2.836138904094696045e-01,-2.477645874023437500e-03,1.997750103473663330e-01
