4.093372821807861328e-02,3.260546922683715820e-02,3.648072481155395508e-02,6.904243826866149902e-01,4.296451807022094727e-01,4.940891861915588379e-01
3.716719150543212891e-02,2.542054653167724609e-02,3.434121608734130859e-02,5.999491810798645020e-01,5.320385098457336426e-01,7.492790222167968750e-01
3.580498695373535156e-02,2.678632736206054688e-02,3.453862667083740234e-02,5.380028486251831055e-01,4.179339408874511719e-01,4.129686355590820312e-01
3.343892097473144531e-02,2.279716730117797852e-02,3.145909309387207031e-02,1.701364040374755859e+00,1.069621682167053223e+00,4.256590843200683594e+00
3.704613447189331055e-02,2.586632966995239258e-02,3.847610950469970703e-02,6.433864831924438477e-01,3.739498257637023926e-01,5.170004367828369141e-01
3.664273023605346680e-02,2.533042430877685547e-02,3.650057315826416016e-02,6.466496586799621582e-01,3.863704204559326172e-01,5.449744462966918945e-01
2.982598543167114258e-02,2.025943994522094727e-02,2.697193622589111328e-02,6.761087179183959961e-01,5.796473622322082520e-01,7.284162640571594238e-01
3.354513645172119141e-02,2.176076173782348633e-02,3.253251314163208008e-02,6.684894561767578125e-01,5.948578119277954102e-01,6.642825007438659668e-01
5.524218678474426270e-01,9.547614455223083496e-01,5.313375592231750488e-01,8.928029537200927734e-01,8.998686075210571289e-01,7.776056528091430664e-01
5.648213624954223633e-02,5.573630332946777344e-02,8.325093984603881836e-02,1.446603298187255859e+00,8.323515057563781738e-01,2.450550556182861328e+00
3.079819679260253906e-02,2.056628465652465820e-02,2.504593133926391602e-02,7.548379898071289062e-01,5.455103516578674316e-01,7.693964838981628418e-01
2.916419506072998047e-02,1.960730552673339844e-02,2.628457546234130859e-02,6.824610829353332520e-01,5.455580949783325195e-01,7.071143388748168945e-01
5.059164762496948242e-02,6.448602676391601562e-02,1.148232221603393555e-01,8.045958280563354492e-01,7.277221083641052246e-01,8.664529323577880859e-01
5.231970548629760742e-02,4.607123136520385742e-02,5.156064033508300781e-02,1.024777889251708984e+00,8.418091535568237305e-01,9.384489655494689941e-01
3.912895917892456055e-02,3.409856557846069336e-02,3.707993030548095703e-02,1.345456123352050781e+00,8.561072945594787598e-01,6.706117987632751465e-01
6.204932928085327148e-02,7.555514574050903320e-02,1.793738007545471191e-01,7.800343036651611328e-01,7.383227348327636719e-01,8.465332388877868652e-01
4.151505231857299805e-02,2.756810188293457031e-02,3.239464759826660156e-02,1.159528613090515137e+00,8.183299899101257324e-01,1.142709374427795410e+00
3.072094917297363281e-02,2.233672142028808594e-02,3.407335281372070312e-02,1.334818482398986816e+00,1.178430557250976562e+00,1.200513482093811035e+00
7.955306768417358398e-02,5.608445405960083008e-02,7.624536752700805664e-02,1.262644171714782715e+00,1.162552833557128906e+00,9.388979673385620117e-01
5.342674255371093750e-02,3.509724140167236328e-02,4.728627204895019531e-02,8.439027070999145508e-01,4.286019802093505859e-01,5.800956487655639648e-01
3.084626197814941406e-01,4.108441472053527832e-01,3.598453402519226074e-01,5.978329181671142578e-01,4.520244598388671875e-01,3.860537409782409668e-01
9.407222270965576172e-02,8.959525823593139648e-02,7.903432846069335938e-02,2.988207101821899414e+00,2.796785593032836914e+00,3.923355579376220703e+00
1.063799858093261719e-01,1.099689602851867676e-01,7.845693826675415039e-02,1.404352188110351562e+00,2.026998043060302734e+00,2.723997592926025391e+00
4.520112276077270508e-02,3.396087884902954102e-02,3.787922859191894531e-02,8.208267688751220703e-01,8.195875883102416992e-01,7.988308668136596680e-01
5.811434984207153320e-02,3.567981719970703125e-02,4.204094409942626953e-02,7.294873595237731934e-01,4.873902797698974609e-01,5.135620236396789551e-01
7.621121406555175781e-02,5.018860101699829102e-02,6.740891933441162109e-02,1.518374443054199219e+00,1.204134941101074219e+00,1.642139554023742676e+00
3.627473115921020508e-02,2.146714925765991211e-02,2.949106693267822266e-02,9.790935516357421875e-01,5.514060258865356445e-01,8.457562923431396484e-01
5.182367563247680664e-02,3.320682048797607422e-02,4.018396139144897461e-02,6.473017930984497070e-01,4.956722259521484375e-01,4.510849714279174805e-01
5.580264329910278320e-02,5.014353990554809570e-02,6.610625982284545898e-02,1.317669510841369629e+00,1.307419896125793457e+00,1.339225769042968750e+00
4.319304227828979492e-02,2.974855899810791016e-02,3.450465202331542969e-02,8.966495990753173828e-01,1.060150265693664551e+00,9.871557354927062988e-01
7.912355661392211914e-02,5.236619710922241211e-02,8.209186792373657227e-02,2.020768642425537109e+00,1.631801366806030273e+00,2.277814626693725586e+00
9.910637140274047852e-02,6.472635269165039062e-02,8.341598510742187500e-02,9.506943225860595703e-01,1.289727330207824707e+00,1.003215551376342773e+00
7.476496696472167969e-02,6.913769245147705078e-02,1.025655269622802734e-01,7.454363107681274414e-01,8.590600490570068359e-01,9.900394678115844727e-01
3.440147638320922852e-02,2.341818809509277344e-02,3.339332342147827148e-02,1.099485754966735840e+00,8.346555233001708984e-01,8.427382707595825195e-01
6.735008955001831055e-02,3.990447521209716797e-02,5.798184871673583984e-02,7.315478324890136719e-01,7.505182027816772461e-01,8.085104227066040039e-01
3.065532445907592773e-02,1.910448074340820312e-02,2.657282352447509766e-02,1.320577383041381836e+00,1.197183132171630859e+00,7.173571586608886719e-01
3.434747457504272461e-02,2.406996488571166992e-02,3.542751073837280273e-02,1.393158316612243652e+00,1.148863434791564941e+00,1.074914574623107910e+00
3.674948215484619141e-02,2.404099702835083008e-02,3.317838907241821289e-02,5.125599503517150879e-01,3.556991815567016602e-01,4.030677080154418945e-01
4.193419218063354492e-02,2.735495567321777344e-02,4.112005233764648438e-02,5.491088032722473145e-01,4.231052398681640625e-01,5.543085336685180664e-01
4.570770263671875000e-02,3.826975822448730469e-02,4.146748781204223633e-02,7.090240716934204102e-01,4.967072010040283203e-01,8.287544846534729004e-01
3.239893913269042969e-02,2.466201782226562500e-02,2.722227573394775391e-02,6.748355627059936523e-01,5.503406524658203125e-01,6.922370195388793945e-01
5.853241682052612305e-02,5.907332897186279297e-02,1.130568981170654297e-01,1.332976579666137695e+00,1.121187686920166016e+00,1.312262177467346191e+00
9.028297662734985352e-02,9.233862161636352539e-02,8.030533790588378906e-02,7.427328228950500488e-01,1.106669425964355469e+00,1.000234365463256836e+00
6.473046541213989258e-02,5.293840169906616211e-02,4.802316427230834961e-02,1.471652626991271973e+00,1.431828618049621582e+00,1.656104087829589844e+00
1.429842710494995117e-01,1.232289075851440430e-01,8.835107088088989258e-02,1.146723031997680664e+00,1.300724029541015625e+00,1.366898775100708008e+00
6.080478429794311523e-02,5.043232440948486328e-02,4.203575849533081055e-02,1.082377910614013672e+00,9.251575469970703125e-01,1.317864656448364258e+00
7.795786857604980469e-02,6.809431314468383789e-02,5.703681707382202148e-02,1.349093675613403320e+00,1.441639423370361328e+00,1.069791913032531738e+00
5.704647302627563477e-02,5.221402645111083984e-02,3.626739978790283203e-02,1.685916900634765625e+00,1.492192506790161133e+00,1.780359029769897461e+00
6.819069385528564453e-02,6.224423646926879883e-02,4.705327749252319336e-02,1.160535335540771484e+00,1.295674562454223633e+00,1.762942671775817871e+00
1.236848831176757812e-01,1.082614660263061523e-01,7.550328969955444336e-02,7.662840485572814941e-01,7.061852216720581055e-01,8.374686241149902344e-01
6.757986545562744141e-02,6.071037054061889648e-02,4.658800363540649414e-02,1.176863551139831543e+00,1.256440758705139160e+00,1.475491762161254883e+00
6.624966859817504883e-02,5.433547496795654297e-02,3.956419229507446289e-02,1.731626987457275391e+00,1.446079492568969727e+00,1.878403663635253906e+00
7.525867223739624023e-02,7.171189785003662109e-02,5.564868450164794922e-02,1.312848329544067383e+00,1.229848623275756836e+00,1.025840878486633301e+00
1.436178088188171387e-01,1.318965554237365723e-01,1.136757731437683105e-01,1.189254999160766602e+00,1.124145627021789551e+00,2.927149295806884766e+00
7.821893692016601562e-02,6.144297122955322266e-02,5.477696657180786133e-02,1.153478622436523438e+00,1.128038048744201660e+00,1.742687463760375977e+00
5.694097280502319336e-02,5.213892459869384766e-02,4.195868968963623047e-02,1.384828329086303711e+00,1.339154720306396484e+00,1.572308063507080078e+00
5.656099319458007812e-02,4.524940252304077148e-02,4.082554578781127930e-02,1.197574496269226074e+00,1.000879883766174316e+00,1.194049596786499023e+00
5.243486166000366211e-02,4.358267784118652344e-02,3.805035352706909180e-02,1.235638618469238281e+00,1.260136604309082031e+00,1.456551790237426758e+00
7.243645191192626953e-02,5.501782894134521484e-02,4.771953821182250977e-02,1.592113733291625977e+00,1.302931666374206543e+00,1.758288860321044922e+00
5.333715677261352539e-02,4.664969444274902344e-02,3.420996665954589844e-02,1.241184353828430176e+00,1.531515240669250488e+00,2.492404222488403320e+00
6.088435649871826172e-02,5.363667011260986328e-02,4.191380739212036133e-02,1.027312874794006348e+00,1.168279647827148438e+00,2.310837507247924805e+00
1.319019198417663574e-01,1.287054419517517090e-01,1.193743944168090820e-01,1.626428365707397461e+00,1.538680076599121094e+00,2.237743854522705078e+00
1.692940592765808105e-01,1.431564688682556152e-01,1.555325388908386230e-01,1.431512475013732910e+00,9.713433980941772461e-01,1.454296588897705078e+00
1.172062754631042480e-01,1.023522019386291504e-01,1.027640104293823242e-01,1.072313308715820312e+00,1.501473665237426758e+00,1.552418589591979980e+00
1.595023870468139648e-01,1.534184217453002930e-01,1.263629794120788574e-01,1.376834869384765625e+00,1.318211317062377930e+00,2.595719337463378906e+00
8.168667554855346680e-02,7.747650146484375000e-02,5.119460821151733398e-02,1.428614258766174316e+00,7.675688266754150391e-01,4.431407928466796875e+00
5.653399229049682617e-02,6.808304786682128906e-02,4.359877109527587891e-02,1.525248885154724121e+00,1.355863451957702637e+00,2.892899990081787109e+00
5.875307321548461914e-02,5.547434091567993164e-02,3.952306509017944336e-02,1.370159983634948730e+00,1.215059995651245117e+00,1.458356738090515137e+00
7.218396663665771484e-02,6.119763851165771484e-02,5.147123336791992188e-02,9.362815618515014648e-01,1.095419168472290039e+00,1.241763710975646973e+00
5.358481407165527344e-02,5.050992965698242188e-02,3.932404518127441406e-02,1.304593920707702637e+00,1.277625203132629395e+00,1.707173347473144531e+00
6.658923625946044922e-02,5.838060379028320312e-02,4.420959949493408203e-02,1.293133020401000977e+00,1.479939579963684082e+00,1.304937601089477539e+00
1.384130716323852539e-01,1.246597766876220703e-01,9.893453121185302734e-02,1.520515322685241699e+00,1.335941433906555176e+00,1.248814821243286133e+00
3.604567050933837891e-02,3.035724163055419922e-02,2.543127536773681641e-02,1.047561883926391602e+00,1.178614377975463867e+00,1.414910674095153809e+00
7.060772180557250977e-02,5.818927288055419922e-02,4.903274774551391602e-02,1.498904466629028320e+00,1.218624114990234375e+00,1.330693960189819336e+00
6.878632307052612305e-02,6.202000379562377930e-02,4.773831367492675781e-02,2.107429027557373047e+00,2.518381357192993164e+00,3.587517499923706055e+00
2.211248874664306641e-01,2.115406394004821777e-01,1.489448547363281250e-01,1.402253150939941406e+00,1.001577973365783691e+00,1.491494417190551758e+00
9.394186735153198242e-02,8.518892526626586914e-02,7.055550813674926758e-02,1.129822731018066406e+00,1.460620880126953125e+00,1.908025979995727539e+00
2.016402482986450195e-01,1.867781281471252441e-01,1.341623067855834961e-01,1.364374995231628418e+00,1.354246139526367188e+00,2.240259170532226562e+00
5.558288097381591797e-02,6.131368875503540039e-02,3.736692667007446289e-02,1.177363872528076172e+00,1.165829420089721680e+00,4.431743621826171875e+00
1.094711422920227051e-01,1.182671785354614258e-01,7.569748163223266602e-02,2.232859134674072266e+00,1.617215871810913086e+00,4.430014610290527344e+00
7.866775989532470703e-02,9.221720695495605469e-02,7.238066196441650391e-02,1.630264520645141602e+00,1.490270376205444336e+00,4.365002632141113281e+00
6.301045417785644531e-02,8.414250612258911133e-02,6.662964820861816406e-02,1.744866609573364258e+00,1.183167457580566406e+00,7.676528930664062500e+00
7.014495134353637695e-02,8.895117044448852539e-02,5.275779962539672852e-02,2.796257734298706055e+00,1.741489171981811523e+00,7.510355472564697266e+00
1.262447834014892578e-01,1.361707448959350586e-01,1.516394019126892090e-01,1.481257081031799316e+00,1.389984011650085449e+00,3.755106210708618164e+00
9.634494781494140625e-02,8.117759227752685547e-02,6.333839893341064453e-02,1.912127852439880371e+00,2.170552492141723633e+00,1.586173653602600098e+00
7.126361131668090820e-02,5.787992477416992188e-02,5.040299892425537109e-02,1.185974597930908203e+00,1.253458142280578613e+00,1.095463871955871582e+00
7.058107852935791016e-02,5.866581201553344727e-02,4.917669296264648438e-02,1.354773402214050293e+00,1.135636329650878906e+00,1.421116352081298828e+00
4.530715942382812500e-02,3.806018829345703125e-02,3.017878532409667969e-02,1.216363549232482910e+00,1.299964070320129395e+00,1.459309101104736328e+00
7.764154672622680664e-02,6.153273582458496094e-02,5.578261613845825195e-02,1.147656083106994629e+00,1.198025465011596680e+00,1.570947408676147461e+00
7.470846176147460938e-02,7.021629810333251953e-02,5.425554513931274414e-02,1.374310731887817383e+00,1.354935407638549805e+00,1.628739356994628906e+00
8.391273021697998047e-02,7.782733440399169922e-02,6.049650907516479492e-02,1.011029362678527832e+00,1.037434101104736328e+00,1.099780082702636719e+00
5.328959226608276367e-02,4.215037822723388672e-02,3.229326009750366211e-02,6.075814962387084961e-01,8.092374801635742188e-01,1.430294036865234375e+00
7.426053285598754883e-02,6.762707233428955078e-02,5.743056535720825195e-02,1.874336481094360352e+00,2.616812467575073242e+00,3.344623088836669922e+00
7.379722595214843750e-02,6.878077983856201172e-02,6.188374757766723633e-02,1.448766589164733887e+00,1.400743961334228516e+00,2.900935173034667969e+00
7.461869716644287109e-02,6.053370237350463867e-02,5.442023277282714844e-02,1.849715471267700195e+00,2.239171981811523438e+00,2.758378982543945312e+00
1.567892432212829590e-01,1.414132118225097656e-01,1.130391955375671387e-01,1.259156942367553711e+00,1.300953269004821777e+00,1.689195394515991211e+00
6.076759099960327148e-02,7.686549425125122070e-02,5.121964216232299805e-02,1.293973922729492188e+00,1.193456768989562988e+00,3.049855232238769531e+00
8.662784099578857422e-02,8.292174339294433594e-02,7.515209913253784180e-02,1.450154542922973633e+00,1.199227094650268555e+00,3.708679676055908203e+00
5.149394273757934570e-02,4.713588953018188477e-02,4.044663906097412109e-02,1.384161114692687988e+00,1.503377795219421387e+00,2.961098194122314453e+00
7.597196102142333984e-02,7.346266508102416992e-02,6.130796670913696289e-02,1.426932096481323242e+00,1.471774101257324219e+00,3.133992671966552734e+00
7.849878072738647461e-02,7.632493972778320312e-02,6.199640035629272461e-02,1.485398054122924805e+00,1.398586034774780273e+00,2.496121644973754883e+00
5.317246913909912109e-02,4.619103670120239258e-02,3.906691074371337891e-02,1.171047806739807129e+00,1.307400226593017578e+00,2.630187511444091797e+00
9.294766187667846680e-02,8.933937549591064453e-02,7.029891014099121094e-02,1.428776264190673828e+00,1.307828307151794434e+00,3.436405420303344727e+00
1.928717494010925293e-01,1.899502873420715332e-01,1.904854774475097656e-01,1.351037502288818359e+00,9.642999172210693359e-01,1.100028038024902344e+00
6.662249565124511719e-02,7.137769460678100586e-02,5.530267953872680664e-02,1.272904515266418457e+00,1.414005517959594727e+00,2.481108665466308594e+00
7.547503709793090820e-02,8.714675903320312500e-02,7.239335775375366211e-02,2.865888357162475586e+00,2.321562290191650391e+00,4.914489269256591797e+00
4.811775684356689453e-02,5.232310295104980469e-02,4.085290431976318359e-02,2.100662231445312500e+00,2.086777448654174805e+00,5.724164009094238281e+00
8.063828945159912109e-02,7.901555299758911133e-02,6.962925195693969727e-02,1.313690543174743652e+00,9.013806581497192383e-01,2.650285243988037109e+00
6.434583663940429688e-02,6.343299150466918945e-02,5.129134654998779297e-02,1.402551651000976562e+00,1.753736734390258789e+00,3.448508262634277344e+00
7.082891464233398438e-02,5.530822277069091797e-02,4.972743988037109375e-02,1.211058497428894043e+00,1.282561182975769043e+00,1.927279233932495117e+00
6.243145465850830078e-02,5.664271116256713867e-02,4.545289278030395508e-02,1.204631209373474121e+00,1.289105415344238281e+00,2.275099039077758789e+00
5.695903301239013672e-02,4.752480983734130859e-02,4.255199432373046875e-02,1.171580314636230469e+00,9.860225915908813477e-01,1.422614812850952148e+00
6.062418222427368164e-02,5.340170860290527344e-02,4.377865791320800781e-02,1.158773303031921387e+00,1.241217613220214844e+00,1.995313644409179688e+00
9.022843837738037109e-02,8.800363540649414062e-02,6.717377901077270508e-02,1.296755313873291016e+00,2.073265314102172852e+00,1.470070123672485352e+00
7.365006208419799805e-02,6.288224458694458008e-02,4.693043231964111328e-02,1.498137235641479492e+00,1.557203054428100586e+00,1.884135603904724121e+00
6.319034099578857422e-02,5.471295118331909180e-02,4.205024242401123047e-02,1.519504666328430176e+00,1.478507995605468750e+00,1.545185327529907227e+00
8.337432146072387695e-02,7.593333721160888672e-02,5.455523729324340820e-02,1.394286274909973145e+00,1.250278949737548828e+00,2.202024221420288086e+00
3.922373056411743164e-02,4.080873727798461914e-02,2.932977676391601562e-02,1.128871321678161621e+00,1.426663637161254883e+00,1.692615509033203125e+00
8.136302232742309570e-02,7.162517309188842773e-02,5.283808708190917969e-02,1.718998670578002930e+00,1.215576410293579102e+00,3.014507770538330078e+00
6.502783298492431641e-02,6.215929985046386719e-02,4.360628128051757812e-02,1.200461149215698242e+00,1.234601974487304688e+00,2.873566627502441406e+00
1.037524938583374023e-01,9.899049997329711914e-02,6.913536787033081055e-02,1.567635297775268555e+00,1.853083133697509766e+00,2.498127460479736328e+00
7.158744335174560547e-02,7.032734155654907227e-02,5.274689197540283203e-02,1.431309938430786133e+00,1.505033969879150391e+00,3.276161670684814453e+00
2.319452762603759766e-01,2.600682377815246582e-01,1.625536680221557617e-01,3.285112380981445312e+00,2.359719514846801758e+00,6.511159896850585938e+00
5.268287658691406250e-02,6.836074590682983398e-02,4.354655742645263672e-02,1.724135398864746094e+00,1.365407466888427734e+00,7.097710132598876953e+00
6.744432449340820312e-02,8.399587869644165039e-02,5.995595455169677734e-02,2.069295406341552734e+00,1.011654138565063477e+00,7.445076942443847656e+00
3.414022922515869141e-02,3.708404302597045898e-02,2.334004640579223633e-02,1.022725939750671387e+00,1.519320249557495117e+00,3.668571949005126953e+00
6.842547655105590820e-02,5.934172868728637695e-02,4.200536012649536133e-02,2.909641265869140625e+00,1.749364376068115234e+00,3.994644641876220703e+00
4.041266441345214844e-02,4.615527391433715820e-02,3.317946195602416992e-02,1.332942366600036621e+00,1.468129634857177734e+00,1.758566856384277344e+00
5.957061052322387695e-02,5.255126953125000000e-02,4.383909702301025391e-02,1.157133579254150391e+00,1.081540107727050781e+00,1.480563640594482422e+00
5.445080995559692383e-02,5.542445182800292969e-02,4.066658020019531250e-02,6.881439685821533203e-01,6.527388095855712891e-01,8.450503349304199219e-01
7.898497581481933594e-02,6.552743911743164062e-02,5.748903751373291016e-02,9.168060421943664551e-01,1.486087918281555176e+00,2.321214675903320312e+00
6.238549947738647461e-02,5.215770006179809570e-02,5.031895637512207031e-02,1.053967952728271484e+00,1.266056656837463379e+00,1.541050314903259277e+00
9.372854232788085938e-02,7.993841171264648438e-02,6.287527084350585938e-02,1.064067602157592773e+00,8.630450963973999023e-01,1.505311489105224609e+00
5.531179904937744141e-02,4.838401079177856445e-02,4.008865356445312500e-02,1.266483306884765625e+00,1.198800325393676758e+00,1.318161964416503906e+00
6.551849842071533203e-02,6.074774265289306641e-02,4.312241077423095703e-02,1.768795013427734375e+00,1.482159376144409180e+00,2.396846294403076172e+00
6.643170118331909180e-02,7.161837816238403320e-02,5.728000402450561523e-02,1.432433724403381348e+00,1.536184310913085938e+00,2.750632286071777344e+00
7.924568653106689453e-02,7.280623912811279297e-02,6.582587957382202148e-02,1.560457944869995117e+00,1.119342565536499023e+00,3.901416778564453125e+00
6.447833776473999023e-02,5.840724706649780273e-02,4.901719093322753906e-02,1.814295053482055664e+00,6.996420621871948242e-01,2.609412670135498047e+00
6.431114673614501953e-02,6.219166517257690430e-02,4.778194427490234375e-02,1.509079098701477051e+00,1.502167463302612305e+00,2.134885072708129883e+00
6.056803464889526367e-02,7.355833053588867188e-02,6.412553787231445312e-02,1.412138700485229492e+00,1.927898883819580078e+00,3.871823072433471680e+00
6.234955787658691406e-02,6.228911876678466797e-02,5.153399705886840820e-02,1.342715978622436523e+00,1.310940027236938477e+00,3.123205184936523438e+00
6.310182809829711914e-02,6.098878383636474609e-02,5.275440216064453125e-02,1.189262151718139648e+00,1.178562641143798828e+00,3.783973217010498047e+00
5.660802125930786133e-02,5.001103878021240234e-02,4.411822557449340820e-02,1.034975528717041016e+00,1.413565278053283691e+00,2.282486677169799805e+00
4.850238561630249023e-02,4.205864667892456055e-02,3.961551189422607422e-02,1.107835292816162109e+00,1.074542284011840820e+00,2.634297609329223633e+00
6.875932216644287109e-02,6.068372726440429688e-02,5.620747804641723633e-02,1.117069482803344727e+00,1.568741321563720703e+00,3.104009151458740234e+00
6.308394670486450195e-02,7.077616453170776367e-02,5.451196432113647461e-02,1.520728468894958496e+00,1.490377902984619141e+00,5.225747108459472656e+00
3.682136535644531250e-02,4.017502069473266602e-02,3.465825319290161133e-02,1.188324093818664551e+00,1.663582921028137207e+00,2.471477270126342773e+00
5.456346273422241211e-02,4.892313480377197266e-02,3.591924905776977539e-02,1.166140437126159668e+00,1.287990689277648926e+00,1.906988859176635742e+00
6.285810470581054688e-02,5.219310522079467773e-02,4.572612047195434570e-02,1.578647136688232422e+00,1.764780879020690918e+00,2.194559812545776367e+00
5.260241031646728516e-02,4.637128114700317383e-02,4.023975133895874023e-02,1.065119862556457520e+00,1.239769458770751953e+00,1.751260042190551758e+00
5.035668611526489258e-02,3.974032402038574219e-02,3.282505273818969727e-02,1.420264363288879395e+00,1.338932633399963379e+00,1.710596323013305664e+00
3.937321901321411133e-02,3.412574529647827148e-02,2.543896436691284180e-02,8.610025048255920410e-01,1.073217630386352539e+00,1.192843675613403320e+00
5.323076248168945312e-02,4.798454046249389648e-02,4.225713014602661133e-02,1.160888314247131348e+00,1.207594513893127441e+00,1.519735097885131836e+00
6.644976139068603516e-02,5.737012624740600586e-02,4.455953836441040039e-02,1.557936429977416992e+00,1.560673475265502930e+00,1.742488145828247070e+00
6.051349639892578125e-02,5.496025085449218750e-02,3.995651006698608398e-02,9.612250328063964844e-01,1.344127178192138672e+00,1.072955131530761719e+00
6.781107187271118164e-02,5.548310279846191406e-02,4.827064275741577148e-02,1.250701189041137695e+00,1.157170414924621582e+00,1.472772836685180664e+00
4.997420310974121094e-02,4.651486873626708984e-02,3.593498468399047852e-02,1.018115401268005371e+00,1.283937931060791016e+00,1.757717132568359375e+00
5.611020326614379883e-02,5.365169048309326172e-02,3.940969705581665039e-02,9.963364005088806152e-01,1.295297741889953613e+00,1.822797060012817383e+00
8.113950490951538086e-02,7.974028587341308594e-02,5.141741037368774414e-02,1.297594547271728516e+00,1.341004133224487305e+00,1.927831649780273438e+00
6.322628259658813477e-02,5.698227882385253906e-02,4.513818025588989258e-02,1.199716687202453613e+00,1.418484687805175781e+00,1.844988346099853516e+00
2.565926313400268555e-01,2.606745958328247070e-01,2.882430553436279297e-01,1.419293642044067383e+00,1.068630695343017578e+00,2.227221250534057617e+00
5.873340368270874023e-02,5.743682384490966797e-02,4.091852903366088867e-02,1.670657515525817871e+00,1.296344518661499023e+00,4.198373794555664062e+00
1.119321584701538086e-01,1.656476855278015137e-01,2.011923193931579590e-01,2.498528957366943359e+00,1.798971533775329590e+00,6.628368377685546875e+00
2.376587390899658203e-01,2.645030021667480469e-01,2.856752872467041016e-01,1.622516393661499023e+00,1.121498107910156250e+00,7.428195476531982422e+00
2.377665638923645020e-01,2.382429242134094238e-01,2.184399962425231934e-01,1.584556818008422852e+00,1.292673468589782715e+00,1.956123352050781250e+00
9.830564260482788086e-02,9.990602731704711914e-02,6.928879022598266602e-02,1.537688970565795898e+00,1.483899593353271484e+00,2.369913339614868164e+00
9.598159790039062500e-02,9.055370092391967773e-02,7.071018218994140625e-02,1.282628417015075684e+00,1.260954737663269043e+00,3.558767795562744141e+00
6.936907768249511719e-02,6.069928407669067383e-02,4.440486431121826172e-02,1.270945310592651367e+00,1.583656668663024902e+00,2.280925035476684570e+00
4.472887516021728516e-02,3.674966096878051758e-02,3.020793199539184570e-02,8.498611450195312500e-01,1.186642646789550781e+00,1.576758384704589844e+00
7.277047634124755859e-02,6.385874748229980469e-02,5.674463510513305664e-02,1.139503955841064453e+00,1.387066125869750977e+00,2.037140369415283203e+00
5.981343984603881836e-02,5.174160003662109375e-02,4.513031244277954102e-02,3.597242832183837891e+00,2.649211168289184570e+00,4.124421119689941406e+00
5.571216344833374023e-02,5.348557233810424805e-02,4.142081737518310547e-02,1.174432754516601562e+00,1.354747295379638672e+00,1.471824407577514648e+00
5.039405822753906250e-02,4.454863071441650391e-02,3.955847024917602539e-02,1.245895743370056152e+00,1.222182869911193848e+00,1.691649436950683594e+00
5.878096818923950195e-02,6.407189369201660156e-02,5.138379335403442383e-02,1.427356839179992676e+00,1.276085376739501953e+00,3.730540037155151367e+00
4.842603206634521484e-02,4.586756229400634766e-02,3.766411542892456055e-02,1.085601568222045898e+00,1.103907823562622070e+00,2.491978883743286133e+00
5.388361215591430664e-02,5.144995450973510742e-02,4.099971055984497070e-02,9.048730731010437012e-01,1.087441682815551758e+00,2.250282526016235352e+00
8.277243375778198242e-02,7.810163497924804688e-02,7.190608978271484375e-02,1.366179585456848145e+00,1.667815923690795898e+00,1.216749906539916992e+00
8.529227972030639648e-02,7.531249523162841797e-02,6.015819311141967773e-02,1.724766731262207031e+00,1.431301116943359375e+00,1.856849670410156250e+00
5.032789707183837891e-02,4.858624935150146484e-02,3.966039419174194336e-02,1.235557079315185547e+00,1.159192085266113281e+00,1.720692634582519531e+00
8.873212337493896484e-02,9.470915794372558594e-02,6.536149978637695312e-02,1.652749300003051758e+00,1.762923955917358398e+00,2.522389411926269531e+00
2.347812652587890625e-01,2.530072331428527832e-01,2.721889615058898926e-01,1.430223226547241211e+00,1.322835445404052734e+00,2.606054782867431641e+00
1.333869695663452148e-01,1.592752933502197266e-01,1.112247705459594727e-01,3.059986352920532227e+00,2.056187629699707031e+00,6.196167945861816406e+00
7.023292779922485352e-02,7.964175939559936523e-02,5.469113588333129883e-02,3.152927398681640625e+00,2.740574836730957031e+00,5.555061340332031250e+00
8.799594640731811523e-02,9.569442272186279297e-02,6.910604238510131836e-02,1.529267907142639160e+00,1.617684364318847656e+00,5.001594066619873047e+00
8.544319868087768555e-02,8.361786603927612305e-02,6.655687093734741211e-02,2.438174962997436523e+00,1.747669696807861328e+00,4.568402767181396484e+00
8.192914724349975586e-02,7.213121652603149414e-02,5.172389745712280273e-02,1.296952486038208008e+00,1.224797844886779785e+00,1.513970017433166504e+00
5.228483676910400391e-02,4.271221160888671875e-02,2.768093347549438477e-02,1.183298587799072266e+00,1.236409306526184082e+00,2.855057954788208008e+00
9.409046173095703125e-02,8.953732252120971680e-02,6.286561489105224609e-02,1.727028250694274902e+00,1.639705657958984375e+00,2.738288879394531250e+00
1.087557077407836914e-01,9.908705949783325195e-02,9.055817127227783203e-02,1.432924747467041016e+00,1.106556415557861328e+00,1.803701400756835938e+00
4.990768432617187500e-02,4.825562238693237305e-02,3.481793403625488281e-02,1.171494960784912109e+00,1.205587863922119141e+00,1.815901637077331543e+00
5.605942010879516602e-02,4.893350601196289062e-02,3.954398632049560547e-02,8.305360078811645508e-01,1.278775334358215332e+00,1.600970745086669922e+00
5.442380905151367188e-02,4.644280672073364258e-02,4.391312599182128906e-02,1.382429480552673340e+00,1.766883730888366699e+00,1.952761530876159668e+00
7.245790958404541016e-02,6.626611948013305664e-02,4.937821626663208008e-02,1.499438285827636719e+00,1.242223620414733887e+00,1.718114733695983887e+00
4.892510175704956055e-02,4.169905185699462891e-02,3.445118665695190430e-02,1.165771007537841797e+00,1.104678511619567871e+00,1.643752455711364746e+00
7.399696111679077148e-02,6.492823362350463867e-02,5.210763216018676758e-02,1.385457515716552734e+00,1.308324098587036133e+00,1.942580580711364746e+00
9.037256240844726562e-02,7.816725969314575195e-02,6.218111515045166016e-02,8.519335985183715820e-01,9.274826645851135254e-01,1.613916397094726562e+00
7.284557819366455078e-02,6.553369760513305664e-02,5.222886800765991211e-02,9.190893173217773438e-01,1.205855607986450195e+00,6.732598543167114258e-01
6.451320648193359375e-02,5.750173330307006836e-02,4.388773441314697266e-02,2.046931028366088867e+00,2.124558448791503906e+00,4.653129100799560547e+00
5.096572637557983398e-02,4.373019933700561523e-02,3.758794069290161133e-02,9.824899435043334961e-01,1.052231669425964355e+00,1.326251745223999023e+00
7.707756757736206055e-02,6.904828548431396484e-02,5.328565835952758789e-02,1.483720421791076660e+00,1.647352933883666992e+00,2.977385997772216797e+00
7.666522264480590820e-02,6.118887662887573242e-02,5.710655450820922852e-02,3.635517954826354980e-01,7.800570130348205566e-01,9.355455636978149414e-01
6.781268119812011719e-02,5.512994527816772461e-02,4.686176776885986328e-02,1.212210059165954590e+00,1.199228167533874512e+00,1.538105487823486328e+00
7.034164667129516602e-02,5.905097723007202148e-02,5.208331346511840820e-02,9.194464087486267090e-01,8.683655261993408203e-01,1.126128673553466797e+00
1.967355608940124512e-01,1.724823117256164551e-01,1.139806509017944336e-01,1.157774448394775391e+00,1.030236482620239258e+00,1.447177648544311523e+00
6.214892864227294922e-02,4.880279302597045898e-02,4.134017229080200195e-02,1.010999441146850586e+00,1.222760438919067383e+00,1.034155368804931641e+00
6.198585033416748047e-02,4.975622892379760742e-02,3.530198335647583008e-02,1.257338047027587891e+00,1.247389197349548340e+00,1.440330505371093750e+00
6.031715869903564453e-02,5.243772268295288086e-02,3.965467214584350586e-02,1.228056430816650391e+00,1.171623945236206055e+00,2.219127178192138672e+00
1.634894013404846191e-01,1.591418981552124023e-01,1.073366403579711914e-01,1.115399837493896484e+00,1.592046022415161133e+00,3.690216541290283203e+00
8.072626590728759766e-02,7.380026578903198242e-02,5.284631252288818359e-02,1.511220574378967285e+00,1.307746052742004395e+00,3.033060073852539062e+00
6.096822023391723633e-02,5.568355321884155273e-02,4.295647144317626953e-02,1.177538156509399414e+00,9.320862293243408203e-01,1.770824909210205078e+00
6.338667869567871094e-02,5.709439516067504883e-02,4.369193315505981445e-02,1.417103290557861328e+00,1.649767637252807617e+00,2.294750928878784180e+00
7.365292310714721680e-02,8.161979913711547852e-02,6.422370672225952148e-02,1.408314585685729980e+00,1.634857892990112305e+00,2.052112817764282227e+00
1.298899054527282715e-01,1.114772558212280273e-01,8.392935991287231445e-02,2.312630891799926758e+00,1.945866346359252930e+00,3.707912445068359375e+00
4.281342029571533203e-02,3.807359933853149414e-02,2.914899587631225586e-02,8.066260814666748047e-01,6.214910745620727539e-01,5.232236981391906738e-01
7.311487197875976562e-02,6.306570768356323242e-02,5.097860097885131836e-02,1.366212844848632812e+00,1.371394395828247070e+00,1.648141622543334961e+00
8.580011129379272461e-02,6.897854804992675781e-02,5.491876602172851562e-02,1.500123739242553711e+00,1.159725904464721680e+00,1.527124166488647461e+00
7.091832160949707031e-02,6.074756383895874023e-02,4.557842016220092773e-02,1.463429927825927734e+00,1.505389094352722168e+00,1.687633275985717773e+00
6.587970256805419922e-02,5.774563550949096680e-02,4.235905408859252930e-02,1.055478572845458984e+00,1.138389945030212402e+00,1.542912125587463379e+00
5.927914381027221680e-02,5.216503143310546875e-02,4.560166597366333008e-02,1.218180656433105469e+00,1.033780932426452637e+00,1.120441675186157227e+00
7.238495349884033203e-02,5.704039335250854492e-02,5.109590291976928711e-02,9.459770321846008301e-01,1.065558314323425293e+00,1.131805419921875000e+00
7.122248411178588867e-02,5.480360984802246094e-02,5.190986394882202148e-02,1.101019382476806641e+00,1.257046222686767578e+00,1.042629718780517578e+00
6.134927272796630859e-02,5.573952198028564453e-02,4.381227493286132812e-02,1.151311039924621582e+00,1.275408267974853516e+00,1.668772816658020020e+00
1.052668690681457520e-01,1.022826433181762695e-01,7.639217376708984375e-02,1.684721231460571289e+00,1.213829755783081055e+00,3.374498367309570312e+00
8.085769414901733398e-02,7.865345478057861328e-02,5.718791484832763672e-02,1.374398231506347656e+00,1.591588258743286133e+00,1.811635971069335938e+00
5.619835853576660156e-02,5.784791707992553711e-02,3.763335943222045898e-02,1.092042088508605957e+00,1.013892531394958496e+00,2.441956281661987305e+00
5.707561969757080078e-02,8.686852455139160156e-02,4.947835206985473633e-02,1.490241289138793945e+00,1.061299562454223633e+00,5.255243301391601562e+00
3.470671176910400391e-02,4.671925306320190430e-02,2.786242961883544922e-02,2.987854242324829102e+00,1.712189435958862305e+00,6.212386608123779297e+00
5.979448556900024414e-02,8.106690645217895508e-02,5.338311195373535156e-02,2.525700569152832031e+00,1.508587598800659180e+00,8.029544830322265625e+00
4.387164115905761719e-02,4.801994562149047852e-02,2.812671661376953125e-02,2.329714059829711914e+00,1.463997960090637207e+00,6.958916664123535156e+00
4.425466060638427734e-02,4.534274339675903320e-02,2.698695659637451172e-02,1.104384183883666992e+00,1.410123348236083984e+00,2.367563247680664062e+00
4.782450199127197266e-02,4.061418771743774414e-02,2.945601940155029297e-02,1.107366561889648438e+00,1.309924602508544922e+00,2.410379648208618164e+00
6.548434495925903320e-02,5.980288982391357422e-02,4.483723640441894531e-02,1.370512962341308594e+00,1.705139875411987305e+00,2.583506584167480469e+00
6.263959407806396484e-02,5.640095472335815430e-02,4.422336816787719727e-02,1.103539228439331055e+00,1.056037545204162598e+00,1.881693601608276367e+00
6.234526634216308594e-02,5.022972822189331055e-02,4.651969671249389648e-02,1.107136130332946777e+00,9.522122740745544434e-01,1.362154841423034668e+00
5.938088893890380859e-02,5.253535509109497070e-02,4.532951116561889648e-02,1.213496088981628418e+00,1.234871149063110352e+00,1.609268546104431152e+00
8.113414049148559570e-02,7.113128900527954102e-02,5.923426151275634766e-02,1.082747697830200195e+00,1.005876660346984863e+00,1.166368007659912109e+00
5.811756849288940430e-02,5.423194169998168945e-02,3.995025157928466797e-02,1.044888138771057129e+00,1.161130785942077637e+00,1.481716275215148926e+00
9.112930297851562500e-02,7.492983341217041016e-02,6.479519605636596680e-02,1.309744834899902344e+00,1.339833736419677734e+00,1.550417900085449219e+00
9.871208667755126953e-02,8.129239082336425781e-02,6.639218330383300781e-02,1.302860498428344727e+00,1.442562460899353027e+00,2.126886367797851562e+00
4.817193746566772461e-02,5.223190784454345703e-02,3.966200351715087891e-02,1.910061359405517578e+00,1.633594512939453125e+00,3.099100828170776367e+00
1.482111811637878418e-01,1.323276758193969727e-01,1.296063065528869629e-01,1.391395211219787598e+00,1.512046694755554199e+00,2.667011499404907227e+00
6.737941503524780273e-02,6.436014175415039062e-02,5.722689628601074219e-02,1.076693058013916016e+00,1.310843110084533691e+00,2.386232376098632812e+00
1.090321540832519531e-01,1.138020157814025879e-01,9.906131029129028320e-02,1.294380784034729004e+00,1.424738287925720215e+00,3.484747409820556641e+00
5.489283800125122070e-02,5.238640308380126953e-02,4.987835884094238281e-02,1.594702243804931641e+00,1.367224216461181641e+00,3.231684684753417969e+00
6.908404827117919922e-02,6.328618526458740234e-02,5.253463983535766602e-02,1.088552355766296387e+00,1.164704561233520508e+00,2.688459634780883789e+00
5.522525310516357422e-02,5.391794443130493164e-02,4.461175203323364258e-02,1.351706504821777344e+00,1.495604515075683594e+00,2.710144281387329102e+00
5.829262733459472656e-02,5.474138259887695312e-02,4.255896806716918945e-02,2.702698230743408203e+00,2.872360944747924805e+00,3.661736726760864258e+00
5.639004707336425781e-02,5.162608623504638672e-02,4.093837738037109375e-02,1.508457541465759277e+00,1.383423686027526855e+00,2.348932504653930664e+00
5.471652746200561523e-02,4.627060890197753906e-02,3.700250387191772461e-02,2.130227088928222656e+00,2.228607654571533203e+00,5.559426307678222656e+00
3.540444374084472656e-02,3.379708528518676758e-02,3.234404325485229492e-02,1.390977859497070312e+00,1.942820191383361816e+00,2.411067247390747070e+00
5.762869119644165039e-02,5.594515800476074219e-02,4.729878902435302734e-02,1.338124752044677734e+00,1.436437010765075684e+00,1.924973964691162109e+00
6.225675344467163086e-02,7.650625705718994141e-02,5.384516716003417969e-02,2.491851091384887695e+00,2.179547786712646484e+00,6.200938224792480469e+00
3.855907917022705078e-02,4.116940498352050781e-02,3.211140632629394531e-02,1.723662853240966797e+00,1.574183106422424316e+00,5.015727043151855469e+00
3.259640336036682129e-01,2.562979459762573242e-01,3.082335591316223145e-01,1.231157898902893066e+00,1.177498102188110352e+00,2.749429702758789062e+00
5.222225189208984375e-02,4.271149635314941406e-02,3.626114130020141602e-02,1.238876938819885254e+00,1.552864789962768555e+00,2.612187385559082031e+00
6.113040447235107422e-02,4.797577857971191406e-02,3.848218917846679688e-02,1.469005107879638672e+00,1.722666978836059570e+00,1.865340709686279297e+00
8.240121603012084961e-02,6.454557180404663086e-02,5.673032999038696289e-02,1.418011665344238281e+00,1.583056211471557617e+00,1.481504201889038086e+00
8.811306953430175781e-02,6.862556934356689453e-02,5.645996332168579102e-02,1.620083928108215332e+00,1.203463196754455566e+00,3.224117517471313477e+00
9.564900398254394531e-02,8.241623640060424805e-02,6.390756368637084961e-02,2.578756809234619141e+00,1.737712860107421875e+00,2.554689884185791016e+00
8.757215738296508789e-02,7.369083166122436523e-02,5.685961246490478516e-02,1.738767623901367188e+00,1.413992404937744141e+00,2.242408752441406250e+00
5.615133047103881836e-02,5.121123790740966797e-02,3.794717788696289062e-02,1.001854777336120605e+00,1.107365369796752930e+00,1.972506761550903320e+00
1.226046681404113770e-01,9.369152784347534180e-02,7.613110542297363281e-02,1.179966330528259277e+00,1.144629120826721191e+00,1.650228738784790039e+00
8.935993909835815430e-02,8.383655548095703125e-02,5.667436122894287109e-02,1.440476655960083008e+00,1.816456675529479980e+00,2.017309188842773438e+00
7.585644721984863281e-02,7.230001688003540039e-02,5.663001537322998047e-02,2.018630981445312500e+00,1.308679461479187012e+00,3.792607784271240234e+00
1.047951579093933105e-01,1.074312329292297363e-01,7.004678249359130859e-02,2.075220823287963867e+00,2.014614582061767578e+00,5.239323139190673828e+00
3.078403472900390625e-01,2.498066425323486328e-01,1.811728477478027344e-01,2.650701522827148438e+00,1.027947902679443359e+00,5.094233512878417969e+00
5.979645252227783203e-02,6.850379705429077148e-02,4.646480083465576172e-02,1.956875085830688477e+00,1.524268627166748047e+00,4.197640419006347656e+00
6.580066680908203125e-02,7.447528839111328125e-02,5.087578296661376953e-02,1.975718498229980469e+00,1.355441808700561523e+00,4.397624015808105469e+00
9.591972827911376953e-02,1.193060874938964844e-01,7.484704256057739258e-02,1.792974829673767090e+00,1.452433109283447266e+00,4.256823062896728516e+00
2.213702201843261719e-01,2.343835830688476562e-01,2.048814296722412109e-01,1.660140037536621094e+00,1.484073638916015625e+00,2.777569293975830078e+00
4.876792430877685547e-02,5.070608854293823242e-02,3.516161441802978516e-02,1.675530672073364258e+00,1.057648658752441406e+00,3.073674917221069336e+00
8.852791786193847656e-02,7.992982864379882812e-02,6.157279014587402344e-02,1.170044302940368652e+00,1.563792228698730469e+00,2.638747453689575195e+00
5.290728807449340820e-02,4.922157526016235352e-02,3.894764184951782227e-02,1.229008555412292480e+00,1.670255541801452637e+00,1.832063674926757812e+00
1.144527196884155273e-01,9.405970573425292969e-02,8.108389377593994141e-02,1.117525577545166016e+00,1.329784631729125977e+00,1.588578462600708008e+00
5.803245306015014648e-02,4.745632410049438477e-02,4.637736082077026367e-02,1.261903882026672363e+00,1.623583555221557617e+00,1.458786964416503906e+00
7.353436946868896484e-02,5.982792377471923828e-02,4.898303747177124023e-02,2.480467081069946289e+00,2.595253944396972656e+00,5.084533691406250000e+00
5.279409885406494141e-02,6.747561693191528320e-02,4.735708236694335938e-02,1.660283327102661133e+00,1.226995825767517090e+00,3.365670919418334961e+00
4.377400875091552734e-02,3.820520639419555664e-02,3.547918796539306641e-02,1.247503638267517090e+00,1.193934917449951172e+00,3.668069601058959961e+00
8.839613199234008789e-02,8.326596021652221680e-02,6.913250684738159180e-02,1.512734174728393555e+00,1.648351550102233887e+00,2.545183181762695312e+00
1.090412735939025879e-01,1.017469167709350586e-01,8.921724557876586914e-02,1.304581880569458008e+00,1.498623847961425781e+00,1.610646247863769531e+00
3.956812620162963867e-02,3.532755374908447266e-02,3.366601467132568359e-02,1.127645254135131836e+00,1.146999478340148926e+00,2.833526134490966797e+00
9.099286794662475586e-02,8.470952510833740234e-02,8.258914947509765625e-02,1.142661809921264648e+00,1.773503541946411133e+00,3.580626010894775391e+00
5.343908071517944336e-02,5.257987976074218750e-02,4.340761899948120117e-02,1.428746581077575684e+00,1.223912358283996582e+00,3.842810153961181641e+00
6.470811367034912109e-02,5.374038219451904297e-02,4.469990730285644531e-02,9.823154211044311523e-01,1.345419645309448242e+00,2.122099399566650391e+00
1.381394863128662109e-01,1.227419972419738770e-01,1.109100580215454102e-01,1.209609031677246094e+00,1.176078915596008301e+00,2.704489946365356445e+00
4.116690158843994141e-02,5.084717273712158203e-02,4.439806938171386719e-02,2.158046245574951172e+00,1.689201116561889648e+00,4.316183090209960938e+00
4.461067914962768555e-02,4.399108886718750000e-02,3.982990980148315430e-02,1.403784513473510742e+00,1.502855300903320312e+00,4.502220153808593750e+00
9.448385238647460938e-02,1.102015972137451172e-01,9.303367137908935547e-02,1.366993427276611328e+00,1.366080760955810547e+00,3.388180017471313477e+00
5.283808708190917969e-02,5.033987760543823242e-02,4.577958583831787109e-02,1.249266147613525391e+00,1.345461606979370117e+00,2.441431999206542969e+00
5.171674489974975586e-02,4.370927810668945312e-02,3.634035587310791016e-02,1.540334224700927734e+00,1.459720373153686523e+00,2.078044891357421875e+00
5.831927061080932617e-02,6.341832876205444336e-02,4.665988683700561523e-02,1.239062190055847168e+00,1.611825942993164062e+00,2.553117752075195312e+00
5.091851949691772461e-02,4.137521982192993164e-02,3.836131095886230469e-02,1.329903125762939453e+00,9.716865420341491699e-01,2.088478326797485352e+00
8.260917663574218750e-02,7.027709484100341797e-02,5.941557884216308594e-02,1.519311904907226562e+00,3.144243240356445312e+00,3.500877380371093750e+00
4.207438230514526367e-02,4.287242889404296875e-02,3.530323505401611328e-02,2.015292167663574219e+00,2.175705194473266602e+00,1.794717073440551758e+00
5.754768848419189453e-02,4.028052091598510742e-02,3.202468156814575195e-02,1.609431266784667969e+00,1.683084368705749512e+00,2.942032098770141602e+00
3.672266006469726562e-02,3.684675693511962891e-02,3.319537639617919922e-02,1.414216518402099609e+00,1.327580809593200684e+00,2.043145418167114258e+00
4.416149854660034180e-02,4.000139236450195312e-02,3.424447774887084961e-02,1.504049420356750488e+00,1.577842712402343750e+00,1.641869306564331055e+00
6.645172834396362305e-02,5.751425027847290039e-02,4.798740148544311523e-02,1.271958231925964355e+00,1.358783960342407227e+00,1.474862098693847656e+00
5.793464183807373047e-02,5.485332012176513672e-02,3.924697637557983398e-02,1.236605882644653320e+00,1.049560189247131348e+00,1.926594495773315430e+00
7.307839393615722656e-02,6.311058998107910156e-02,4.970544576644897461e-02,1.214654445648193359e+00,1.467670440673828125e+00,2.294925689697265625e+00
5.176144838333129883e-02,5.069482326507568359e-02,3.294163942337036133e-02,1.087245583534240723e+00,1.060809016227722168e+00,1.484065890312194824e+00
9.825325012207031250e-02,1.000914573669433594e-01,7.149678468704223633e-02,1.347218155860900879e+00,1.401204943656921387e+00,3.368552684783935547e+00
2.261745929718017578e-01,2.407838702201843262e-01,2.786715030670166016e-01,1.530049085617065430e+00,1.422998785972595215e+00,5.815447330474853516e+00
6.034666299819946289e-02,6.209832429885864258e-02,3.218346834182739258e-02,1.824643492698669434e+00,9.733917117118835449e-01,4.641722202301025391e+00
7.944059371948242188e-02,8.597713708877563477e-02,8.105814456939697266e-02,2.585262298583984375e+00,1.574203133583068848e+00,5.905379295349121094e+00
8.415985107421875000e-02,8.663588762283325195e-02,6.653809547424316406e-02,2.261785507202148438e+00,2.354971170425415039e+00,5.355089187622070312e+00
6.052225828170776367e-02,6.387215852737426758e-02,4.561275243759155273e-02,1.248434185981750488e+00,8.637757301330566406e-01,2.631325483322143555e+00
5.899733304977416992e-02,5.386126041412353516e-02,4.312866926193237305e-02,1.132346391677856445e+00,1.530599594116210938e+00,2.641965389251708984e+00
4.649376869201660156e-02,5.219560861587524414e-02,3.134053945541381836e-02,1.119901299476623535e+00,1.509574413299560547e+00,1.875687122344970703e+00
6.542837619781494141e-02,5.692559480667114258e-02,4.287546873092651367e-02,1.015710592269897461e+00,9.053263664245605469e-01,1.436462402343750000e+00
6.448942422866821289e-02,5.696010589599609375e-02,4.668009281158447266e-02,1.785868763923645020e+00,2.311606645584106445e+00,2.744219541549682617e+00
8.773416280746459961e-02,7.053387165069580078e-02,6.570893526077270508e-02,9.723615646362304688e-01,1.071246385574340820e+00,1.972740411758422852e+00
5.593943595886230469e-02,5.293571949005126953e-02,5.272150039672851562e-02,1.011241436004638672e+00,1.462971568107604980e+00,2.580544948577880859e+00
8.404380083084106445e-02,6.244593858718872070e-02,5.908817052841186523e-02,1.296618103981018066e+00,1.171069979667663574e+00,1.326728820800781250e+00
5.992823839187622070e-02,5.786901712417602539e-02,4.930561780929565430e-02,9.151167869567871094e-01,9.087738990783691406e-01,1.028740406036376953e+00
7.420581579208374023e-02,7.166737318038940430e-02,5.673301219940185547e-02,1.635411143302917480e+00,1.579962968826293945e+00,2.149040460586547852e+00
7.298630475997924805e-02,6.764960289001464844e-02,5.024850368499755859e-02,4.893831253051757812e+00,3.736302137374877930e+00,7.571800231933593750e+00
5.637699365615844727e-02,6.998062133789062500e-02,4.405188560485839844e-02,1.669693470001220703e+00,1.761571526527404785e+00,5.167181968688964844e+00
1.402675509452819824e-01,1.336920261383056641e-01,1.064842343330383301e-01,1.269443750381469727e+00,2.020634174346923828e+00,4.175950050354003906e+00
1.145936250686645508e-01,1.190221309661865234e-01,1.126817464828491211e-01,1.383229494094848633e+00,1.495907664299011230e+00,1.636566877365112305e+00
6.967216730117797852e-02,6.040960550308227539e-02,5.369102954864501953e-02,1.513039827346801758e+00,1.588541984558105469e+00,2.350070476531982422e+00
8.849108219146728516e-02,8.272308111190795898e-02,7.338488101959228516e-02,9.520382881164550781e-01,6.663610339164733887e-01,1.008989810943603516e+00
6.935656070709228516e-02,8.268731832504272461e-02,5.727964639663696289e-02,1.207649469375610352e+00,1.574082851409912109e+00,3.856065988540649414e+00
5.693560838699340820e-02,6.848412752151489258e-02,4.414933919906616211e-02,1.564248561859130859e+00,1.296728968620300293e+00,3.317705154418945312e+00
5.830532312393188477e-02,6.122446060180664062e-02,4.423946142196655273e-02,3.157618522644042969e+00,2.543653011322021484e+00,5.281266689300537109e+00
4.061919450759887695e-02,5.190181732177734375e-02,3.441882133483886719e-02,2.716145515441894531e+00,1.600492954254150391e+00,7.624490261077880859e+00
4.939609766006469727e-02,5.773615837097167969e-02,4.375505447387695312e-02,2.267070770263671875e+00,1.424257516860961914e+00,6.653988361358642578e+00
5.180847644805908203e-02,4.948389530181884766e-02,3.835791349411010742e-02,1.614384174346923828e+00,1.798493027687072754e+00,2.100764036178588867e+00
4.803264141082763672e-02,5.759507417678833008e-02,3.428059816360473633e-02,1.298162341117858887e+00,1.188805103302001953e+00,2.213432788848876953e+00
5.528122186660766602e-02,4.981005191802978516e-02,3.701734542846679688e-02,1.210555076599121094e+00,1.348824739456176758e+00,2.074319362640380859e+00
6.933242082595825195e-02,6.446796655654907227e-02,4.707920551300048828e-02,1.253146409988403320e+00,1.206583142280578613e+00,2.466846704483032227e+00
6.338649988174438477e-02,5.353742837905883789e-02,4.039102792739868164e-02,1.052685260772705078e+00,1.022829294204711914e+00,9.389469623565673828e-01
6.441253423690795898e-02,5.202770233154296875e-02,4.752999544143676758e-02,1.384101033210754395e+00,1.150202035903930664e+00,1.347483515739440918e+00
7.190126180648803711e-02,5.856263637542724609e-02,4.277569055557250977e-02,1.456087827682495117e+00,1.144768595695495605e+00,1.430271506309509277e+00
7.114291191101074219e-02,6.547182798385620117e-02,4.849791526794433594e-02,1.311772584915161133e+00,1.088002681732177734e+00,1.908906340599060059e+00
5.248618125915527344e-02,4.658210277557373047e-02,3.495061397552490234e-02,1.927893638610839844e+00,1.586973309516906738e+00,2.346669197082519531e+00
9.306550025939941406e-02,8.934527635574340820e-02,7.248562574386596680e-02,9.422324895858764648e-01,1.391059756278991699e+00,2.272394180297851562e+00
1.552167534828186035e-01,1.275288462638854980e-01,9.396100044250488281e-02,1.232352018356323242e+00,1.237992525100708008e+00,1.463415384292602539e+00
1.530777812004089355e-01,1.327394843101501465e-01,1.241900324821472168e-01,1.593378782272338867e+00,1.243002891540527344e+00,1.633062243461608887e+00
4.826903343200683594e-02,3.972190618515014648e-02,3.183603286743164062e-02,1.775330305099487305e+00,1.879527330398559570e+00,2.358469963073730469e+00
5.710673332214355469e-02,5.363988876342773438e-02,3.913271427154541016e-02,1.501819968223571777e+00,1.297924518585205078e+00,1.409566283226013184e+00
4.682995676994323730e-01,3.963500261306762695e-01,4.306608438491821289e-01,1.466003894805908203e+00,1.482340335845947266e+00,1.575322151184082031e+00
7.196778059005737305e-02,6.542193889617919922e-02,5.445241928100585938e-02,1.318382263183593750e+00,1.324983000755310059e+00,3.083614826202392578e+00
5.782020092010498047e-02,4.652881622314453125e-02,4.125022888183593750e-02,1.137159585952758789e+00,1.196827411651611328e+00,2.463754653930664062e+00
7.411283254623413086e-02,6.722742319107055664e-02,5.267053842544555664e-02,1.790747165679931641e+00,2.551153182983398438e+00,2.134235382080078125e+00
6.310594081878662109e-02,5.035704374313354492e-02,4.348361492156982422e-02,1.183745741844177246e+00,1.288970947265625000e+00,1.605874657630920410e+00
6.050652265548706055e-02,5.229145288467407227e-02,4.632586240768432617e-02,1.234813570976257324e+00,1.187845706939697266e+00,1.465472459793090820e+00
5.846750736236572266e-02,4.815834760665893555e-02,4.207563400268554688e-02,1.060870170593261719e+00,9.614632129669189453e-01,9.264557361602783203e-01
6.400841474533081055e-02,5.602920055389404297e-02,4.349362850189208984e-02,1.128446817398071289e+00,1.187152862548828125e+00,1.546895503997802734e+00
7.033878564834594727e-02,6.569659709930419922e-02,5.085486173629760742e-02,1.326091527938842773e+00,1.312222003936767578e+00,2.031740188598632812e+00
5.498063564300537109e-02,4.767715930938720703e-02,3.863400220870971680e-02,1.222539782524108887e+00,1.170016050338745117e+00,1.464029073715209961e+00
6.666004657745361328e-02,5.705380439758300781e-02,4.598271846771240234e-02,1.070305109024047852e+00,1.126333236694335938e+00,1.470785737037658691e+00
9.765940904617309570e-02,8.239996433258056641e-02,5.826097726821899414e-02,1.502623200416564941e+00,1.215222358703613281e+00,1.571072340011596680e+00
7.255947589874267578e-02,6.677556037902832031e-02,4.883265495300292969e-02,1.902068614959716797e+00,1.183562994003295898e+00,1.893568277359008789e+00
3.143119812011718750e-02,3.103941679000854492e-02,2.441811561584472656e-02,1.526897549629211426e+00,1.641350746154785156e+00,3.336416959762573242e+00
6.157922744750976562e-02,5.986762046813964844e-02,4.149287939071655273e-02,1.571712613105773926e+00,1.392199873924255371e+00,4.404088497161865234e+00
5.964356660842895508e-02,5.841600894927978516e-02,3.999030590057373047e-02,1.135871529579162598e+00,9.745042920112609863e-01,1.777055263519287109e+00
1.224921941757202148e-01,1.279444098472595215e-01,9.474831819534301758e-02,1.068264245986938477e+00,9.872090220451354980e-01,1.716444492340087891e+00
5.292588472366333008e-02,5.817711353302001953e-02,3.788065910339355469e-02,1.493324160575866699e+00,1.373224020004272461e+00,2.452410936355590820e+00
8.725422620773315430e-02,7.533323764801025391e-02,5.739104747772216797e-02,1.563312530517578125e+00,1.992248773574829102e+00,1.863852500915527344e+00
7.423889636993408203e-02,6.211405992507934570e-02,5.074453353881835938e-02,8.745152950286865234e-01,1.243063688278198242e+00,1.791294336318969727e+00
4.373216629028320312e-02,3.943955898284912109e-02,3.408801555633544922e-02,1.009900093078613281e+00,9.878915548324584961e-01,1.564984321594238281e+00
9.277975559234619141e-02,7.302528619766235352e-02,6.416898965835571289e-02,1.144661426544189453e+00,1.172579526901245117e+00,1.385915994644165039e+00
5.513209104537963867e-02,5.859464406967163086e-02,4.873144626617431641e-02,1.781202077865600586e+00,1.393349289894104004e+00,2.280545234680175781e+00
6.200462579727172852e-02,5.590635538101196289e-02,4.070591926574707031e-02,1.417016029357910156e+00,1.059683561325073242e+00,1.645302057266235352e+00
7.613682746887207031e-02,6.605994701385498047e-02,5.388450622558593750e-02,1.575578212738037109e+00,1.513960719108581543e+00,1.735237121582031250e+00
4.815798997879028320e-02,4.893761873245239258e-02,3.353494405746459961e-02,1.727599620819091797e+00,1.601205825805664062e+00,2.432482957839965820e+00
7.628113031387329102e-02,6.023240089416503906e-02,4.850006103515625000e-02,5.779328942298889160e-01,7.440608739852905273e-01,7.741677761077880859e-01
7.418096065521240234e-02,6.927269697189331055e-02,5.542588233947753906e-02,1.610976219177246094e+00,1.320252299308776855e+00,2.213010787963867188e+00
7.092314958572387695e-02,6.527638435363769531e-02,4.721045494079589844e-02,1.319833159446716309e+00,1.774819493293762207e+00,4.160166740417480469e+00
6.820195913314819336e-02,6.858605146408081055e-02,5.036973953247070312e-02,1.467362403869628906e+00,1.577713489532470703e+00,1.974905490875244141e+00
8.039045333862304688e-02,8.446097373962402344e-02,6.222313642501831055e-02,2.355649709701538086e+00,2.170772314071655273e+00,4.751648426055908203e+00
2.083926200866699219e-01,2.149026989936828613e-01,1.228798627853393555e-01,2.366474151611328125e+00,1.459419250488281250e+00,4.802808284759521484e+00
6.197726726531982422e-02,6.998008489608764648e-02,4.834127426147460938e-02,2.716594219207763672e+00,1.935524463653564453e+00,6.510766029357910156e+00
8.812898397445678711e-02,9.838271141052246094e-02,8.553510904312133789e-02,2.339193344116210938e+00,1.430211067199707031e+00,7.596306800842285156e+00
5.094838142395019531e-02,4.627275466918945312e-02,3.544181585311889648e-02,1.365123152732849121e+00,1.390715003013610840e+00,2.090940952301025391e+00
3.740036487579345703e-02,4.322844743728637695e-02,3.132373094558715820e-02,1.415783286094665527e+00,9.720157384872436523e-01,1.771040678024291992e+00
9.121620655059814453e-02,9.461098909378051758e-02,6.987118721008300781e-02,2.823172092437744141e+00,1.351718425750732422e+00,1.574697017669677734e+00
6.420385837554931641e-02,6.432563066482543945e-02,4.288691282272338867e-02,1.216477394104003906e+00,1.307675242424011230e+00,2.066760540008544922e+00
1.529610157012939453e-01,1.310736536979675293e-01,1.004494428634643555e-01,1.126423358917236328e+00,1.119421720504760742e+00,2.305434465408325195e+00
7.033091783523559570e-02,6.231451034545898438e-02,5.056518316268920898e-02,1.298439145088195801e+00,1.082141876220703125e+00,1.374630928039550781e+00
5.815958976745605469e-02,4.704612493515014648e-02,4.149323701858520508e-02,1.462255239486694336e+00,1.373686552047729492e+00,1.563965678215026855e+00
9.210616350173950195e-02,7.487940788269042969e-02,6.455808877944946289e-02,1.721674680709838867e+00,1.499760866165161133e+00,2.335888624191284180e+00
7.138663530349731445e-02,6.801009178161621094e-02,5.528587102890014648e-02,1.325128793716430664e+00,1.303569674491882324e+00,1.470701217651367188e+00
7.296609878540039062e-02,7.029193639755249023e-02,5.990624427795410156e-02,1.380462527275085449e+00,1.110454320907592773e+00,1.139374494552612305e+00
6.829583644866943359e-02,5.675429105758666992e-02,4.632997512817382812e-02,2.612012147903442383e+00,2.800192832946777344e+00,3.179948329925537109e+00
7.422316074371337891e-02,6.495344638824462891e-02,5.975764989852905273e-02,1.171538352966308594e+00,1.141852855682373047e+00,1.793394804000854492e+00
8.947634696960449219e-02,7.698029279708862305e-02,7.006198167800903320e-02,1.532795906066894531e+00,1.894333004951477051e+00,2.898447036743164062e+00
7.886338233947753906e-02,7.440590858459472656e-02,6.227731704711914062e-02,1.090630888938903809e+00,9.189573526382446289e-01,1.642530679702758789e+00
6.339633464813232422e-02,5.678004026412963867e-02,4.622179269790649414e-02,1.244852900505065918e+00,1.388304233551025391e+00,2.210434436798095703e+00
1.944125890731811523e-01,1.871051788330078125e-01,1.534447073936462402e-01,1.725436925888061523e+00,2.735164165496826172e+00,4.310877799987792969e+00
1.613296866416931152e-01,1.377201676368713379e-01,1.328344345092773438e-01,1.119259834289550781e+00,1.064624309539794922e+00,2.791130542755126953e+00
5.611824989318847656e-02,5.625861883163452148e-02,4.760438203811645508e-02,1.180781006813049316e+00,1.809624433517456055e+00,6.538996696472167969e+00
4.499244689941406250e-02,4.358893632888793945e-02,3.205382823944091797e-02,1.311802268028259277e+00,1.177100300788879395e+00,2.620514392852783203e+00
8.985275030136108398e-02,9.056746959686279297e-02,7.826793193817138672e-02,1.226212501525878906e+00,1.486750960350036621e+00,2.259999752044677734e+00
7.008486986160278320e-02,6.699800491333007812e-02,5.360627174377441406e-02,1.249401092529296875e+00,1.558562517166137695e+00,2.917460441589355469e+00
6.502497196197509766e-02,5.645030736923217773e-02,4.462212324142456055e-02,1.301555156707763672e+00,1.507673740386962891e+00,2.103044033050537109e+00
5.941736698150634766e-02,5.592548847198486328e-02,5.172389745712280273e-02,1.308668732643127441e+00,1.687059879302978516e+00,2.930848598480224609e+00
8.421349525451660156e-02,8.354222774505615234e-02,6.685709953308105469e-02,1.811251163482666016e+00,1.488994598388671875e+00,3.416901826858520508e+00
6.682580709457397461e-02,7.408922910690307617e-02,4.999852180480957031e-02,1.938369512557983398e+00,1.808030605316162109e+00,5.528322696685791016e+00
4.297149181365966797e-02,4.173696041107177734e-02,3.627061843872070312e-02,1.636233806610107422e+00,1.207043766975402832e+00,3.683381080627441406e+00
7.724279165267944336e-02,7.520914077758789062e-02,6.168758869171142578e-02,1.334898948669433594e+00,1.709837913513183594e+00,3.973288536071777344e+00
8.473706245422363281e-02,7.509344816207885742e-02,6.426680088043212891e-02,7.194394469261169434e-01,7.921482324600219727e-01,6.193765997886657715e-01
8.286309242248535156e-02,7.440662384033203125e-02,5.431079864501953125e-02,1.826467394828796387e+00,1.712374091148376465e+00,2.476006984710693359e+00
5.137878656387329102e-02,4.137253761291503906e-02,3.603565692901611328e-02,1.270626425743103027e+00,1.123284101486206055e+00,2.262791633605957031e+00
6.879454851150512695e-02,5.453807115554809570e-02,5.031949281692504883e-02,1.482174038887023926e+00,1.116700530052185059e+00,2.767098426818847656e+00
7.351613044738769531e-02,6.003230810165405273e-02,5.503427982330322266e-02,1.296731710433959961e+00,1.190166711807250977e+00,1.537891626358032227e+00
6.021004915237426758e-02,5.600845813751220703e-02,3.989964723587036133e-02,1.286858439445495605e+00,1.218155264854431152e+00,1.995568037033081055e+00
7.909888029098510742e-02,6.795126199722290039e-02,5.831462144851684570e-02,1.082571983337402344e+00,1.556480646133422852e+00,1.945293188095092773e+00
7.392615079879760742e-02,7.044482231140136719e-02,6.554138660430908203e-02,8.054462671279907227e-01,7.096796035766601562e-01,7.799481153488159180e-01
6.454288959503173828e-02,6.366544961929321289e-02,4.480916261672973633e-02,1.249434232711791992e+00,1.274186849594116211e+00,1.856471300125122070e+00
6.241357326507568359e-02,6.558448076248168945e-02,4.396480321884155273e-02,2.507342338562011719e+00,1.445096969604492188e+00,3.755997180938720703e+00
5.875897407531738281e-02,5.729216337203979492e-02,3.768450021743774414e-02,1.774619936943054199e+00,1.254000663757324219e+00,3.751744508743286133e+00
7.387161254882812500e-02,7.821160554885864258e-02,6.203091144561767578e-02,1.597197532653808594e+00,2.725023269653320312e+00,2.479559421539306641e+00
5.825686454772949219e-02,6.914609670639038086e-02,4.530751705169677734e-02,1.915433645248413086e+00,1.664669036865234375e+00,3.007512092590332031e+00
5.381691455841064453e-02,6.062257289886474609e-02,4.287958145141601562e-02,9.459418058395385742e-01,1.184330821037292480e+00,7.382678031921386719e+00
6.649374961853027344e-02,8.207184076309204102e-02,6.250727176666259766e-02,2.405542135238647461e+00,1.593772172927856445e+00,7.721895217895507812e+00
2.080827355384826660e-01,2.097533941268920898e-01,1.590789556503295898e-01,2.755052804946899414e+00,2.071534156799316406e+00,7.311822891235351562e+00
5.297827720642089844e-02,5.141365528106689453e-02,4.365098476409912109e-02,1.112926125526428223e+00,1.273375153541564941e+00,1.587222814559936523e+00
3.897947072982788086e-02,4.177379608154296875e-02,2.459764480590820312e-02,1.467959761619567871e+00,1.139944911003112793e+00,2.800060987472534180e+00
1.013256311416625977e-01,9.706091880798339844e-02,7.539474964141845703e-02,1.893621206283569336e+00,1.652510166168212891e+00,3.357026338577270508e+00
6.809055805206298828e-02,6.349378824234008789e-02,4.954987764358520508e-02,8.826795816421508789e-01,1.128266572952270508e+00,1.503604531288146973e+00
8.956038951873779297e-02,8.313077688217163086e-02,7.165002822875976562e-02,7.943208217620849609e-01,1.120600819587707520e+00,1.637596845626831055e+00
6.558036804199218750e-02,5.641132593154907227e-02,4.726141691207885742e-02,2.117811441421508789e+00,2.535333395004272461e+00,2.848652124404907227e+00
7.372713088989257812e-02,6.492680311203002930e-02,5.565279722213745117e-02,1.244939565658569336e+00,1.163043737411499023e+00,1.966255426406860352e+00
5.376452207565307617e-02,5.588024854660034180e-02,5.342406034469604492e-02,1.120037794113159180e+00,1.359638571739196777e+00,1.664741039276123047e+00
7.887482643127441406e-02,8.394920825958251953e-02,6.999188661575317383e-02,1.621587276458740234e+00,9.959319233894348145e-01,1.817696809768676758e+00
7.726639509201049805e-02,8.411049842834472656e-02,6.785523891448974609e-02,1.428748846054077148e+00,1.439409971237182617e+00,3.335456371307373047e+00
6.517767906188964844e-02,5.637985467910766602e-02,4.810434579849243164e-02,1.459365963935852051e+00,1.469832301139831543e+00,3.253947734832763672e+00
8.853596448898315430e-02,8.743572235107421875e-02,7.570713758468627930e-02,1.438665390014648438e+00,9.994086027145385742e-01,3.461771965026855469e+00
6.589704751968383789e-02,5.620604753494262695e-02,5.148965120315551758e-02,1.042009592056274414e+00,1.518723011016845703e+00,2.341503620147705078e+00
5.387789011001586914e-02,5.393099784851074219e-02,4.669547080993652344e-02,1.210573196411132812e+00,1.246937513351440430e+00,2.582520008087158203e+00
6.129634380340576172e-02,5.994325876235961914e-02,5.705773830413818359e-02,1.504516363143920898e+00,1.366673469543457031e+00,3.833144187927246094e+00
5.970454216003417969e-02,5.636411905288696289e-02,4.787546396255493164e-02,1.416755318641662598e+00,1.223561525344848633e+00,3.204144477844238281e+00
5.999439954757690430e-02,5.217093229293823242e-02,4.700928926467895508e-02,1.194949865341186523e+00,1.420809507369995117e+00,3.748332023620605469e+00
1.134481430053710938e-01,8.799326419830322266e-02,8.643418550491333008e-02,1.180789947509765625e+00,2.345298767089843750e+00,3.031941413879394531e+00
9.152841567993164062e-02,9.188157320022583008e-02,7.912963628768920898e-02,1.242077827453613281e+00,1.204853653907775879e+00,3.473251104354858398e+00
9.703373908996582031e-02,8.032017946243286133e-02,7.914948463439941406e-02,1.205684661865234375e+00,1.953931570053100586e+00,2.858566999435424805e+00
5.499404668807983398e-02,5.398178100585937500e-02,4.415881633758544922e-02,1.534045696258544922e+00,1.195972681045532227e+00,4.565412521362304688e+00
6.925874948501586914e-02,6.074559688568115234e-02,5.803424119949340820e-02,5.447344779968261719e+00,4.732677459716796875e+00,6.394532203674316406e+00
7.173031568527221680e-02,6.352722644805908203e-02,5.757415294647216797e-02,1.120130896568298340e+00,1.202130317687988281e+00,1.407344818115234375e+00
5.301797389984130859e-02,4.661715030670166016e-02,3.869265317916870117e-02,1.202382445335388184e+00,1.433124303817749023e+00,2.305652141571044922e+00
6.782233715057373047e-02,5.515855550765991211e-02,4.890006780624389648e-02,2.705827474594116211e+00,3.992868661880493164e+00,3.953725576400756836e+00
5.783253908157348633e-02,4.853832721710205078e-02,4.467397928237915039e-02,1.301355600357055664e+00,1.301836967468261719e+00,2.730086326599121094e+00
5.780625343322753906e-02,4.634231328964233398e-02,4.109108448028564453e-02,1.265967607498168945e+00,1.292890191078186035e+00,1.106916546821594238e+00
4.035401344299316406e-02,3.599023818969726562e-02,2.768129110336303711e-02,1.181677222251892090e+00,1.123536944389343262e+00,1.217208385467529297e+00
1.437415480613708496e-01,1.253104805946350098e-01,8.339399099349975586e-02,7.843819856643676758e-01,6.216693520545959473e-01,8.841569423675537109e-01
4.705166816711425781e-02,4.768770933151245117e-02,4.119837284088134766e-02,1.267954230308532715e+00,1.089495778083801270e+00,1.264329314231872559e+00
1.659409403800964355e-01,1.397382616996765137e-01,8.518266677856445312e-02,1.636595606803894043e+00,1.909016489982604980e+00,1.919629335403442383e+00
9.031444787979125977e-02,8.264207839965820312e-02,6.180721521377563477e-02,9.498049020767211914e-01,1.305705070495605469e+00,1.736890077590942383e+00
5.716180801391601562e-02,5.496740341186523438e-02,4.331910610198974609e-02,1.098411083221435547e+00,1.212371110916137695e+00,3.011021137237548828e+00
8.526080846786499023e-02,8.992946147918701172e-02,6.984257698059082031e-02,1.477958321571350098e+00,1.897709012031555176e+00,1.991846084594726562e+00
7.451391220092773438e-02,6.925481557846069336e-02,5.539065599441528320e-02,1.360293745994567871e+00,1.455420970916748047e+00,2.390608072280883789e+00
1.953585147857666016e-01,2.993357777595520020e-01,2.423450946807861328e-01,2.673534631729125977e+00,1.385399341583251953e+00,5.526395797729492188e+00
8.830994367599487305e-02,1.088629961013793945e-01,1.018030643463134766e-01,2.848294973373413086e+00,1.407909870147705078e+00,7.646378517150878906e+00
7.594639062881469727e-02,8.418416976928710938e-02,6.879919767379760742e-02,1.113526821136474609e+00,2.172204494476318359e+00,6.597095489501953125e+00
6.140130758285522461e-02,6.893384456634521484e-02,5.199587345123291016e-02,1.826011180877685547e+00,1.358900070190429688e+00,4.209455490112304688e+00
1.948885917663574219e-01,2.666117548942565918e-01,2.479203343391418457e-01,1.011045455932617188e+00,1.834908008575439453e+00,6.029086589813232422e+00
3.343856334686279297e-02,3.277122974395751953e-02,2.413469552993774414e-02,1.491803169250488281e+00,1.254644036293029785e+00,2.852383136749267578e+00
5.331212282180786133e-02,5.006861686706542969e-02,3.970974683761596680e-02,8.316396474838256836e-01,1.073222637176513672e+00,1.653709411621093750e+00
6.839704513549804688e-02,5.761152505874633789e-02,4.566872119903564453e-02,1.188550829887390137e+00,1.192634224891662598e+00,1.294626832008361816e+00
7.733094692230224609e-02,6.477463245391845703e-02,5.052369832992553711e-02,1.374323129653930664e+00,1.265639305114746094e+00,1.449480414390563965e+00
8.051437139511108398e-02,6.707364320755004883e-02,6.135249137878417969e-02,1.152884244918823242e+00,1.220399141311645508e+00,1.979226827621459961e+00
4.702252149581909180e-02,4.599398374557495117e-02,4.026532173156738281e-02,1.259513139724731445e+00,1.769170045852661133e+00,1.922131419181823730e+00
7.167989015579223633e-02,7.003587484359741211e-02,5.161643028259277344e-02,1.341429710388183594e+00,1.268866896629333496e+00,3.676780700683593750e+00
7.535523176193237305e-02,8.377557992935180664e-02,7.141023874282836914e-02,1.659813880920410156e+00,1.625556707382202148e+00,5.612084388732910156e+00
5.566263198852539062e-02,5.772882699966430664e-02,3.873699903488159180e-02,1.156556010246276855e+00,1.458827376365661621e+00,4.113257408142089844e+00
5.456990003585815430e-02,5.310720205307006836e-02,4.538244009017944336e-02,1.855393052101135254e+00,1.887560129165649414e+00,5.362153053283691406e+00
5.649983882904052734e-02,4.778265953063964844e-02,3.847342729568481445e-02,1.238474249839782715e+00,1.985511064529418945e+00,1.983494281768798828e+00
6.973832845687866211e-02,6.040263175964355469e-02,5.321842432022094727e-02,8.727285861968994141e-01,1.076869249343872070e+00,1.296494364738464355e+00
5.823057889938354492e-02,4.474335908889770508e-02,4.137611389160156250e-02,1.042590856552124023e+00,1.160320520401000977e+00,1.051723480224609375e+00
5.445349216461181641e-02,5.302709341049194336e-02,4.383319616317749023e-02,1.487797975540161133e+00,1.797825574874877930e+00,2.358549356460571289e+00
6.089794635772705078e-02,6.799650192260742188e-02,4.450017213821411133e-02,1.284446954727172852e+00,1.472049593925476074e+00,2.885529518127441406e+00
4.035651683807373047e-02,4.445153474807739258e-02,3.519147634506225586e-02,3.466628551483154297e+00,1.445086240768432617e+00,5.922099113464355469e+00
4.387807846069335938e-02,6.223493814468383789e-02,4.253214597702026367e-02,2.137027263641357422e+00,1.511307120323181152e+00,8.391933441162109375e+00
3.824865818023681641e-02,5.246382951736450195e-02,3.239071369171142578e-02,2.934005022048950195e+00,2.148335933685302734e+00,7.851814270019531250e+00
1.755498647689819336e-01,1.600783467292785645e-01,1.505382657051086426e-01,1.584052801132202148e+00,1.838779449462890625e+00,3.259642601013183594e+00
7.620245218276977539e-02,8.014404773712158203e-02,5.855244398117065430e-02,1.297014474868774414e+00,9.853624105453491211e-01,2.731715440750122070e+00
5.643421411514282227e-02,6.196135282516479492e-02,3.989160060882568359e-02,2.168943166732788086e+00,1.781536817550659180e+00,3.642303943634033203e+00
1.019557714462280273e-01,8.474278450012207031e-02,8.047860860824584961e-02,1.286013007164001465e+00,1.195828199386596680e+00,3.145720005035400391e+00
4.772168397903442383e-02,4.405903816223144531e-02,2.943134307861328125e-02,5.500947833061218262e-01,4.825276136398315430e-01,1.014243006706237793e+00
4.745739698410034180e-02,4.278320074081420898e-02,3.840708732604980469e-02,1.225640296936035156e+00,1.260227680206298828e+00,1.210339665412902832e+00
7.706433534622192383e-02,6.257414817810058594e-02,5.956703424453735352e-02,1.274514198303222656e+00,1.379255175590515137e+00,1.348773002624511719e+00
7.370102405548095703e-02,6.504374742507934570e-02,5.347090959548950195e-02,1.137406826019287109e+00,1.123193621635437012e+00,1.601218700408935547e+00
1.330389976501464844e-01,1.269292831420898438e-01,1.163983941078186035e-01,1.597764968872070312e+00,1.441550731658935547e+00,1.950215339660644531e+00
1.180357933044433594e-01,1.146479845046997070e-01,1.416869759559631348e-01,1.175702333450317383e+00,1.211034893989562988e+00,1.075378656387329102e+00
1.247811913490295410e-01,1.009488701820373535e-01,8.938086032867431641e-02,1.215657711029052734e+00,1.233010411262512207e+00,1.411052227020263672e+00
5.061668157577514648e-02,4.148072004318237305e-02,3.486442565917968750e-02,1.058817028999328613e+00,1.076644778251647949e+00,1.611461639404296875e+00
9.264367818832397461e-02,6.596481800079345703e-02,6.831049919128417969e-02,1.283926010131835938e+00,1.073450565338134766e+00,1.471891522407531738e+00
8.082515001296997070e-02,6.337344646453857422e-02,5.221509933471679688e-02,2.241725206375122070e+00,2.376899480819702148e+00,2.536952972412109375e+00
8.748561143875122070e-02,8.611178398132324219e-02,6.396478414535522461e-02,1.400393009185791016e+00,1.327864170074462891e+00,1.761688113212585449e+00
7.348662614822387695e-02,4.488641023635864258e-02,4.615706205368041992e-02,9.757030606269836426e-01,1.348421931266784668e+00,1.173759698867797852e+00
3.633338212966918945e-02,2.098774909973144531e-02,2.770739793777465820e-02,5.791726112365722656e-01,4.489198923110961914e-01,4.328091144561767578e-01
3.257471323013305664e-02,2.510476112365722656e-02,3.079140186309814453e-02,6.359667778015136719e-01,5.837379097938537598e-01,7.486932277679443359e-01
4.330140352249145508e-02,3.839904069900512695e-02,4.427987337112426758e-02,6.695727109909057617e-01,3.959267735481262207e-01,7.313268184661865234e-01
6.957399845123291016e-02,4.519826173782348633e-02,5.908459424972534180e-02,8.258517980575561523e-01,8.164372444152832031e-01,7.489939928054809570e-01
6.077009439468383789e-02,6.677484512329101562e-02,1.084628105163574219e-01,5.605764985084533691e-01,4.911868572235107422e-01,5.101761817932128906e-01
5.047255754470825195e-02,5.772972106933593750e-02,9.642541408538818359e-02,1.335987925529479980e+00,1.143512487411499023e+00,1.005612730979919434e+00
3.760975599288940430e-02,2.696639299392700195e-02,3.667366504669189453e-02,5.528247356414794922e-01,4.611804485321044922e-01,7.553413510322570801e-01
4.628115892410278320e-02,3.032684326171875000e-02,4.480737447738647461e-02,1.329947590827941895e+00,1.297795772552490234e+00,7.843582034111022949e-01
4.488569498062133789e-02,2.798599004745483398e-02,4.124432802200317383e-02,5.604041218757629395e-01,3.786824941635131836e-01,5.382108092308044434e-01
4.282003641128540039e-02,3.006595373153686523e-02,3.928416967391967773e-02,1.217382192611694336e+00,9.333803057670593262e-01,7.828330993652343750e-01
1.064613461494445801e-01,8.523541688919067383e-02,1.020272970199584961e-01,1.449342370033264160e+00,8.781863451004028320e-01,1.264814615249633789e+00
5.602973699569702148e-02,3.942686319351196289e-02,5.081176757812500000e-02,9.609292745590209961e-01,1.057781696319580078e+00,9.255632758140563965e-01
5.395638942718505859e-02,4.144442081451416016e-02,6.753015518188476562e-02,1.420563340187072754e+00,1.251360893249511719e+00,8.909904956817626953e-01
3.564172983169555664e-02,2.280879020690917969e-02,3.036636114120483398e-02,7.789206504821777344e-01,5.448212027549743652e-01,7.897882461547851562e-01
4.984349012374877930e-02,3.164935111999511719e-02,4.898053407669067383e-02,6.912830471992492676e-01,6.850858926773071289e-01,6.188832521438598633e-01
3.909552097320556641e-02,2.501374483108520508e-02,3.617727756500244141e-02,5.484462976455688477e-01,4.920673370361328125e-01,4.904635548591613770e-01
6.666541099548339844e-02,4.170835018157958984e-02,5.604583024978637695e-02,7.637332677841186523e-01,8.358233571052551270e-01,7.338877916336059570e-01
3.572809696197509766e-02,2.293074131011962891e-02,3.016358613967895508e-02,1.260583519935607910e+00,8.506007194519042969e-01,9.882647395133972168e-01
5.054765939712524414e-02,3.177005052566528320e-02,4.347270727157592773e-02,6.562410593032836914e-01,6.201991438865661621e-01,7.150077223777770996e-01
4.103475809097290039e-02,2.690505981445312500e-02,3.877902030944824219e-02,5.318151712417602539e-01,4.236901402473449707e-01,4.835296869277954102e-01
4.405134916305541992e-02,2.845501899719238281e-02,4.151487350463867188e-02,6.109789609909057617e-01,5.449730157852172852e-01,7.516783475875854492e-01
3.448247909545898438e-02,2.392172813415527344e-02,3.374415636062622070e-02,1.318567156791687012e+00,1.086382985115051270e+00,9.795041084289550781e-01
3.628385066986083984e-02,2.603977918624877930e-02,3.677237033843994141e-02,5.774917602539062500e-01,4.013548493385314941e-01,5.388243198394775391e-01
4.330390691757202148e-02,2.827996015548706055e-02,4.091101884841918945e-02,1.327151536941528320e+00,1.298956274986267090e+00,9.993011355400085449e-01
4.472637176513671875e-02,2.878117561340332031e-02,4.117351770401000977e-02,6.091682910919189453e-01,5.527746677398681641e-01,7.194671630859375000e-01
3.999263048171997070e-02,2.683675289154052734e-02,3.590172529220581055e-02,5.984498262405395508e-01,5.374202728271484375e-01,7.018983364105224609e-01
4.155439138412475586e-02,2.744060754776000977e-02,3.828692436218261719e-02,5.263904929161071777e-01,3.629935383796691895e-01,4.175548553466796875e-01
3.856122493743896484e-02,2.586454153060913086e-02,3.698855638504028320e-02,5.310527086257934570e-01,4.366516470909118652e-01,4.732267856597900391e-01
3.839617967605590820e-02,2.483743429183959961e-02,3.611254692077636719e-02,5.235046148300170898e-01,4.145286083221435547e-01,4.452919363975524902e-01
3.627169132232666016e-02,2.371358871459960938e-02,3.313601016998291016e-02,1.340050935745239258e+00,1.268432855606079102e+00,9.903763532638549805e-01
3.758257627487182617e-02,2.473139762878417969e-02,3.408014774322509766e-02,5.864312052726745605e-01,4.888672828674316406e-01,7.387465238571166992e-01
3.584539890289306641e-02,2.516913414001464844e-02,3.543877601623535156e-02,5.561748147010803223e-01,4.647470712661743164e-01,7.342300415039062500e-01
3.133767843246459961e-02,2.114903926849365234e-02,2.918368577957153320e-02,5.996645092964172363e-01,4.959754943847656250e-01,7.185641527175903320e-01
3.298419713973999023e-02,2.332842350006103516e-02,3.350812196731567383e-02,5.526959896087646484e-01,3.917142748832702637e-01,4.908320903778076172e-01
3.451681137084960938e-02,2.210533618927001953e-02,3.290319442749023438e-02,6.746760606765747070e-01,6.023315191268920898e-01,6.619899272918701172e-01
4.877346754074096680e-02,5.355709791183471680e-02,8.462387323379516602e-02,1.356966376304626465e+00,1.249387741088867188e+00,8.410245180130004883e-01
3.683602809906005859e-02,2.608412504196166992e-02,3.471744060516357422e-02,5.965874791145324707e-01,5.040746927261352539e-01,7.911971211433410645e-01
3.534007072448730469e-02,2.361881732940673828e-02,3.211176395416259766e-02,6.115225553512573242e-01,4.956332445144653320e-01,7.400640249252319336e-01
