8.850270509719848633e-02,7.180488109588623047e-02,7.117241621017456055e-02,1.101508617401123047e+00,6.942624449729919434e-01,6.845984458923339844e-01
6.561148166656494141e-02,5.884552001953125000e-02,4.570287466049194336e-02,1.401416301727294922e+00,1.308611869812011719e+00,1.432299256324768066e+00
6.004893779754638672e-02,4.727178812026977539e-02,4.673784971237182617e-02,9.237720966339111328e-01,7.478978633880615234e-01,7.797785997390747070e-01
6.087970733642578125e-02,4.893386363983154297e-02,4.370158910751342773e-02,4.048517346382141113e-01,5.120489001274108887e-01,8.412321209907531738e-01
5.394262075424194336e-02,5.503767728805541992e-02,4.512512683868408203e-02,1.024067401885986328e+00,1.094122052192687988e+00,1.155754923820495605e+00
6.522005796432495117e-02,5.548632144927978516e-02,4.658925533294677734e-02,1.500012516975402832e+00,8.630962371826171875e-01,1.542036771774291992e+00
4.848575592041015625e-02,4.155617952346801758e-02,3.192436695098876953e-02,8.116999268531799316e-01,9.681338667869567871e-01,1.184246063232421875e+00
6.951320171356201172e-02,6.055587530136108398e-02,5.045682191848754883e-02,1.383958697319030762e+00,1.591889142990112305e+00,1.379187107086181641e+00
7.687729597091674805e-02,5.852419137954711914e-02,5.121678113937377930e-02,1.353085994720458984e+00,1.485467433929443359e+00,1.108365654945373535e+00
1.565886139869689941e-01,1.331326961517333984e-01,1.005649566650390625e-01,2.038775920867919922e+00,1.899111270904541016e+00,2.148178100585937500e+00
5.546468496322631836e-02,5.218112468719482422e-02,3.611505031585693359e-02,1.248538613319396973e+00,1.158707380294799805e+00,1.625697851181030273e+00
8.701890707015991211e-02,7.537758350372314453e-02,6.743556261062622070e-02,1.340271949768066406e+00,1.048656702041625977e+00,1.297796130180358887e+00
9.836447238922119141e-02,1.025401353836059570e-01,8.742088079452514648e-02,1.371890902519226074e+00,1.147582292556762695e+00,1.284342527389526367e+00
5.466055870056152344e-02,5.341708660125732422e-02,4.245847463607788086e-02,9.732552766799926758e-01,1.229535102844238281e+00,1.418529033660888672e+00
7.875055074691772461e-02,6.147086620330810547e-02,4.950660467147827148e-02,1.679692268371582031e+00,1.577237606048583984e+00,2.023963212966918945e+00
1.302030086517333984e-01,1.267483234405517578e-01,1.217118501663208008e-01,1.375894188880920410e+00,1.914859294891357422e+00,1.782383680343627930e+00
7.871407270431518555e-02,7.442075014114379883e-02,5.778104066848754883e-02,1.281036615371704102e+00,1.861538410186767578e+00,2.608812808990478516e+00
5.065798759460449219e-02,5.430310964584350586e-02,3.999567031860351562e-02,1.337676525115966797e+00,1.040814399719238281e+00,1.225374341011047363e+00
1.019455790519714355e-01,9.570407867431640625e-02,7.921332120895385742e-02,1.553520917892456055e+00,1.698431611061096191e+00,1.868538379669189453e+00
5.402308702468872070e-02,5.199265480041503906e-02,4.109948873519897461e-02,1.342299222946166992e+00,1.397456645965576172e+00,1.691906690597534180e+00
5.601525306701660156e-02,4.606354236602783203e-02,3.460550308227539062e-02,9.945645332336425781e-01,8.669185638427734375e-01,9.143096208572387695e-01
8.491569757461547852e-02,7.522863149642944336e-02,6.189304590225219727e-02,1.237294793128967285e+00,1.348099350929260254e+00,1.583582639694213867e+00
7.105547189712524414e-02,6.458222866058349609e-02,5.311024188995361328e-02,1.373779535293579102e+00,1.193973183631896973e+00,1.466745376586914062e+00
8.525222539901733398e-02,8.060413599014282227e-02,7.122713327407836914e-02,1.087829589843750000e+00,1.176596403121948242e+00,1.788903594017028809e+00
7.970505952835083008e-02,7.246845960617065430e-02,5.871874094009399414e-02,1.265903949737548828e+00,1.179169416427612305e+00,2.166205406188964844e+00
5.262726545333862305e-02,4.351919889450073242e-02,3.796952962875366211e-02,9.709584116935729980e-01,8.952291011810302734e-01,1.433825016021728516e+00
7.169723510742187500e-02,6.449604034423828125e-02,4.960477352142333984e-02,1.339110374450683594e+00,1.338587522506713867e+00,2.483912944793701172e+00
4.581570625305175781e-02,4.560148715972900391e-02,3.565549850463867188e-02,1.493277072906494141e+00,1.377117395401000977e+00,2.260102033615112305e+00
4.891383647918701172e-02,4.485994577407836914e-02,3.988480567932128906e-02,1.173896789550781250e+00,1.260319590568542480e+00,2.703892230987548828e+00
4.602527618408203125e-02,4.944974184036254883e-02,4.034900665283203125e-02,1.528594136238098145e+00,1.461131811141967773e+00,3.511889457702636719e+00
8.556014299392700195e-02,8.038097620010375977e-02,6.417113542556762695e-02,1.492365121841430664e+00,1.766139268875122070e+00,3.739068031311035156e+00
5.656528472900390625e-02,4.917669296264648438e-02,3.946298360824584961e-02,1.247070908546447754e+00,1.118427157402038574e+00,2.245407104492187500e+00
5.134123563766479492e-02,5.060648918151855469e-02,3.576171398162841797e-02,1.217140674591064453e+00,1.659114837646484375e+00,2.165075063705444336e+00
3.156638145446777344e-02,2.835667133331298828e-02,2.525657415390014648e-02,9.300436377525329590e-01,1.185892939567565918e+00,2.148342132568359375e+00
6.128972768783569336e-02,5.329978466033935547e-02,4.372054338455200195e-02,1.505807638168334961e+00,1.479275822639465332e+00,3.585124254226684570e+00
7.047325372695922852e-02,5.343997478485107422e-02,4.327905178070068359e-02,1.647521972656250000e+00,1.353435158729553223e+00,2.139286518096923828e+00
5.225729942321777344e-02,4.521381855010986328e-02,3.897553682327270508e-02,1.209708094596862793e+00,1.396547198295593262e+00,1.456163048744201660e+00
8.374625444412231445e-02,8.536148071289062500e-02,7.059788703918457031e-02,6.467261910438537598e-01,6.738912463188171387e-01,7.124487161636352539e-01
6.937497854232788086e-02,6.524902582168579102e-02,5.004376173019409180e-02,9.620586633682250977e-01,9.990059137344360352e-01,1.214126825332641602e+00
6.548649072647094727e-02,5.463230609893798828e-02,4.476106166839599609e-02,1.486259579658508301e+00,1.344412088394165039e+00,1.335398912429809570e+00
8.153057098388671875e-02,7.031875848770141602e-02,5.998277664184570312e-02,1.179794549942016602e+00,1.094487547874450684e+00,1.424923539161682129e+00
8.529460430145263672e-02,9.674996137619018555e-02,8.146494626998901367e-02,9.653917551040649414e-01,1.170871734619140625e+00,1.190395474433898926e+00
4.356193542480468750e-02,3.715074062347412109e-02,2.914917469024658203e-02,3.328592777252197266e-01,5.598582029342651367e-01,3.366283178329467773e-01
6.194400787353515625e-02,5.498385429382324219e-02,4.511475563049316406e-02,1.146021723747253418e+00,1.221026301383972168e+00,2.478566884994506836e+00
5.674445629119873047e-02,4.320645332336425781e-02,4.349738359451293945e-02,9.780553579330444336e-01,1.034317374229431152e+00,9.376616477966308594e-01
5.815815925598144531e-02,5.237442255020141602e-02,4.537546634674072266e-02,1.182784438133239746e+00,9.619973301887512207e-01,1.232668519020080566e+00
8.608317375183105469e-02,7.326167821884155273e-02,5.644243955612182617e-02,1.482365727424621582e+00,1.403697252273559570e+00,1.576014518737792969e+00
6.298327445983886719e-02,5.764120817184448242e-02,5.109715461730957031e-02,1.170167326927185059e+00,1.120651245117187500e+00,1.415239810943603516e+00
3.244543075561523438e-02,3.096538782119750977e-02,2.592498064041137695e-02,1.190404891967773438e+00,1.635202407836914062e+00,2.090264797210693359e+00
2.638086676597595215e-01,2.539479732513427734e-01,2.084879279136657715e-01,1.785589456558227539e+00,1.566222429275512695e+00,2.055955171585083008e+00
6.698548793792724609e-02,5.593585968017578125e-02,4.048866033554077148e-02,1.651221275329589844e+00,1.432851076126098633e+00,1.625809907913208008e+00
7.314991950988769531e-02,5.881118774414062500e-02,5.300813913345336914e-02,1.095976352691650391e+00,1.216920733451843262e+00,1.344676852226257324e+00
5.819195508956909180e-02,5.126899480819702148e-02,4.202628135681152344e-02,1.313830375671386719e+00,1.370569944381713867e+00,2.050427675247192383e+00
2.513936161994934082e-01,2.396863102912902832e-01,1.871693730354309082e-01,1.190506696701049805e+00,1.056413173675537109e+00,1.160351037979125977e+00
4.433441162109375000e-02,4.081231355667114258e-02,3.708529472351074219e-02,2.490574121475219727e-01,7.289932966232299805e-01,4.901754856109619141e+00
6.369692087173461914e-02,5.639040470123291016e-02,4.224121570587158203e-02,1.068479061126708984e+00,1.257862806320190430e+00,1.942155718803405762e+00
6.269556283950805664e-02,5.270451307296752930e-02,4.486083984375000000e-02,1.242900133132934570e+00,9.331895112991333008e-01,1.270465493202209473e+00
5.722188949584960938e-02,5.732327699661254883e-02,4.765981435775756836e-02,1.284340739250183105e+00,1.306348085403442383e+00,2.157809257507324219e+00
8.526223897933959961e-02,8.043354749679565430e-02,6.327277421951293945e-02,1.291166424751281738e+00,1.198451399803161621e+00,1.400629162788391113e+00
6.277227401733398438e-02,5.721795558929443359e-02,4.418706893920898438e-02,1.204232454299926758e+00,1.126671552658081055e+00,1.359204053878784180e+00
6.244111061096191406e-02,5.869442224502563477e-02,4.799133539199829102e-02,1.826654672622680664e+00,1.568542599678039551e+00,2.017337799072265625e+00
7.347589731216430664e-02,7.459312677383422852e-02,7.773095369338989258e-02,1.125220298767089844e+00,1.026508927345275879e+00,1.759644031524658203e+00
7.059162855148315430e-02,6.046199798583984375e-02,5.698174238204956055e-02,1.088793754577636719e+00,1.138415694236755371e+00,2.677206039428710938e+00
9.613448381423950195e-02,8.413678407669067383e-02,6.855726242065429688e-02,1.118106126785278320e+00,1.177291631698608398e+00,1.990465521812438965e+00
5.137592554092407227e-02,4.318428039550781250e-02,3.833591938018798828e-02,9.525057077407836914e-01,1.019966125488281250e+00,1.390262961387634277e+00
6.292426586151123047e-02,5.378293991088867188e-02,5.300599336624145508e-02,1.115368723869323730e+00,1.098614931106567383e+00,2.017688751220703125e+00
4.814958572387695312e-02,4.401791095733642578e-02,3.709173202514648438e-02,9.865234494209289551e-01,1.137578964233398438e+00,2.323032617568969727e+00
5.388611555099487305e-02,5.009722709655761719e-02,4.145675897598266602e-02,1.270071029663085938e+00,1.284245014190673828e+00,2.455951929092407227e+00
6.805032491683959961e-02,6.532591581344604492e-02,5.217647552490234375e-02,1.116521596908569336e+00,1.158926725387573242e+00,1.605656862258911133e+00
6.746274232864379883e-02,6.232398748397827148e-02,5.208009481430053711e-02,1.039560914039611816e+00,1.053377509117126465e+00,1.243585348129272461e+00
5.402147769927978516e-02,5.908852815628051758e-02,4.956758022308349609e-02,1.249763488769531250e+00,1.496827483177185059e+00,2.206666469573974609e+00
2.434027791023254395e-01,2.224443554878234863e-01,2.254312634468078613e-01,1.189756393432617188e+00,1.368304252624511719e+00,2.236691236495971680e+00
8.433920145034790039e-02,8.776026964187622070e-02,6.599432229995727539e-02,1.338989138603210449e+00,1.327079534530639648e+00,3.627520322799682617e+00
5.737531185150146484e-02,5.512332916259765625e-02,4.327636957168579102e-02,1.456481456756591797e+00,1.538095712661743164e+00,2.445060729980468750e+00
7.439893484115600586e-02,5.674839019775390625e-02,5.438661575317382812e-02,2.581431865692138672e+00,2.026816844940185547e+00,3.149077415466308594e+00
1.380565166473388672e-01,1.250860691070556641e-01,9.050559997558593750e-02,1.272903680801391602e+00,1.581567049026489258e+00,1.871420383453369141e+00
6.148338317871093750e-02,5.850791931152343750e-02,5.066871643066406250e-02,1.078666210174560547e+00,9.939304590225219727e-01,1.936661005020141602e+00
5.407583713531494141e-02,5.150377750396728516e-02,4.275798797607421875e-02,1.351643800735473633e+00,1.428611040115356445e+00,1.880026340484619141e+00
5.317747592926025391e-02,4.659533500671386719e-02,3.919816017150878906e-02,1.007830023765563965e+00,1.064665317535400391e+00,1.124099493026733398e+00
9.844887256622314453e-02,8.774775266647338867e-02,8.225941658020019531e-02,1.399547100067138672e+00,1.380159258842468262e+00,1.580071091651916504e+00
6.880205869674682617e-02,5.654042959213256836e-02,5.028676986694335938e-02,1.117900729179382324e+00,9.229177236557006836e-01,1.483600974082946777e+00
6.698995828628540039e-02,6.330549716949462891e-02,5.672335624694824219e-02,1.087676525115966797e+00,7.422875761985778809e-01,8.959686756134033203e-01
6.639236211776733398e-02,6.341439485549926758e-02,5.431473255157470703e-02,1.175634026527404785e+00,1.275840640068054199e+00,2.760706663131713867e+00
8.402770757675170898e-02,7.554727792739868164e-02,6.047219038009643555e-02,1.458436727523803711e+00,1.282276868820190430e+00,3.510947227478027344e+00
5.810129642486572266e-02,5.902808904647827148e-02,4.667830467224121094e-02,1.178575515747070312e+00,1.161498427391052246e+00,1.521519660949707031e+00
7.021486759185791016e-02,6.441932916641235352e-02,5.302619934082031250e-02,1.164393782615661621e+00,1.095127344131469727e+00,1.769559502601623535e+00
3.913521766662597656e-02,3.368353843688964844e-02,2.805787324905395508e-02,1.364315986633300781e+00,1.046766757965087891e+00,2.955615282058715820e+00
4.463213682174682617e-02,4.208654165267944336e-02,3.541606664657592773e-02,1.425077199935913086e+00,1.315690040588378906e+00,2.513567686080932617e+00
6.398981809616088867e-02,5.520755052566528320e-02,4.564261436462402344e-02,1.403915166854858398e+00,1.459507942199707031e+00,2.157109737396240234e+00
5.707472562789916992e-02,5.342513322830200195e-02,4.395014047622680664e-02,1.050443649291992188e+00,9.079653024673461914e-01,1.041618347167968750e+00
7.094442844390869141e-02,6.356906890869140625e-02,5.387753248214721680e-02,1.656379222869873047e+00,1.341196417808532715e+00,1.455621957778930664e+00
7.230591773986816406e-02,6.593209505081176758e-02,4.086184501647949219e-02,1.477079629898071289e+00,1.382486701011657715e+00,1.871468544006347656e+00
7.593011856079101562e-02,6.822448968887329102e-02,5.173784494400024414e-02,2.008147954940795898e+00,2.731939554214477539e+00,3.030727863311767578e+00
4.527801275253295898e-02,3.980487585067749023e-02,3.720903396606445312e-02,1.513314485549926758e+00,1.088285565376281738e+00,1.736459016799926758e+00
5.050474405288696289e-02,4.388362169265747070e-02,4.124146699905395508e-02,1.277691125869750977e+00,1.394723176956176758e+00,1.249121546745300293e+00
1.570633649826049805e-01,1.401645541191101074e-01,1.130946278572082520e-01,1.478145718574523926e+00,1.379227280616760254e+00,1.681606531143188477e+00
9.725654125213623047e-02,9.282392263412475586e-02,6.836199760437011719e-02,1.500086188316345215e+00,1.579588413238525391e+00,2.666464328765869141e+00
8.815938234329223633e-02,7.412284612655639648e-02,6.779551506042480469e-02,1.521145582199096680e+00,1.566874265670776367e+00,3.612747192382812500e+00
6.022828817367553711e-02,5.571073293685913086e-02,4.646426439285278320e-02,1.092439174652099609e+00,1.182809472084045410e+00,2.582277774810791016e+00
4.810452461242675781e-02,4.896891117095947266e-02,3.924751281738281250e-02,1.427697658538818359e+00,1.383650422096252441e+00,2.846469402313232422e+00
4.404437541961669922e-02,4.273849725723266602e-02,3.421407938003540039e-02,1.012272596359252930e+00,1.183971405029296875e+00,2.613352775573730469e+00
6.158083677291870117e-02,5.674123764038085938e-02,5.480879545211791992e-02,1.276360988616943359e+00,1.291218280792236328e+00,3.454267024993896484e+00
5.489659309387207031e-02,5.729645490646362305e-02,4.500102996826171875e-02,1.099301218986511230e+00,1.460906267166137695e+00,3.172859430313110352e+00
1.513770818710327148e-01,1.589725613594055176e-01,1.297847628593444824e-01,1.445027947425842285e+00,1.657648801803588867e+00,2.315884590148925781e+00
5.720579624176025391e-02,5.506145954132080078e-02,4.627400636672973633e-02,1.022723436355590820e+00,8.756800889968872070e-01,7.705085277557373047e-01
8.002084493637084961e-02,8.106368780136108398e-02,6.329387426376342773e-02,1.355611324310302734e+00,1.553319692611694336e+00,1.841156721115112305e+00
4.581284523010253906e-02,4.366493225097656250e-02,3.643816709518432617e-02,1.042157292366027832e+00,1.117748737335205078e+00,1.535044670104980469e+00
6.190484762191772461e-02,4.960978031158447266e-02,4.243612289428710938e-02,9.990713596343994141e-01,1.055604457855224609e+00,1.356868386268615723e+00
5.066013336181640625e-02,4.505592584609985352e-02,4.367226362228393555e-02,1.013326406478881836e+00,9.707196950912475586e-01,1.086778521537780762e+00
7.209402322769165039e-02,6.323218345642089844e-02,4.416006803512573242e-02,1.101164579391479492e+00,1.464861392974853516e+00,1.741586446762084961e+00
5.967235565185546875e-02,5.713033676147460938e-02,4.494273662567138672e-02,1.912595272064208984e+00,2.187263011932373047e+00,3.540107250213623047e+00
4.822075366973876953e-02,4.385143518447875977e-02,3.624576330184936523e-02,1.151591777801513672e+00,1.251891732215881348e+00,1.479545116424560547e+00
7.067853212356567383e-02,6.338578462600708008e-02,4.847520589828491211e-02,9.443643093109130859e-01,6.774736046791076660e-01,1.330598592758178711e+00
6.088310480117797852e-02,5.210173130035400391e-02,4.610449075698852539e-02,1.181773185729980469e+00,1.146865725517272949e+00,1.419415712356567383e+00
6.128060817718505859e-02,5.328744649887084961e-02,4.549705982208251953e-02,1.485999584197998047e+00,1.393975257873535156e+00,1.297465801239013672e+00
8.752709627151489258e-02,7.841384410858154297e-02,5.666327476501464844e-02,1.380169987678527832e+00,1.271005153656005859e+00,1.692159414291381836e+00
5.726248025894165039e-02,4.542338848114013672e-02,3.726840019226074219e-02,1.692899227142333984e+00,1.198712825775146484e+00,1.824249982833862305e+00
5.830550193786621094e-02,4.594141244888305664e-02,4.108947515487670898e-02,1.400839090347290039e+00,1.495086908340454102e+00,1.512687206268310547e+00
5.352151393890380859e-02,4.743540287017822266e-02,4.031717777252197266e-02,1.407403707504272461e+00,1.271249413490295410e+00,1.368752360343933105e+00
6.118190288543701172e-02,5.857908725738525391e-02,4.665666818618774414e-02,1.207164049148559570e+00,1.261918067932128906e+00,1.242011785507202148e+00
6.688481569290161133e-02,6.326472759246826172e-02,4.944241046905517578e-02,1.545130252838134766e+00,1.723463773727416992e+00,2.324460983276367188e+00
6.086164712905883789e-02,5.015838146209716797e-02,4.136323928833007812e-02,5.149472951889038086e-01,5.810151100158691406e-01,1.146204471588134766e+00
5.692434310913085938e-02,5.369657278060913086e-02,4.545825719833374023e-02,1.308650851249694824e+00,1.163414955139160156e+00,1.427364349365234375e+00
7.788705825805664062e-02,6.758344173431396484e-02,5.266714096069335938e-02,1.198810338973999023e+00,1.178570866584777832e+00,1.256926536560058594e+00
5.593246221542358398e-02,5.334752798080444336e-02,4.616796970367431641e-02,1.607436656951904297e+00,1.672261714935302734e+00,1.974236488342285156e+00
5.343818664550781250e-02,4.270291328430175781e-02,3.852349519729614258e-02,1.491934776306152344e+00,1.012398004531860352e+00,1.919105172157287598e+00
6.943756341934204102e-02,6.071108579635620117e-02,5.442935228347778320e-02,1.254062652587890625e+00,1.026026844978332520e+00,1.274328470230102539e+00
7.155740261077880859e-02,6.795001029968261719e-02,5.741626024246215820e-02,1.370663881301879883e+00,1.321117401123046875e+00,1.824592590332031250e+00
4.943597316741943359e-02,4.966449737548828125e-02,3.880602121353149414e-02,1.292114853858947754e+00,1.307344079017639160e+00,2.085997104644775391e+00
6.865739822387695312e-02,7.365185022354125977e-02,5.715554952621459961e-02,1.372979521751403809e+00,1.453890681266784668e+00,2.803454875946044922e+00
6.603688001632690430e-02,6.311684846878051758e-02,5.041176080703735352e-02,1.112720251083374023e+00,1.401193857192993164e+00,3.388599157333374023e+00
1.071479916572570801e-01,1.279510259628295898e-01,7.019823789596557617e-02,1.614445686340332031e+00,1.800710201263427734e+00,5.162768363952636719e+00
5.743628740310668945e-02,6.197655200958251953e-02,5.102241039276123047e-02,1.345528006553649902e+00,1.267832636833190918e+00,4.752019405364990234e+00
6.174963712692260742e-02,6.818318367004394531e-02,5.806142091751098633e-02,1.424259781837463379e+00,1.399927496910095215e+00,4.101953029632568359e+00
5.716753005981445312e-02,5.578923225402832031e-02,4.371160268783569336e-02,1.063629269599914551e+00,1.343842744827270508e+00,3.118691682815551758e+00
5.409622192382812500e-02,7.446259260177612305e-02,5.541139841079711914e-02,1.454289913177490234e+00,1.245972871780395508e+00,3.544989109039306641e+00
5.921798944473266602e-02,5.824398994445800781e-02,4.938805103302001953e-02,1.148216247558593750e+00,1.208275079727172852e+00,2.683291196823120117e+00
8.153432607650756836e-02,7.575649023056030273e-02,6.374233961105346680e-02,1.433245897293090820e+00,1.393088221549987793e+00,3.719608306884765625e+00
4.939359426498413086e-02,5.017018318176269531e-02,4.528176784515380859e-02,1.238265752792358398e+00,1.248291850090026855e+00,1.450084805488586426e+00
4.273027181625366211e-02,4.322218894958496094e-02,3.297168016433715820e-02,1.234700918197631836e+00,1.172351121902465820e+00,1.700454354286193848e+00
5.362486839294433594e-02,5.526065826416015625e-02,4.418313503265380859e-02,1.354811191558837891e+00,1.271033048629760742e+00,1.814604163169860840e+00
8.271539211273193359e-02,7.080280780792236328e-02,5.922853946685791016e-02,1.426668405532836914e+00,1.385239720344543457e+00,2.058683395385742188e+00
5.958634614944458008e-02,5.889648199081420898e-02,4.835128784179687500e-02,9.097330570220947266e-01,1.200573563575744629e+00,1.010543346405029297e+00
9.472560882568359375e-02,8.276206254959106445e-02,7.025349140167236328e-02,1.339446544647216797e+00,1.172121763229370117e+00,1.441429138183593750e+00
4.479181766510009766e-02,3.700643777847290039e-02,3.686213493347167969e-02,1.096774935722351074e+00,9.399819374084472656e-01,1.154733657836914062e+00
5.612754821777343750e-02,4.341441392898559570e-02,3.960353136062622070e-02,8.060994744300842285e-01,5.876605510711669922e-01,8.746009469032287598e-01
6.848788261413574219e-02,5.964946746826171875e-02,4.532843828201293945e-02,1.040461421012878418e+00,1.293647289276123047e+00,1.743110895156860352e+00
5.478841066360473633e-02,5.171388387680053711e-02,4.237478971481323242e-02,1.315020203590393066e+00,1.673873901367187500e+00,2.169075250625610352e+00
7.209044694900512695e-02,6.747686862945556641e-02,5.413860082626342773e-02,1.152899980545043945e+00,1.167313456535339355e+00,1.897378206253051758e+00
5.863898992538452148e-02,5.322146415710449219e-02,4.127365350723266602e-02,1.341542005538940430e+00,1.243326187133789062e+00,2.292263031005859375e+00
4.561686515808105469e-02,4.178148508071899414e-02,3.436678647994995117e-02,9.306505322456359863e-01,1.079275131225585938e+00,1.773392677307128906e+00
9.275168180465698242e-02,8.769446611404418945e-02,6.526601314544677734e-02,1.404305219650268555e+00,1.283468008041381836e+00,2.321656942367553711e+00
8.736884593963623047e-02,7.636696100234985352e-02,6.550025939941406250e-02,1.194347620010375977e+00,1.268885493278503418e+00,2.195164680480957031e+00
8.989083766937255859e-02,8.314096927642822266e-02,6.051403284072875977e-02,1.395969986915588379e+00,1.402641534805297852e+00,1.968330502510070801e+00
4.678469896316528320e-02,4.384231567382812500e-02,3.491431474685668945e-02,1.122846007347106934e+00,9.624554514884948730e-01,1.512667894363403320e+00
7.331299781799316406e-02,5.957186222076416016e-02,4.503250122070312500e-02,1.155880212783813477e+00,1.115893721580505371e+00,2.069302082061767578e+00
8.205932378768920898e-02,6.836986541748046875e-02,5.783236026763916016e-02,1.091288208961486816e+00,1.117331981658935547e+00,2.560153722763061523e+00
8.913749456405639648e-02,7.537776231765747070e-02,5.674946308135986328e-02,1.374229073524475098e+00,1.541254878044128418e+00,3.041886091232299805e+00
9.378468990325927734e-02,8.492767810821533203e-02,6.807732582092285156e-02,1.113070249557495117e+00,1.475438833236694336e+00,2.340578794479370117e+00
7.430452108383178711e-02,6.261402368545532227e-02,4.718202352523803711e-02,8.645961284637451172e-01,8.061420321464538574e-01,2.220026493072509766e+00
1.018806695938110352e-01,9.345567226409912109e-02,8.949154615402221680e-02,1.105920910835266113e+00,1.094341278076171875e+00,1.535900354385375977e+00
6.959098577499389648e-02,6.293928623199462891e-02,4.968059062957763672e-02,1.046004772186279297e+00,1.111148715019226074e+00,1.791174411773681641e+00
9.413355588912963867e-02,7.986313104629516602e-02,6.639844179153442383e-02,1.480152606964111328e+00,1.214762806892395020e+00,2.184887170791625977e+00
2.769255638122558594e-02,2.932870388031005859e-02,2.032828330993652344e-02,1.169873714447021484e+00,1.199611425399780273e+00,1.733456611633300781e+00
5.760723352432250977e-02,5.304479598999023438e-02,4.344284534454345703e-02,1.369550585746765137e+00,1.109858393669128418e+00,1.120030641555786133e+00
2.711284160614013672e-02,2.580302953720092773e-02,1.971620321273803711e-02,1.430305242538452148e+00,1.299073576927185059e+00,1.810201883316040039e+00
5.957418680191040039e-02,6.017124652862548828e-02,4.785293340682983398e-02,4.555287837982177734e+00,4.015944480895996094e+00,6.191107749938964844e+00
8.750492334365844727e-02,7.744878530502319336e-02,6.257700920104980469e-02,3.806912899017333984e-01,7.057596445083618164e-01,8.957165479660034180e-01
5.809807777404785156e-02,5.266052484512329102e-02,4.020005464553833008e-02,1.146842122077941895e+00,9.836874604225158691e-01,1.555832624435424805e+00
4.361289739608764648e-02,3.674286603927612305e-02,3.230738639831542969e-02,1.591950178146362305e+00,1.317739605903625488e+00,1.745974659919738770e+00
5.789834260940551758e-02,5.104011297225952148e-02,4.372197389602661133e-02,2.501077651977539062e+00,1.984698295593261719e+00,3.819271564483642578e+00
8.830314874649047852e-02,7.396191358566284180e-02,5.506539344787597656e-02,9.937341213226318359e-01,1.032314658164978027e+00,1.389575600624084473e+00
1.170249581336975098e-01,9.651750326156616211e-02,8.495700359344482422e-02,1.681815385818481445e+00,1.520076990127563477e+00,3.338893175125122070e+00
5.947709083557128906e-02,5.497688055038452148e-02,4.851919412612915039e-02,1.089791893959045410e+00,1.469942450523376465e+00,2.398787021636962891e+00
6.692826747894287109e-02,5.749690532684326172e-02,4.471027851104736328e-02,1.493684053421020508e+00,1.995486021041870117e+00,3.009279727935791016e+00
6.623554229736328125e-02,5.749583244323730469e-02,4.496741294860839844e-02,1.163867354393005371e+00,1.189826965332031250e+00,1.521829366683959961e+00
5.921065807342529297e-02,5.332410335540771484e-02,3.997868299484252930e-02,2.289103507995605469e+00,1.418597459793090820e+00,1.790110826492309570e+00
4.972296953201293945e-02,4.335933923721313477e-02,3.503930568695068359e-02,1.311282277107238770e+00,1.325328826904296875e+00,2.438968658447265625e+00
6.536167860031127930e-02,5.512797832489013672e-02,4.314047098159790039e-02,1.270140051841735840e+00,1.456390142440795898e+00,3.035985469818115234e+00
7.462567090988159180e-02,6.767946481704711914e-02,4.932743310928344727e-02,1.493340253829956055e+00,1.427087187767028809e+00,2.002923488616943359e+00
5.174374580383300781e-02,4.557985067367553711e-02,3.820395469665527344e-02,1.131345748901367188e+00,9.974607825279235840e-01,1.821192264556884766e+00
5.372393131256103516e-02,4.342621564865112305e-02,4.225355386734008789e-02,8.774571418762207031e-01,1.024770140647888184e+00,1.285121798515319824e+00
5.506324768066406250e-02,5.145156383514404297e-02,3.783452510833740234e-02,1.151148676872253418e+00,1.259969472885131836e+00,1.927887201309204102e+00
3.777873516082763672e-02,3.246402740478515625e-02,2.516287565231323242e-02,9.010713100433349609e-01,1.143428087234497070e+00,1.601624488830566406e+00
4.969561100006103516e-02,4.424303770065307617e-02,3.240770101547241211e-02,1.021522164344787598e+00,1.138054132461547852e+00,1.444677114486694336e+00
1.051595807075500488e-01,1.084379553794860840e-01,8.002996444702148438e-02,1.456881284713745117e+00,1.761208534240722656e+00,1.876693487167358398e+00
9.182721376419067383e-02,8.479356765747070312e-02,7.049775123596191406e-02,1.346856117248535156e+00,1.418792009353637695e+00,1.848758697509765625e+00
8.536040782928466797e-02,6.717967987060546875e-02,6.025493144989013672e-02,1.038597464561462402e+00,1.130435943603515625e+00,1.419509172439575195e+00
1.005517244338989258e-01,8.908599615097045898e-02,7.556140422821044922e-02,1.220196962356567383e+00,9.772049188613891602e-01,1.503703355789184570e+00
5.313920974731445312e-02,4.000335931777954102e-02,3.725963830947875977e-02,1.707385182380676270e+00,1.355076313018798828e+00,1.389398217201232910e+00
7.451498508453369141e-02,6.333088874816894531e-02,4.836094379425048828e-02,1.430411696434020996e+00,1.672721624374389648e+00,1.769584536552429199e+00
7.541549205780029297e-02,6.482434272766113281e-02,5.635678768157958984e-02,9.800201654434204102e-01,1.145303249359130859e+00,1.243157386779785156e+00
6.931525468826293945e-02,6.111949682235717773e-02,4.959422349929809570e-02,1.600864171981811523e+00,1.009051799774169922e+00,1.158785462379455566e+00
9.454160928726196289e-02,8.695560693740844727e-02,6.853598356246948242e-02,1.249056458473205566e+00,1.234396576881408691e+00,2.305989265441894531e+00
5.294358730316162109e-02,4.962354898452758789e-02,4.390364885330200195e-02,1.709427356719970703e+00,2.304584503173828125e+00,3.102240800857543945e+00
6.408172845840454102e-02,6.451678276062011719e-02,4.903167486190795898e-02,1.387874841690063477e+00,1.301438927650451660e+00,2.584094762802124023e+00
7.703161239624023438e-02,7.034736871719360352e-02,5.810773372650146484e-02,1.279764533042907715e+00,1.513771533966064453e+00,3.812665700912475586e+00
8.549773693084716797e-02,8.330297470092773438e-02,6.693398952484130859e-02,1.182659864425659180e+00,1.306117534637451172e+00,3.848153114318847656e+00
7.040619850158691406e-02,7.634550333023071289e-02,6.176465749740600586e-02,1.366336941719055176e+00,1.315040230751037598e+00,3.814094781875610352e+00
5.636143684387207031e-02,5.845695734024047852e-02,4.324775934219360352e-02,1.138103127479553223e+00,1.412103295326232910e+00,2.752385616302490234e+00
7.141041755676269531e-02,6.470131874084472656e-02,4.776030778884887695e-02,7.369596362113952637e-01,7.309062480926513672e-01,9.357819557189941406e-01
6.366723775863647461e-02,6.330049037933349609e-02,4.812866449356079102e-02,1.542236804962158203e+00,1.410941720008850098e+00,2.208879709243774414e+00
3.667384386062622070e-02,3.503859043121337891e-02,2.862596511840820312e-02,2.081785678863525391e+00,2.394698143005371094e+00,2.383757829666137695e+00
4.784381389617919922e-02,4.190844297409057617e-02,3.424340486526489258e-02,1.097131252288818359e+00,1.153148174285888672e+00,2.090552806854248047e+00
7.060986757278442383e-02,5.820643901824951172e-02,4.706937074661254883e-02,1.129130601882934570e+00,1.486821770668029785e+00,1.694016933441162109e+00
6.948709487915039062e-02,5.617100000381469727e-02,4.286670684814453125e-02,1.350601673126220703e+00,1.296323060989379883e+00,1.719299077987670898e+00
9.497737884521484375e-02,9.700119495391845703e-02,7.379043102264404297e-02,1.325999021530151367e+00,1.256297588348388672e+00,3.120921134948730469e+00
1.288982033729553223e-01,1.274440884590148926e-01,1.088368892669677734e-01,1.323361158370971680e+00,1.246528029441833496e+00,2.580793857574462891e+00
7.225137948989868164e-02,6.571143865585327148e-02,5.763745307922363281e-02,1.228399753570556641e+00,1.111240983009338379e+00,3.249917507171630859e+00
5.721437931060791016e-02,5.884176492691040039e-02,5.097216367721557617e-02,1.114722132682800293e+00,1.673995494842529297e+00,1.721998453140258789e+00
6.344497203826904297e-02,6.523936986923217773e-02,5.308467149734497070e-02,1.475664377212524414e+00,1.392569303512573242e+00,2.482791900634765625e+00
7.436281442642211914e-02,7.873445749282836914e-02,5.726784467697143555e-02,1.592080950736999512e+00,1.524710655212402344e+00,3.261976718902587891e+00
6.361216306686401367e-02,5.902397632598876953e-02,4.883694648742675781e-02,1.152008533477783203e+00,1.320352435111999512e+00,2.685004711151123047e+00
3.072828054428100586e-02,3.026890754699707031e-02,3.027534484863281250e-02,6.884624361991882324e-01,6.801486611366271973e-01,1.679674744606018066e+00
7.105278968811035156e-02,5.837327241897583008e-02,5.048203468322753906e-02,1.407385468482971191e+00,1.322172403335571289e+00,1.595476984977722168e+00
5.863291025161743164e-02,4.840636253356933594e-02,3.715360164642333984e-02,1.253771424293518066e+00,1.457124233245849609e+00,1.655613541603088379e+00
6.749296188354492188e-02,6.621855497360229492e-02,5.337381362915039062e-02,1.409352421760559082e+00,1.404657840728759766e+00,1.870985031127929688e+00
4.653006792068481445e-02,4.350972175598144531e-02,3.410232067108154297e-02,1.056955933570861816e+00,1.224920511245727539e+00,1.294151782989501953e+00
6.017106771469116211e-02,5.566960573196411133e-02,4.200875759124755859e-02,1.406248092651367188e+00,1.345855593681335449e+00,1.361610651016235352e+00
8.571159839630126953e-02,7.964301109313964844e-02,5.959671735763549805e-02,1.511614799499511719e+00,1.529054641723632812e+00,1.855842113494873047e+00
7.418149709701538086e-02,6.723242998123168945e-02,4.991644620895385742e-02,1.178025126457214355e+00,1.321308135986328125e+00,1.464402079582214355e+00
6.463569402694702148e-02,5.613899230957031250e-02,4.702949523925781250e-02,1.370736479759216309e+00,1.253845453262329102e+00,2.059301376342773438e+00
6.670242547988891602e-02,5.156689882278442383e-02,4.268091917037963867e-02,1.127397179603576660e+00,1.093884944915771484e+00,1.084786176681518555e+00
4.940217733383178711e-02,4.757952690124511719e-02,3.693741559982299805e-02,1.582663536071777344e+00,1.474197626113891602e+00,1.007136344909667969e+00
5.750083923339843750e-02,5.621623992919921875e-02,4.377150535583496094e-02,1.246147871017456055e+00,1.220839977264404297e+00,1.274410843849182129e+00
6.092691421508789062e-02,5.847322940826416016e-02,4.605835676193237305e-02,1.443883895874023438e+00,1.418191194534301758e+00,1.518314599990844727e+00
8.028155565261840820e-02,7.051062583923339844e-02,5.409139394760131836e-02,1.549071192741394043e+00,1.513839721679687500e+00,1.803427457809448242e+00
6.549829244613647461e-02,5.255270004272460938e-02,4.538118839263916016e-02,1.176861047744750977e+00,9.775051474571228027e-01,1.174431324005126953e+00
5.348110198974609375e-02,4.922783374786376953e-02,4.302281141281127930e-02,1.006650567054748535e+00,1.032524108886718750e+00,1.159523963928222656e+00
8.524185419082641602e-02,6.667989492416381836e-02,5.604493618011474609e-02,1.528583765029907227e+00,1.480228185653686523e+00,1.878291368484497070e+00
7.806891202926635742e-02,6.885409355163574219e-02,5.986547470092773438e-02,1.530208826065063477e+00,1.512038469314575195e+00,1.522928476333618164e+00
5.626273155212402344e-02,5.340170860290527344e-02,4.150718450546264648e-02,8.645995259284973145e-01,6.481910347938537598e-01,1.484018087387084961e+00
5.084431171417236328e-02,4.568696022033691406e-02,4.131299257278442383e-02,1.515408396720886230e+00,1.449202179908752441e+00,1.407686233520507812e+00
5.600827932357788086e-02,4.503303766250610352e-02,3.873521089553833008e-02,7.004982233047485352e-01,8.905858397483825684e-01,7.917612791061401367e-01
7.160496711730957031e-02,5.564296245574951172e-02,4.901432991027832031e-02,1.108663201332092285e+00,1.238489270210266113e+00,1.538636207580566406e+00
6.011635065078735352e-02,6.345784664154052734e-02,4.455256462097167969e-02,1.518119096755981445e+00,1.860390543937683105e+00,3.087136030197143555e+00
4.926699399948120117e-02,4.564332962036132812e-02,3.958064317703247070e-02,1.367021799087524414e+00,1.151246070861816406e+00,2.835241794586181641e+00
6.599521636962890625e-02,6.796306371688842773e-02,5.527621507644653320e-02,1.423247575759887695e+00,1.332778573036193848e+00,2.962913036346435547e+00
6.195330619812011719e-02,5.836790800094604492e-02,4.614901542663574219e-02,1.532306909561157227e+00,1.539243698120117188e+00,1.907066583633422852e+00
5.690199136734008789e-02,5.944991111755371094e-02,4.863792657852172852e-02,1.495211839675903320e+00,1.482151150703430176e+00,2.991656303405761719e+00
1.999876499176025391e-01,1.836959123611450195e-01,1.982413530349731445e-01,1.063041687011718750e+00,1.294994473457336426e+00,3.987732410430908203e+00
5.228698253631591797e-02,5.078065395355224609e-02,4.266428947448730469e-02,3.585942506790161133e+00,3.867974996566772461e+00,3.982526063919067383e+00
5.017948150634765625e-02,3.950911760330200195e-02,3.178846836090087891e-02,1.336826920509338379e+00,1.303366661071777344e+00,2.202146768569946289e+00
9.290868043899536133e-02,9.703999757766723633e-02,7.501584291458129883e-02,1.015261888504028320e+00,1.073620080947875977e+00,1.002278208732604980e+00
7.664734125137329102e-02,6.156778335571289062e-02,4.348504543304443359e-02,1.286441802978515625e+00,1.434503793716430664e+00,1.574498891830444336e+00
7.270002365112304688e-02,6.576490402221679688e-02,5.349022150039672852e-02,1.366661310195922852e+00,1.340043067932128906e+00,1.916840672492980957e+00
5.412071943283081055e-02,5.007737874984741211e-02,3.429418802261352539e-02,1.914431691169738770e+00,2.571788787841796875e+00,2.893923759460449219e+00
7.381671667098999023e-02,6.509184837341308594e-02,5.784165859222412109e-02,1.100251197814941406e+00,9.403730034828186035e-01,1.032891154289245605e+00
6.578421592712402344e-02,5.823272466659545898e-02,4.898267984390258789e-02,3.591100692749023438e+00,1.798109769821166992e+00,3.647272586822509766e+00
8.683633804321289062e-02,7.850217819213867188e-02,6.466966867446899414e-02,1.242037773132324219e+00,1.355836868286132812e+00,1.356699705123901367e+00
8.706504106521606445e-02,8.275240659713745117e-02,6.257075071334838867e-02,1.528653860092163086e+00,1.384295225143432617e+00,1.733752369880676270e+00
5.601507425308227539e-02,4.770684242248535156e-02,4.190486669540405273e-02,1.214973926544189453e+00,8.226120471954345703e-01,1.062334537506103516e+00
8.654505014419555664e-02,6.813544034957885742e-02,5.929362773895263672e-02,9.088582992553710938e-01,1.163167119026184082e+00,1.035765647888183594e+00
1.080409884452819824e-01,1.030392050743103027e-01,8.887875080108642578e-02,1.257988572120666504e+00,1.347189903259277344e+00,1.056961774826049805e+00
4.799634218215942383e-02,4.368728399276733398e-02,3.564566373825073242e-02,1.331472873687744141e+00,1.075530767440795898e+00,1.891028165817260742e+00
7.853221893310546875e-02,7.642847299575805664e-02,6.251871585845947266e-02,1.287304878234863281e+00,1.083245277404785156e+00,2.036294937133789062e+00
9.844547510147094727e-02,8.382242918014526367e-02,7.147479057312011719e-02,1.408209443092346191e+00,1.693379878997802734e+00,1.438047409057617188e+00
7.971972227096557617e-02,6.933045387268066406e-02,5.939018726348876953e-02,1.702506065368652344e+00,1.756946086883544922e+00,2.420956373214721680e+00
9.162640571594238281e-02,7.340329885482788086e-02,6.097537279129028320e-02,1.762318611145019531e+00,1.773472309112548828e+00,1.570395946502685547e+00
5.486172437667846680e-02,4.606854915618896484e-02,3.752982616424560547e-02,1.359430789947509766e+00,1.216508626937866211e+00,1.316749572753906250e+00
6.377112865447998047e-02,5.007916688919067383e-02,4.450088739395141602e-02,1.297275424003601074e+00,1.120314359664916992e+00,1.886831045150756836e+00
8.459383249282836914e-02,7.156366109848022461e-02,5.598986148834228516e-02,1.655498266220092773e+00,9.392217993736267090e-01,1.319798469543457031e+00
5.044984817504882812e-02,4.833912849426269531e-02,4.364007711410522461e-02,1.029384136199951172e+00,1.032976388931274414e+00,1.239342212677001953e+00
4.270488023757934570e-02,4.057484865188598633e-02,3.397822380065917969e-02,7.218750715255737305e-01,8.024278879165649414e-01,7.625019550323486328e-01
6.811738014221191406e-02,6.475192308425903320e-02,5.752909183502197266e-02,1.134864807128906250e+00,9.325132369995117188e-01,1.795983791351318359e+00
5.148532390594482422e-01,4.858803749084472656e-01,5.395218729972839355e-01,1.582954168319702148e+00,1.763432621955871582e+00,2.107541084289550781e+00
8.028513193130493164e-02,7.043462991714477539e-02,5.216574668884277344e-02,1.542425155639648438e+00,1.119864702224731445e+00,1.595541954040527344e+00
3.500425815582275391e-02,3.597182035446166992e-02,3.454953432083129883e-02,1.123240828514099121e+00,1.197494029998779297e+00,1.433311700820922852e+00
6.420385837554931641e-02,5.245739221572875977e-02,4.650592803955078125e-02,1.164981365203857422e+00,1.351735711097717285e+00,1.853330135345458984e+00
6.013369560241699219e-02,5.413109064102172852e-02,4.616707563400268555e-02,1.295071005821228027e+00,1.210249185562133789e+00,1.863016963005065918e+00
7.920384407043457031e-02,6.773525476455688477e-02,5.813366174697875977e-02,1.324857831001281738e+00,1.495092272758483887e+00,2.885635137557983398e+00
5.050081014633178711e-02,3.930491209030151367e-02,3.153204917907714844e-02,1.202063441276550293e+00,1.228317975997924805e+00,2.083177089691162109e+00
8.371835947036743164e-02,7.728624343872070312e-02,6.196010112762451172e-02,1.201400995254516602e+00,1.373299956321716309e+00,1.067214131355285645e+00
6.071001291275024414e-02,6.758415699005126953e-02,4.980504512786865234e-02,1.520480990409851074e+00,1.589528322219848633e+00,2.055555582046508789e+00
6.934314966201782227e-02,6.648409366607666016e-02,5.322700738906860352e-02,1.812564373016357422e+00,1.799324750900268555e+00,3.840385437011718750e+00
6.087148189544677734e-02,5.807858705520629883e-02,4.856407642364501953e-02,1.143198251724243164e+00,1.331922769546508789e+00,2.748753786087036133e+00
7.825720310211181641e-02,6.930023431777954102e-02,5.925714969635009766e-02,1.462158322334289551e+00,1.220587491989135742e+00,2.882864713668823242e+00
6.991606950759887695e-02,7.068979740142822266e-02,5.536347627639770508e-02,1.165344715118408203e+00,1.222069859504699707e+00,1.452764272689819336e+00
5.123966932296752930e-02,5.006682872772216797e-02,3.936856985092163086e-02,1.076034307479858398e+00,1.327473878860473633e+00,2.375449180603027344e+00
5.378222465515136719e-02,5.404329299926757812e-02,4.324775934219360352e-02,1.356912732124328613e+00,1.294140458106994629e+00,2.440388679504394531e+00
5.486941337585449219e-02,4.594445228576660156e-02,3.904187679290771484e-02,1.272483229637145996e+00,1.243728637695312500e+00,1.616870880126953125e+00
9.035736322402954102e-02,7.635372877120971680e-02,6.259346008300781250e-02,1.099602699279785156e+00,8.182940483093261719e-01,7.827597856521606445e-01
5.203753709793090820e-02,4.341512918472290039e-02,3.646570444107055664e-02,1.282996058464050293e+00,1.225306749343872070e+00,1.879397392272949219e+00
6.583732366561889648e-02,5.879276990890502930e-02,4.635053873062133789e-02,9.737641811370849609e-01,1.278429508209228516e+00,2.527597665786743164e+00
2.099765539169311523e-01,1.845533251762390137e-01,1.708452701568603516e-01,9.851263761520385742e-01,1.348745226860046387e+00,2.911319971084594727e+00
7.538813352584838867e-02,6.362611055374145508e-02,4.765945672988891602e-02,1.319037795066833496e+00,1.600940227508544922e+00,2.188168525695800781e+00
6.497615575790405273e-02,6.126111745834350586e-02,5.354207754135131836e-02,2.032754898071289062e+00,3.178470134735107422e+00,1.917532205581665039e+00
7.868152856826782227e-02,8.740264177322387695e-02,7.207971811294555664e-02,1.181623458862304688e+00,1.102096796035766602e+00,1.548809051513671875e+00
6.635481119155883789e-02,4.940307140350341797e-02,4.556894302368164062e-02,1.004200458526611328e+00,1.201055288314819336e+00,1.102516293525695801e+00
7.815152406692504883e-02,8.743590116500854492e-02,5.713784694671630859e-02,1.217513084411621094e+00,9.688165783882141113e-01,1.028808474540710449e+00
6.982737779617309570e-02,6.371748447418212891e-02,5.519950389862060547e-02,1.212281465530395508e+00,1.260024905204772949e+00,2.546214103698730469e+00
5.835449695587158203e-02,5.959492921829223633e-02,4.573130607604980469e-02,1.253645896911621094e+00,1.433492898941040039e+00,3.116488456726074219e+00
8.498704433441162109e-02,8.969056606292724609e-02,7.391202449798583984e-02,3.832675695419311523e+00,2.678038120269775391e+00,5.279245853424072266e+00
7.016408443450927734e-02,7.203984260559082031e-02,6.212621927261352539e-02,1.329741597175598145e+00,1.453942298889160156e+00,3.592635154724121094e+00
5.984866619110107422e-02,5.899715423583984375e-02,4.780787229537963867e-02,1.154109835624694824e+00,1.367547869682312012e+00,3.032689332962036133e+00
7.092010974884033203e-02,7.268983125686645508e-02,6.275475025177001953e-02,1.352826833724975586e+00,1.310882449150085449e+00,4.197919368743896484e+00
5.006933212280273438e-02,4.651290178298950195e-02,3.529322147369384766e-02,1.280559778213500977e+00,9.662250280380249023e-01,2.546821594238281250e+00
5.212569236755371094e-02,4.661911725997924805e-02,4.069626331329345703e-02,1.273509263992309570e+00,1.176440119743347168e+00,1.392912626266479492e+00
7.090365886688232422e-02,6.665074825286865234e-02,5.319732427597045898e-02,1.395414590835571289e+00,1.222919583320617676e+00,1.115830421447753906e+00
6.752443313598632812e-02,6.783074140548706055e-02,5.309075117111206055e-02,1.050617337226867676e+00,1.038183689117431641e+00,1.087148308753967285e+00
6.249403953552246094e-02,5.978840589523315430e-02,4.517143964767456055e-02,1.460863590240478516e+00,1.273062229156494141e+00,2.278239250183105469e+00
5.052709579467773438e-02,3.986299037933349609e-02,3.270417451858520508e-02,1.025560855865478516e+00,1.026487112045288086e+00,1.086532354354858398e+00
7.789850234985351562e-02,6.862771511077880859e-02,5.853724479675292969e-02,1.039709091186523438e+00,1.145073175430297852e+00,1.222306966781616211e+00
9.011417627334594727e-02,7.116025686264038086e-02,5.120319128036499023e-02,2.183310031890869141e+00,2.209819316864013672e+00,2.066263437271118164e+00
7.229572534561157227e-02,6.751620769500732422e-02,5.678933858871459961e-02,1.258819341659545898e+00,1.310978651046752930e+00,1.592651844024658203e+00
4.887717962265014648e-02,4.548168182373046875e-02,3.866297006607055664e-02,1.267824769020080566e+00,1.300047874450683594e+00,1.790770411491394043e+00
6.237351894378662109e-02,5.198371410369873047e-02,4.471564292907714844e-02,1.163639307022094727e+00,1.166810989379882812e+00,1.731935262680053711e+00
5.861216783523559570e-02,4.933118820190429688e-02,4.884678125381469727e-02,1.640503168106079102e+00,1.241505861282348633e+00,1.456871509552001953e+00
6.841439008712768555e-02,6.362307071685791016e-02,4.477179050445556641e-02,1.607465744018554688e+00,1.563132405281066895e+00,1.806352615356445312e+00
6.420385837554931641e-02,5.690413713455200195e-02,4.837042093276977539e-02,1.722876906394958496e+00,1.555584430694580078e+00,2.062422037124633789e+00
6.650197505950927734e-02,6.301367282867431641e-02,5.112147331237792969e-02,3.955013036727905273e+00,2.715475082397460938e+00,5.120645523071289062e+00
5.315816402435302734e-02,4.379653930664062500e-02,3.808826208114624023e-02,1.252806901931762695e+00,1.304310321807861328e+00,1.957589864730834961e+00
7.099896669387817383e-02,6.817996501922607422e-02,5.859071016311645508e-02,1.226845264434814453e+00,1.230282783508300781e+00,2.755886077880859375e+00
7.113236188888549805e-02,6.512349843978881836e-02,4.395908117294311523e-02,1.072037100791931152e+00,1.217666387557983398e+00,1.942347764968872070e+00
7.044500112533569336e-02,6.991213560104370117e-02,5.244094133377075195e-02,1.190702199935913086e+00,1.332162141799926758e+00,2.988687276840209961e+00
6.458634138107299805e-02,6.315815448760986328e-02,5.554533004760742188e-02,1.272322893142700195e+00,1.458254098892211914e+00,3.593894720077514648e+00
4.516357183456420898e-02,4.133802652359008789e-02,3.350883722305297852e-02,1.404813408851623535e+00,1.442096114158630371e+00,3.003397464752197266e+00
4.628920555114746094e-02,4.646623134613037109e-02,3.348380327224731445e-02,1.489013433456420898e+00,1.716472864151000977e+00,1.739392876625061035e+00
7.241553068161010742e-02,5.763959884643554688e-02,5.177307128906250000e-02,1.716933250427246094e+00,1.434713602066040039e+00,1.960884094238281250e+00
9.819120168685913086e-02,1.013066768646240234e-01,7.959884405136108398e-02,1.249307870864868164e+00,1.289653539657592773e+00,1.664933919906616211e+00
6.132209300994873047e-02,4.880779981613159180e-02,4.049760103225708008e-02,1.497906446456909180e+00,1.311875581741333008e+00,2.493766784667968750e+00
6.073611974716186523e-02,4.797863960266113281e-02,4.736781120300292969e-02,5.645191669464111328e-01,4.265339970588684082e-01,7.514963150024414062e-01
9.074360132217407227e-02,7.498544454574584961e-02,6.336343288421630859e-02,1.481751680374145508e+00,1.235128998756408691e+00,1.437282323837280273e+00
5.631458759307861328e-02,4.528570175170898438e-02,3.720098733901977539e-02,6.045405864715576172e-01,4.612419605255126953e-01,6.951524019241333008e-01
7.867741584777832031e-02,6.977427005767822266e-02,5.918866395950317383e-02,1.465610504150390625e+00,1.253771066665649414e+00,2.078366994857788086e+00
5.500245094299316406e-02,4.614758491516113281e-02,3.961658477783203125e-02,8.940628767013549805e-01,9.395944476127624512e-01,9.247816801071166992e-01
5.089098215103149414e-02,3.934139013290405273e-02,3.469669818878173828e-02,1.041839361190795898e+00,1.072876095771789551e+00,1.257226467132568359e+00
6.980073451995849609e-02,5.860215425491333008e-02,4.798972606658935547e-02,1.133306980133056641e+00,1.182695150375366211e+00,1.270206570625305176e+00
7.662034034729003906e-02,5.849879980087280273e-02,4.519861936569213867e-02,1.458863019943237305e+00,1.627583980560302734e+00,1.369712591171264648e+00
6.332534551620483398e-02,5.575203895568847656e-02,4.629886150360107422e-02,1.362296819686889648e+00,1.711751103401184082e+00,1.780747413635253906e+00
4.854100942611694336e-02,4.395657777786254883e-02,3.520685434341430664e-02,9.917626976966857910e-01,1.074616670608520508e+00,1.537846684455871582e+00
5.700159072875976562e-02,5.001068115234375000e-02,4.316514730453491211e-02,1.201860666275024414e+00,8.854619264602661133e-01,1.267903089523315430e+00
7.457453012466430664e-02,6.239175796508789062e-02,5.590206384658813477e-02,1.238037943840026855e+00,1.214434623718261719e+00,1.361341238021850586e+00
7.438498735427856445e-02,6.243073940277099609e-02,4.704576730728149414e-02,1.307366847991943359e+00,1.203490376472473145e+00,9.670851230621337891e-01
5.541229248046875000e-02,5.127364397048950195e-02,4.416024684906005859e-02,1.023264527320861816e+00,1.096285343170166016e+00,1.718557476997375488e+00
7.060807943344116211e-02,6.051743030548095703e-02,5.429667234420776367e-02,1.322634816169738770e+00,1.330328226089477539e+00,1.876510858535766602e+00
7.838577032089233398e-02,8.749902248382568359e-02,8.284610509872436523e-02,4.792553186416625977e-01,4.296140670776367188e-01,8.244184255599975586e-01
2.309712767601013184e-01,2.113441228866577148e-01,1.236754059791564941e-01,9.626691341400146484e-01,1.166343569755554199e+00,1.262194275856018066e+00
2.158781290054321289e-01,1.992861628532409668e-01,1.503674983978271484e-01,1.710114598274230957e+00,1.394321680068969727e+00,1.476567506790161133e+00
4.847824573516845703e-02,4.323756694793701172e-02,3.880852460861206055e-02,2.452114582061767578e+00,2.704954624176025391e+00,2.187757968902587891e+00
6.765103340148925781e-02,5.207115411758422852e-02,4.164344072341918945e-02,1.221789479255676270e+00,1.011042594909667969e+00,1.598768591880798340e+00
4.661643505096435547e-02,3.827065229415893555e-02,3.560596704483032227e-02,1.223164200782775879e+00,1.007946252822875977e+00,1.092934012413024902e+00
7.835680246353149414e-02,8.549076318740844727e-02,6.954771280288696289e-02,1.466121554374694824e+00,1.581088304519653320e+00,2.013028144836425781e+00
7.113021612167358398e-02,7.026225328445434570e-02,5.063062906265258789e-02,1.228855133056640625e+00,1.235090374946594238e+00,2.137495756149291992e+00
8.989906311035156250e-02,8.629935979843139648e-02,7.343423366546630859e-02,1.350796580314636230e+00,1.433489441871643066e+00,3.643553495407104492e+00
7.951462268829345703e-02,9.858101606369018555e-02,7.056444883346557617e-02,1.748181939125061035e+00,1.381810069084167480e+00,5.695736885070800781e+00
7.332658767700195312e-02,7.734650373458862305e-02,5.739551782608032227e-02,1.268802523612976074e+00,1.585438728332519531e+00,3.115939140319824219e+00
6.498295068740844727e-02,7.605743408203125000e-02,4.963338375091552734e-02,2.090911626815795898e+00,2.107737064361572266e+00,4.819990158081054688e+00
7.693094015121459961e-02,9.329921007156372070e-02,8.197635412216186523e-02,1.776436805725097656e+00,1.337664842605590820e+00,4.595398902893066406e+00
7.069998979568481445e-02,7.151609659194946289e-02,5.112773180007934570e-02,1.595177888870239258e+00,1.511150598526000977e+00,3.715444564819335938e+00
5.729627609252929688e-02,5.338579416275024414e-02,4.731613397598266602e-02,1.298159122467041016e+00,1.252113461494445801e+00,3.190304756164550781e+00
4.644727706909179688e-02,4.425251483917236328e-02,4.023063182830810547e-02,1.212368488311767578e+00,1.283073663711547852e+00,2.217046976089477539e+00
5.911070108413696289e-02,5.741894245147705078e-02,4.708224534988403320e-02,1.353976249694824219e+00,1.264122724533081055e+00,2.792371749877929688e+00
4.431939125061035156e-02,4.860788583755493164e-02,3.723746538162231445e-02,1.196725487709045410e+00,1.291353464126586914e+00,2.091604709625244141e+00
4.786509275436401367e-02,4.718077182769775391e-02,3.979450464248657227e-02,1.294004201889038086e+00,1.180026412010192871e+00,2.815614700317382812e+00
7.603937387466430664e-02,6.323987245559692383e-02,5.272328853607177734e-02,1.039771556854248047e+00,1.306035995483398438e+00,2.685189008712768555e+00
7.571357488632202148e-02,6.644332408905029297e-02,5.953323841094970703e-02,1.466018438339233398e+00,1.117045283317565918e+00,1.365953683853149414e+00
1.438833475112915039e-01,1.486664414405822754e-01,1.356056928634643555e-01,9.472936391830444336e-01,1.046285390853881836e+00,9.558717012405395508e-01
8.510452508926391602e-02,7.270252704620361328e-02,4.833322763442993164e-02,1.821011304855346680e+00,1.570781946182250977e+00,1.935771346092224121e+00
4.371142387390136719e-02,4.313778877258300781e-02,3.290927410125732422e-02,1.529390931129455566e+00,1.400626897811889648e+00,2.305268049240112305e+00
7.644402980804443359e-02,6.570088863372802734e-02,5.778658390045166016e-02,8.335627913475036621e-01,1.027608633041381836e+00,9.810819625854492188e-01
4.606533050537109375e-02,4.440075159072875977e-02,3.194868564605712891e-02,1.727388381958007812e+00,1.430018305778503418e+00,1.802520036697387695e+00
8.415645360946655273e-02,7.663089036941528320e-02,6.595730781555175781e-02,2.072799682617187500e+00,1.736438155174255371e+00,2.551147699356079102e+00
5.921369791030883789e-02,5.087184906005859375e-02,3.761601448059082031e-02,8.576132655143737793e-01,1.349571228027343750e+00,2.072586059570312500e+00
5.133533477783203125e-02,4.032415151596069336e-02,3.146123886108398438e-02,9.735853672027587891e-01,1.386192083358764648e+00,1.306674599647521973e+00
8.515584468841552734e-02,7.671135663986206055e-02,5.880564451217651367e-02,1.139064311981201172e+00,1.193997144699096680e+00,3.160717964172363281e+00
9.576898813247680664e-02,8.695811033248901367e-02,6.574898958206176758e-02,1.263840436935424805e+00,1.117465734481811523e+00,2.030296802520751953e+00
6.307750940322875977e-02,5.506110191345214844e-02,4.131156206130981445e-02,1.516756057739257812e+00,1.492015957832336426e+00,2.218590736389160156e+00
5.815815925598144531e-02,4.933422803878784180e-02,3.977036476135253906e-02,1.137177228927612305e+00,1.315033435821533203e+00,2.211634635925292969e+00
5.504697561264038086e-02,5.475944280624389648e-02,3.329032659530639648e-02,1.156642198562622070e+00,1.176525235176086426e+00,1.810636639595031738e+00
6.630438566207885742e-02,5.912125110626220703e-02,4.523760080337524414e-02,1.596698522567749023e+00,1.511486768722534180e+00,2.617161035537719727e+00
5.851238965988159180e-02,4.937857389450073242e-02,3.573077917098999023e-02,1.991852283477783203e+00,1.575761675834655762e+00,1.659533858299255371e+00
1.449258327484130859e-01,1.256436109542846680e-01,1.005576252937316895e-01,1.293876647949218750e+00,1.464165329933166504e+00,2.557118177413940430e+00
5.547040700912475586e-02,5.233722925186157227e-02,4.222851991653442383e-02,1.647960305213928223e+00,1.698057174682617188e+00,2.302662372589111328e+00
4.719114303588867188e-02,4.622125625610351562e-02,3.058934211730957031e-02,1.186304211616516113e+00,1.234367609024047852e+00,1.685347318649291992e+00
6.788474321365356445e-02,6.079101562500000000e-02,5.069822072982788086e-02,1.629199147224426270e+00,1.433532357215881348e+00,4.018282890319824219e+00
5.395585298538208008e-02,5.437713861465454102e-02,4.074525833129882812e-02,1.395032286643981934e+00,1.541682004928588867e+00,2.662563323974609375e+00
4.678612947463989258e-02,4.455024003982543945e-02,3.316998481750488281e-02,1.170036792755126953e+00,1.411757469177246094e+00,3.185450792312622070e+00
9.104186296463012695e-02,8.279389142990112305e-02,6.829923391342163086e-02,1.896645069122314453e+00,1.878905057907104492e+00,3.750286102294921875e+00
6.429237127304077148e-02,5.430471897125244141e-02,3.998154401779174805e-02,4.851855039596557617e-01,1.308857440948486328e+00,1.731024265289306641e+00
9.203910827636718750e-02,7.565778493881225586e-02,7.691931724548339844e-02,1.489009857177734375e+00,1.238514900207519531e+00,1.727281808853149414e+00
5.063134431838989258e-02,4.162859916687011719e-02,3.488016128540039062e-02,8.864264488220214844e-01,9.485403299331665039e-01,1.737666130065917969e+00
6.850826740264892578e-02,6.099969148635864258e-02,5.027103424072265625e-02,1.526925325393676758e+00,1.453565359115600586e+00,1.403042316436767578e+00
7.863700389862060547e-02,7.609212398529052734e-02,6.498491764068603516e-02,2.100951433181762695e+00,2.084410905838012695e+00,4.098305702209472656e+00
7.161587476730346680e-02,6.349682807922363281e-02,5.171263217926025391e-02,1.326158523559570312e+00,1.228820085525512695e+00,2.108816623687744141e+00
6.227374076843261719e-02,5.197709798812866211e-02,4.909890890121459961e-02,7.851312160491943359e-01,1.003529548645019531e+00,1.177714824676513672e+00
7.077562808990478516e-02,6.353545188903808594e-02,5.026495456695556641e-02,1.076735258102416992e+00,1.218190193176269531e+00,1.536667108535766602e+00
6.049937009811401367e-02,5.658495426177978516e-02,4.591566324234008789e-02,1.174750328063964844e+00,1.312762498855590820e+00,1.615098595619201660e+00
7.013726234436035156e-02,6.009900569915771484e-02,5.367922782897949219e-02,8.863863945007324219e-01,6.656783223152160645e-01,9.841117858886718750e-01
7.546305656433105469e-02,6.704807281494140625e-02,5.064135789871215820e-02,1.802942752838134766e+00,1.362097263336181641e+00,1.704921483993530273e+00
5.352412462234497070e-01,3.749502897262573242e-01,8.083026409149169922e-01,1.254008054733276367e+00,1.317138433456420898e+00,2.380002021789550781e+00
1.183930635452270508e-01,1.075655221939086914e-01,9.103310108184814453e-02,1.127883911132812500e+00,1.386592268943786621e+00,1.955142259597778320e+00
4.057681560516357422e-02,4.479002952575683594e-02,2.764999866485595703e-02,1.106371879577636719e+00,1.784294128417968750e+00,3.437203645706176758e+00
7.616776227951049805e-02,6.569552421569824219e-02,4.920852184295654297e-02,7.769597768783569336e-01,1.620225429534912109e+00,1.775763630867004395e+00
5.159157514572143555e-02,4.287475347518920898e-02,3.409141302108764648e-02,9.815096855163574219e-01,1.168178915977478027e+00,1.242752552032470703e+00
5.665361881256103516e-02,5.296254158020019531e-02,3.454345464706420898e-02,1.223776459693908691e+00,1.419060587882995605e+00,3.777314186096191406e+00
4.452985525131225586e-02,3.527230024337768555e-02,2.826029062271118164e-02,1.649145126342773438e+00,1.246863842010498047e+00,1.593986511230468750e+00
1.448269486427307129e-01,1.276513338088989258e-01,1.057303547859191895e-01,1.160700559616088867e+00,1.110016465187072754e+00,2.034341335296630859e+00
6.974279880523681641e-02,6.315618753433227539e-02,4.519414901733398438e-02,1.181218385696411133e+00,1.029819130897521973e+00,1.540891647338867188e+00
8.904397487640380859e-02,8.312219381332397461e-02,6.655704975128173828e-02,1.380820512771606445e+00,1.376688122749328613e+00,1.924954175949096680e+00
5.723440647125244141e-02,5.218040943145751953e-02,4.432189464569091797e-02,1.119216799736022949e+00,1.401001811027526855e+00,1.534449577331542969e+00
5.784308910369873047e-02,5.365276336669921875e-02,4.897016286849975586e-02,1.301438927650451660e+00,1.011322021484375000e+00,1.017187356948852539e+00
6.342262029647827148e-02,5.422729253768920898e-02,4.762011766433715820e-02,1.683706283569335938e+00,1.304803371429443359e+00,1.606068849563598633e+00
6.963175535202026367e-02,6.181937456130981445e-02,5.050599575042724609e-02,1.551611781120300293e+00,1.317180275917053223e+00,1.340499162673950195e+00
7.357585430145263672e-02,5.847179889678955078e-02,5.140829086303710938e-02,1.408829689025878906e+00,1.079626321792602539e+00,1.361853003501892090e+00
3.243005275726318359e-02,2.945870161056518555e-02,2.153205871582031250e-02,1.224633932113647461e+00,1.271253108978271484e+00,1.962556838989257812e+00
6.109786033630371094e-02,5.140221118927001953e-02,4.492253065109252930e-02,8.685870766639709473e-01,9.078193902969360352e-01,7.510750293731689453e-01
9.638589620590209961e-02,7.964587211608886719e-02,6.647568941116333008e-02,1.457139730453491211e+00,1.182297706604003906e+00,1.601958632469177246e+00
8.395528793334960938e-02,7.527315616607666016e-02,5.200982093811035156e-02,1.547512054443359375e+00,1.661089420318603516e+00,2.551990509033203125e+00
4.408228397369384766e-02,5.024474859237670898e-02,4.027301073074340820e-02,1.478950023651123047e+00,1.764396905899047852e+00,3.696551084518432617e+00
8.139342069625854492e-02,8.479070663452148438e-02,7.076436281204223633e-02,1.398047804832458496e+00,1.472630381584167480e+00,3.558114051818847656e+00
7.759487628936767578e-02,7.437175512313842773e-02,6.822073459625244141e-02,1.223460316658020020e+00,1.415534019470214844e+00,3.637750625610351562e+00
6.641131639480590820e-02,6.177359819412231445e-02,5.046522617340087891e-02,1.226282358169555664e+00,1.269397735595703125e+00,2.197093009948730469e+00
8.264601230621337891e-02,8.602666854858398438e-02,6.640470027923583984e-02,1.440184950828552246e+00,1.270236968994140625e+00,2.741240739822387695e+00
6.719434261322021484e-02,6.436371803283691406e-02,5.299276113510131836e-02,1.298961639404296875e+00,1.301515102386474609e+00,2.644169569015502930e+00
4.118871688842773438e-02,3.794324398040771484e-02,2.933800220489501953e-02,9.915938973426818848e-01,1.128882169723510742e+00,1.438135027885437012e+00
8.832192420959472656e-02,8.140200376510620117e-02,6.949138641357421875e-02,1.518114566802978516e+00,1.504020929336547852e+00,1.758855819702148438e+00
5.745613574981689453e-02,4.879313707351684570e-02,4.102474451065063477e-02,1.272265434265136719e+00,1.157960414886474609e+00,1.472719192504882812e+00
6.612932682037353516e-02,6.151217222213745117e-02,4.913485050201416016e-02,1.181195855140686035e+00,1.245251655578613281e+00,2.184992074966430664e+00
5.402630567550659180e-02,4.585057497024536133e-02,4.077172279357910156e-02,1.122083187103271484e+00,1.335707426071166992e+00,2.367644786834716797e+00
5.245131254196166992e-02,4.843264818191528320e-02,3.771024942398071289e-02,1.288396120071411133e+00,1.338658809661865234e+00,1.865039587020874023e+00
6.430023908615112305e-02,6.674283742904663086e-02,5.085718631744384766e-02,9.483804702758789062e-01,9.628819227218627930e-01,1.412618637084960938e+00
8.102917671203613281e-02,8.160763978958129883e-02,7.361072301864624023e-02,1.322131991386413574e+00,1.217256903648376465e+00,2.299451351165771484e+00
6.402254104614257812e-02,6.747347116470336914e-02,4.985940456390380859e-02,1.743637084960937500e+00,1.808868646621704102e+00,3.231757640838623047e+00
8.750832080841064453e-02,5.234187841415405273e-02,6.555068492889404297e-02,7.294836044311523438e-01,7.355614900588989258e-01,8.346751928329467773e-01
6.397944688796997070e-02,7.064437866210937500e-02,6.018465757369995117e-02,1.821071624755859375e+00,1.531025171279907227e+00,5.729682922363281250e+00
6.137841939926147461e-02,5.913054943084716797e-02,4.694688320159912109e-02,1.030908584594726562e+00,9.835621118545532227e-01,9.059520363807678223e-01
6.245005130767822266e-02,6.697815656661987305e-02,5.139720439910888672e-02,1.278096556663513184e+00,1.344343900680541992e+00,1.820254802703857422e+00
5.744290351867675781e-02,6.463086605072021484e-02,4.794144630432128906e-02,1.359508395195007324e+00,1.228652715682983398e+00,1.284732341766357422e+00
8.086037635803222656e-02,8.407044410705566406e-02,6.916272640228271484e-02,1.173107624053955078e+00,1.609128713607788086e+00,3.038846015930175781e+00
1.327210664749145508e-01,1.070417761802673340e-01,1.364943981170654297e-01,1.417030334472656250e+00,1.106755614280700684e+00,1.678462505340576172e+00
5.257183313369750977e-02,4.880011081695556641e-02,4.600524902343750000e-02,1.261640071868896484e+00,1.222163915634155273e+00,1.446451306343078613e+00
1.011110544204711914e-01,1.084992885589599609e-01,8.924174308776855469e-02,1.441507101058959961e+00,1.130917310714721680e+00,1.422735691070556641e+00
1.158508658409118652e-01,8.978140354156494141e-02,7.713317871093750000e-02,1.233362197875976562e+00,1.079708099365234375e+00,1.473964333534240723e+00
8.593100309371948242e-02,7.118475437164306641e-02,7.738995552062988281e-02,1.447209835052490234e+00,1.574555754661560059e+00,1.946476459503173828e+00
1.683182716369628906e-01,1.416540741920471191e-01,1.562533378601074219e-01,1.442214846611022949e+00,1.779735803604125977e+00,1.286504745483398438e+00
2.628412842750549316e-01,2.376099228858947754e-01,1.714407205581665039e-01,4.566111564636230469e+00,3.253937959671020508e+00,1.337349700927734375e+01
1.198016166687011719e+00,1.435186028480529785e+00,1.302132725715637207e+00,1.693326711654663086e+00,2.292211294174194336e+00,2.780904293060302734e+00
7.600969076156616211e-02,9.305351972579956055e-02,7.154506444931030273e-02,1.997280120849609375e+00,2.000959634780883789e+00,1.437773108482360840e+00
1.153022646903991699e-01,8.160459995269775391e-02,1.096664071083068848e-01,1.064425349235534668e+00,1.084340214729309082e+00,8.658603429794311523e-01
1.323400139808654785e-01,1.287539005279541016e-01,1.355119943618774414e-01,2.356292247772216797e+00,2.767997741699218750e+00,3.632832527160644531e+00
7.122015953063964844e-02,5.442398786544799805e-02,6.502944231033325195e-02,1.118982791900634766e+00,1.214137315750122070e+00,1.316252946853637695e+00
1.267245411872863770e-01,1.095226407051086426e-01,1.080595850944519043e-01,1.911206603050231934e+00,1.013531684875488281e+00,1.691027283668518066e+00
6.206721067428588867e-02,3.629314899444580078e-02,4.940664768218994141e-02,1.864027619361877441e+00,1.630878925323486328e+00,2.458400726318359375e+00
4.265903234481811523e-01,3.685120940208435059e-01,3.741853237152099609e-01,2.359963417053222656e+00,2.889286041259765625e+00,3.592327117919921875e+00
