4.948514699935913086e-02,3.026801347732543945e-02,4.555177688598632812e-02,7.745414972305297852e-01,4.834681749343872070e-01,5.306587815284729004e-01
3.482866287231445312e-02,2.226805686950683594e-02,3.272509574890136719e-02,1.309279918670654297e+00,1.132622480392456055e+00,9.522271156311035156e-01
3.748404979705810547e-02,2.605926990509033203e-02,3.928059339523315430e-02,5.981449484825134277e-01,4.102647900581359863e-01,5.319603681564331055e-01
4.862004518508911133e-02,4.389399290084838867e-02,4.340171813964843750e-02,1.312579870223999023e+00,3.067971229553222656e+00,3.065635681152343750e+00
9.562611579895019531e-02,9.871673583984375000e-02,8.196920156478881836e-02,1.450247526168823242e+00,1.392209172248840332e+00,3.527870178222656250e+00
9.475708007812500000e-02,9.364557266235351562e-02,7.205003499984741211e-02,1.807282805442810059e+00,1.541497468948364258e+00,4.839272975921630859e+00
5.122536420822143555e-02,4.749459028244018555e-02,4.178273677825927734e-02,1.169241428375244141e+00,1.793986797332763672e+00,3.820130348205566406e+00
7.617241144180297852e-02,7.299703359603881836e-02,5.863666534423828125e-02,1.471647262573242188e+00,1.882648468017578125e+00,4.057968139648437500e+00
5.789067149162292480e-01,4.532030224800109863e-01,8.375608921051025391e-01,1.867302894592285156e+00,1.899557232856750488e+00,3.717293739318847656e+00
1.804436445236206055e-01,1.673489212989807129e-01,1.893909573554992676e-01,1.723743081092834473e+00,1.745407104492187500e+00,5.165744304656982422e+00
8.503890037536621094e-02,8.121997117996215820e-02,6.654506921768188477e-02,1.723465561866760254e+00,1.621366381645202637e+00,4.636569023132324219e+00
6.112700700759887695e-02,5.736654996871948242e-02,4.548096656799316406e-02,1.240420341491699219e+00,1.264311790466308594e+00,2.378154993057250977e+00
1.756070852279663086e-01,1.643389463424682617e-01,1.551836729049682617e-01,1.231828093528747559e+00,1.718247890472412109e+00,2.399700880050659180e+00
6.630438566207885742e-02,8.540135622024536133e-02,6.289654970169067383e-02,1.827752113342285156e+00,1.636600494384765625e+00,4.028528690338134766e+00
5.123037099838256836e-02,6.085449457168579102e-02,4.935175180435180664e-02,1.460287213325500488e+00,1.815802812576293945e+00,5.238150119781494141e+00
3.543128371238708496e-01,3.205572366714477539e-01,3.419530391693115234e-01,1.795939207077026367e+00,1.406063795089721680e+00,4.286462783813476562e+00
6.154936552047729492e-02,7.148784399032592773e-02,4.355567693710327148e-02,1.206340312957763672e+00,1.453130722045898438e+00,5.272170066833496094e+00
7.817047834396362305e-02,7.241034507751464844e-02,4.817605018615722656e-02,1.798619270324707031e+00,1.678101181983947754e+00,3.292426109313964844e+00
5.096948146820068359e-02,5.599451065063476562e-02,3.991842269897460938e-02,1.189761400222778320e+00,1.106467485427856445e+00,3.469118356704711914e+00
6.050956249237060547e-02,5.702340602874755859e-02,4.936784505844116211e-02,1.150207042694091797e+00,1.105519294738769531e+00,2.338375091552734375e+00
4.729986190795898438e-02,4.396158456802368164e-02,3.414344787597656250e-02,1.362867236137390137e+00,1.248062610626220703e+00,2.567844390869140625e+00
8.053582906723022461e-02,8.628004789352416992e-02,6.087148189544677734e-02,3.586963176727294922e+00,2.797011375427246094e+00,3.911997556686401367e+00
2.788569331169128418e-01,2.566877603530883789e-01,2.721812725067138672e-01,1.520578861236572266e+00,1.638810873031616211e+00,3.965950012207031250e+00
7.837057113647460938e-02,1.042149066925048828e-01,4.255735874176025391e-02,1.672282457351684570e+00,1.713906168937683105e+00,4.559575080871582031e+00
7.263833284378051758e-02,6.651610136032104492e-02,5.345499515533447266e-02,2.124738454818725586e+00,1.650852799415588379e+00,5.054627418518066406e+00
4.824954271316528320e-02,4.645997285842895508e-02,3.706866502761840820e-02,1.012655138969421387e+00,1.146778464317321777e+00,1.910349726676940918e+00
7.402414083480834961e-02,6.614702939987182617e-02,5.671495199203491211e-02,1.423798441886901855e+00,1.194566488265991211e+00,1.324807167053222656e+00
5.157852172851562500e-02,4.971796274185180664e-02,4.005843400955200195e-02,1.196399688720703125e+00,1.296556591987609863e+00,2.679979801177978516e+00
6.211853027343750000e-02,6.031680107116699219e-02,5.476284027099609375e-02,1.351219177246093750e+00,1.159120559692382812e+00,3.870526313781738281e+00
4.832357168197631836e-02,4.529374837875366211e-02,3.788441419601440430e-02,1.078273534774780273e+00,1.255760908126831055e+00,2.854489564895629883e+00
3.460371494293212891e-02,3.811597824096679688e-02,3.118568658828735352e-02,1.357418417930603027e+00,1.736755013465881348e+00,2.991936445236206055e+00
5.928772687911987305e-02,5.817657709121704102e-02,4.650342464447021484e-02,1.297954916954040527e+00,1.114538669586181641e+00,3.391271352767944336e+00
4.414021968841552734e-02,4.252356290817260742e-02,3.461766242980957031e-02,1.274626493453979492e+00,1.393249988555908203e+00,3.991977453231811523e+00
5.213123559951782227e-02,5.344605445861816406e-02,4.198658466339111328e-02,1.413768053054809570e+00,1.412713766098022461e+00,3.807443618774414062e+00
5.952358245849609375e-02,6.195205450057983398e-02,5.053424835205078125e-02,1.409906864166259766e+00,1.345803260803222656e+00,3.192024707794189453e+00
5.761420726776123047e-02,5.135947465896606445e-02,4.314368963241577148e-02,1.127319931983947754e+00,1.503070354461669922e+00,2.136928081512451172e+00
5.692023038864135742e-02,5.670118331909179688e-02,4.312223196029663086e-02,1.207026243209838867e+00,1.309908628463745117e+00,1.702142238616943359e+00
5.384016036987304688e-02,5.442899465560913086e-02,4.917669296264648438e-02,1.129495382308959961e+00,7.062166929244995117e-01,1.569505214691162109e+00
6.024706363677978516e-02,5.532413721084594727e-02,4.519075155258178711e-02,1.358661413192749023e+00,1.218179464340209961e+00,2.542639493942260742e+00
8.156955242156982422e-02,6.430900096893310547e-02,6.092119216918945312e-02,1.180123329162597656e+00,1.455272436141967773e+00,1.717585563659667969e+00
5.564063787460327148e-02,5.534344911575317383e-02,4.512351751327514648e-02,6.902661323547363281e-01,1.335798978805541992e+00,1.087073564529418945e+00
4.438501596450805664e-02,3.950589895248413086e-02,2.936446666717529297e-02,1.574705362319946289e+00,1.262325525283813477e+00,2.721035957336425781e+00
6.255519390106201172e-02,6.901109218597412109e-02,5.396175384521484375e-02,1.302143096923828125e+00,1.529293060302734375e+00,3.049231052398681641e+00
5.037170648574829102e-02,4.949587583541870117e-02,4.188448190689086914e-02,1.055328845977783203e+00,1.058556318283081055e+00,3.072558403015136719e+00
1.904262900352478027e-01,2.194082736968994141e-01,2.123041749000549316e-01,1.413348913192749023e+00,1.991285920143127441e+00,3.048034429550170898e+00
6.037116050720214844e-02,6.463837623596191406e-02,4.102224111557006836e-02,1.348732709884643555e+00,1.441182732582092285e+00,2.490147590637207031e+00
7.632905244827270508e-02,8.634138107299804688e-02,7.136929035186767578e-02,1.295841455459594727e+00,1.387158751487731934e+00,4.120967864990234375e+00
5.713140964508056641e-02,6.790244579315185547e-02,5.058503150939941406e-02,1.574736833572387695e+00,1.806210517883300781e+00,4.125859260559082031e+00
4.502552747726440430e-02,4.542875289916992188e-02,3.526461124420166016e-02,1.306209325790405273e+00,1.380322694778442383e+00,3.117750167846679688e+00
1.508588790893554688e-01,1.530069708824157715e-01,1.262585520744323730e-01,1.515098094940185547e+00,1.561927556991577148e+00,3.251378059387207031e+00
6.378847360610961914e-02,6.304228305816650391e-02,5.037224292755126953e-02,1.260860919952392578e+00,1.386864423751831055e+00,2.671042203903198242e+00
5.752801895141601562e-02,7.212960720062255859e-02,5.402845144271850586e-02,1.581478834152221680e+00,1.473768234252929688e+00,4.555787086486816406e+00
4.645889997482299805e-02,4.299527406692504883e-02,3.674983978271484375e-02,1.108232617378234863e+00,1.205214500427246094e+00,2.710812807083129883e+00
6.095606088638305664e-02,5.112183094024658203e-02,5.097770690917968750e-02,1.542776584625244141e+00,1.553573012351989746e+00,3.202531814575195312e+00
6.169223785400390625e-02,6.176626682281494141e-02,4.749834537506103516e-02,1.245152950286865234e+00,1.177663326263427734e+00,1.645482063293457031e+00
4.875665903091430664e-02,4.406511783599853516e-02,3.617566823959350586e-02,1.237904071807861328e+00,9.294782280921936035e-01,1.408047080039978027e+00
5.624002218246459961e-02,5.732291936874389648e-02,4.607659578323364258e-02,8.340868949890136719e-01,1.064499020576477051e+00,1.895930290222167969e+00
5.017036199569702148e-02,5.031770467758178711e-02,4.493683576583862305e-02,1.235525131225585938e+00,1.338357567787170410e+00,2.229825735092163086e+00
3.753161430358886719e-02,3.411716222763061523e-02,3.253698348999023438e-02,1.100017547607421875e+00,1.033953666687011719e+00,2.557996034622192383e+00
6.370300054550170898e-02,6.410497426986694336e-02,5.362468957901000977e-02,9.460730552673339844e-01,1.344967961311340332e+00,2.511843681335449219e+00
4.149466753005981445e-02,4.380601644515991211e-02,3.456795215606689453e-02,1.349907875061035156e+00,1.282716989517211914e+00,2.967061519622802734e+00
2.510442137718200684e-01,2.347633838653564453e-01,2.540509700775146484e-01,2.151006460189819336e+00,1.556925058364868164e+00,4.863510131835937500e+00
5.235743522644042969e-02,4.508274793624877930e-02,4.258203506469726562e-02,1.342738866806030273e+00,1.539594054222106934e+00,4.544107437133789062e+00
5.315226316452026367e-02,5.572146177291870117e-02,3.325653076171875000e-02,1.184435963630676270e+00,1.450124144554138184e+00,2.960472345352172852e+00
1.803733706474304199e-01,1.680282354354858398e-01,1.454143524169921875e-01,1.335602998733520508e+00,1.280316114425659180e+00,2.159056186676025391e+00
8.400946855545043945e-02,7.962352037429809570e-02,7.052099704742431641e-02,1.485930204391479492e+00,1.500575304031372070e+00,2.541334629058837891e+00
6.471616029739379883e-02,5.512404441833496094e-02,4.806768894195556641e-02,8.519918918609619141e-01,8.940541148185729980e-01,2.082619667053222656e+00
1.012834310531616211e-01,9.085035324096679688e-02,8.045679330825805664e-02,1.415133833885192871e+00,1.445387005805969238e+00,1.461136221885681152e+00
1.081906557083129883e-01,9.776705503463745117e-02,9.316778182983398438e-02,1.031073331832885742e+00,1.149614095687866211e+00,1.127283811569213867e+00
8.723098039627075195e-02,6.830352544784545898e-02,6.297504901885986328e-02,1.416577219963073730e+00,1.146368980407714844e+00,1.482370734214782715e+00
7.474780082702636719e-02,9.034055471420288086e-02,6.988102197647094727e-02,1.723749876022338867e+00,1.812352657318115234e+00,5.150692939758300781e+00
3.270077705383300781e-02,3.996902704238891602e-02,2.378243207931518555e-02,2.242121458053588867e+00,2.277866125106811523e+00,5.221052169799804688e+00
7.172119617462158203e-02,7.397139072418212891e-02,6.173962354660034180e-02,1.279891490936279297e+00,1.442902207374572754e+00,2.998573064804077148e+00
6.658655405044555664e-02,6.268554925918579102e-02,5.089491605758666992e-02,1.155701875686645508e+00,1.451818227767944336e+00,3.434452772140502930e+00
2.103316783905029297e-01,2.089324593544006348e-01,1.804894208908081055e-01,6.250236511230468750e+00,3.013444662094116211e+00,6.003407478332519531e+00
9.995663166046142578e-02,1.113157868385314941e-01,1.001055836677551270e-01,1.022729873657226562e+00,1.123641729354858398e+00,1.779890060424804688e+00
1.626670360565185547e-01,1.294843554496765137e-01,1.159077286720275879e-01,1.623613595962524414e+00,1.417293906211853027e+00,2.107635021209716797e+00
1.751729249954223633e-01,1.608088016510009766e-01,1.382941603660583496e-01,1.067712306976318359e+00,1.134030818939208984e+00,1.521507263183593750e+00
7.037794589996337891e-02,6.591975688934326172e-02,4.626148939132690430e-02,1.381102681159973145e+00,1.430480718612670898e+00,2.425255060195922852e+00
6.046092510223388672e-02,6.152915954589843750e-02,5.139917135238647461e-02,1.322900772094726562e+00,1.330270528793334961e+00,2.481264114379882812e+00
7.682454586029052734e-02,7.662409543991088867e-02,6.230181455612182617e-02,1.363885760307312012e+00,1.638431072235107422e+00,4.219715595245361328e+00
9.963458776473999023e-02,9.371066093444824219e-02,7.998347282409667969e-02,1.330227255821228027e+00,1.505167007446289062e+00,4.159716606140136719e+00
9.213870763778686523e-02,9.676015377044677734e-02,7.600986957550048828e-02,1.530590772628784180e+00,1.705474376678466797e+00,4.064730644226074219e+00
4.610055685043334961e-02,4.900771379470825195e-02,3.883963823318481445e-02,1.545366525650024414e+00,1.411116600036621094e+00,3.982757806777954102e+00
7.566779851913452148e-02,7.222008705139160156e-02,6.338113546371459961e-02,1.250230193138122559e+00,1.661025762557983398e+00,3.117691755294799805e+00
5.119192600250244141e-02,4.947996139526367188e-02,4.167294502258300781e-02,1.176784873008728027e+00,1.229506969451904297e+00,2.969377040863037109e+00
5.699622631072998047e-02,4.889702796936035156e-02,4.503607749938964844e-02,9.657375812530517578e-01,8.923911452293395996e-01,1.367501258850097656e+00
9.185063838958740234e-02,8.343815803527832031e-02,7.429289817810058594e-02,1.578822612762451172e+00,1.714308500289916992e+00,2.127165317535400391e+00
5.908083915710449219e-02,7.042872905731201172e-02,5.252212285995483398e-02,1.234442353248596191e+00,1.239557504653930664e+00,3.481522321701049805e+00
8.772218227386474609e-02,1.054134964942932129e-01,6.612485647201538086e-02,1.988309025764465332e+00,1.358106374740600586e+00,6.378640174865722656e+00
7.825773954391479492e-02,1.078736186027526855e-01,7.345730066299438477e-02,1.475036859512329102e+00,1.707272052764892578e+00,4.664368629455566406e+00
8.400893211364746094e-02,9.268391132354736328e-02,6.796824932098388672e-02,1.375451087951660156e+00,1.323226451873779297e+00,4.238204479217529297e+00
6.706506013870239258e-02,6.491017341613769531e-02,4.957884550094604492e-02,1.259124755859375000e+00,1.489048004150390625e+00,5.442173480987548828e+00
4.259330034255981445e-02,3.844964504241943359e-02,2.992486953735351562e-02,1.498845219612121582e+00,1.446882605552673340e+00,2.828209400177001953e+00
6.021040678024291992e-02,6.568676233291625977e-02,4.710209369659423828e-02,3.050487995147705078e+00,3.310601234436035156e+00,3.278172016143798828e+00
1.064758300781250000e-01,1.067342162132263184e-01,9.356421232223510742e-02,9.395656585693359375e-01,8.700624704360961914e-01,1.168754696846008301e+00
5.215752124786376953e-02,4.063779115676879883e-02,4.105532169342041016e-02,1.442367196083068848e+00,1.309548497200012207e+00,1.447961926460266113e+00
5.452430248260498047e-02,5.984026193618774414e-02,4.907441139221191406e-02,1.022145867347717285e+00,7.783586382865905762e-01,1.045453548431396484e+00
7.901662588119506836e-02,7.149231433868408203e-02,6.292086839675903320e-02,1.325562000274658203e+00,1.500251293182373047e+00,2.356282472610473633e+00
7.283163070678710938e-02,6.974172592163085938e-02,6.259381771087646484e-02,1.927372217178344727e+00,1.486658334732055664e+00,4.137753486633300781e+00
2.739098668098449707e-01,2.605254650115966797e-01,2.835345268249511719e-01,1.693005084991455078e+00,1.504675149917602539e+00,5.490112304687500000e+00
9.648925065994262695e-02,9.926694631576538086e-02,7.564544677734375000e-02,1.481515169143676758e+00,2.065911293029785156e+00,4.247014999389648438e+00
5.888879299163818359e-02,6.256002187728881836e-02,5.224049091339111328e-02,1.002743124961853027e+00,1.024895191192626953e+00,2.943475008010864258e+00
1.974699497222900391e-01,1.690818071365356445e-01,1.695097088813781738e-01,1.364073753356933594e+00,1.985262036323547363e+00,3.874041080474853516e+00
5.574810504913330078e-02,5.295127630233764648e-02,4.527157545089721680e-02,1.219433784484863281e+00,1.222187161445617676e+00,3.102461814880371094e+00
4.687500000000000000e-02,4.368817806243896484e-02,3.857266902923583984e-02,1.060850143432617188e+00,1.099738597869873047e+00,1.897882461547851562e+00
7.507288455963134766e-02,7.069301605224609375e-02,6.387770175933837891e-02,9.944971203804016113e-01,1.164126992225646973e+00,1.289752721786499023e+00
1.000103235244750977e+00,7.995074987411499023e-01,9.145241975784301758e-01,1.507555723190307617e+00,1.964445352554321289e+00,3.321935653686523438e+00
5.534040927886962891e-02,7.075756788253784180e-02,5.219238996505737305e-02,1.635766983032226562e+00,1.436351537704467773e+00,5.412387847900390625e+00
4.362291097640991211e-02,5.739337205886840820e-02,3.486889600753784180e-02,2.141853809356689453e+00,2.157166242599487305e+00,5.115675449371337891e+00
1.160035729408264160e-01,1.137369275093078613e-01,8.716177940368652344e-02,1.623293399810791016e+00,2.112431049346923828e+00,4.113174438476562500e+00
7.766157388687133789e-02,7.474386692047119141e-02,5.480504035949707031e-02,1.502213478088378906e+00,1.478830575942993164e+00,2.203650951385498047e+00
4.678612947463989258e-02,3.852671384811401367e-02,2.885270118713378906e-02,1.234642267227172852e+00,1.151433467864990234e+00,1.996755480766296387e+00
5.806821584701538086e-02,5.223172903060913086e-02,4.959923028945922852e-02,1.994405746459960938e+00,2.987574100494384766e+00,3.313521385192871094e+00
4.806107282638549805e-02,4.651343822479248047e-02,3.904366493225097656e-02,1.041138410568237305e+00,9.771723747253417969e-01,1.770845651626586914e+00
7.912641763687133789e-02,6.828278303146362305e-02,5.957293510437011719e-02,1.370740413665771484e+00,1.257422804832458496e+00,1.390899658203125000e+00
6.958919763565063477e-02,7.161945104598999023e-02,6.122785806655883789e-02,1.089972972869873047e+00,1.557399511337280273e+00,1.264578223228454590e+00
1.092914342880249023e-01,9.001386165618896484e-02,6.696510314941406250e-02,2.048048496246337891e+00,1.663105845451354980e+00,3.111401796340942383e+00
6.408709287643432617e-02,5.944454669952392578e-02,5.396980047225952148e-02,1.302532672882080078e+00,1.259351849555969238e+00,3.343374252319335938e+00
6.757754087448120117e-02,6.062382459640502930e-02,5.291372537612915039e-02,1.356756806373596191e+00,1.502357482910156250e+00,3.829935550689697266e+00
6.161409616470336914e-02,6.385982036590576172e-02,4.984438419342041016e-02,1.415869832038879395e+00,1.437803268432617188e+00,3.021173477172851562e+00
6.636160612106323242e-02,7.159996032714843750e-02,5.743074417114257812e-02,1.135346531867980957e+00,1.080199718475341797e+00,4.002506256103515625e+00
5.457937717437744141e-02,5.636787414550781250e-02,4.974782466888427734e-02,1.426666259765625000e+00,1.426085710525512695e+00,2.736053705215454102e+00
5.266231298446655273e-02,5.221349000930786133e-02,4.500675201416015625e-02,1.361330270767211914e+00,1.547412633895874023e+00,3.956076622009277344e+00
4.533416032791137695e-02,4.399126768112182617e-02,3.458976745605468750e-02,1.246805548667907715e+00,1.085342645645141602e+00,2.563654661178588867e+00
3.988605737686157227e-02,2.958959341049194336e-02,2.852529287338256836e-02,1.456118345260620117e+00,1.092584252357482910e+00,1.694365024566650391e+00
6.945329904556274414e-02,6.819659471511840820e-02,6.763440370559692383e-02,1.289012432098388672e+00,1.237441778182983398e+00,1.786689519882202148e+00
5.809432268142700195e-02,8.536398410797119141e-02,4.493343830108642578e-02,1.496685147285461426e+00,1.716308593750000000e+00,4.555150985717773438e+00
5.578351020812988281e-02,5.625092983245849609e-02,4.588687419891357422e-02,1.252810478210449219e+00,1.540187358856201172e+00,4.275017738342285156e+00
5.409049987792968750e-02,6.079012155532836914e-02,4.541158676147460938e-02,1.521673917770385742e+00,1.330718278884887695e+00,5.020501613616943359e+00
9.978604316711425781e-02,8.640092611312866211e-02,8.219003677368164062e-02,1.213106274604797363e+00,2.157336473464965820e+00,2.900821208953857422e+00
6.384623050689697266e-02,6.296968460083007812e-02,5.049043893814086914e-02,1.341594099998474121e+00,1.637665033340454102e+00,3.061242580413818359e+00
6.875592470169067383e-02,6.183940172195434570e-02,5.214804410934448242e-02,1.351634979248046875e+00,1.329509496688842773e+00,3.116662502288818359e+00
6.142741441726684570e-02,5.914109945297241211e-02,4.884123802185058594e-02,1.243798613548278809e+00,1.444528341293334961e+00,2.440181970596313477e+00
3.671067953109741211e-02,2.988070249557495117e-02,2.816337347030639648e-02,8.956285715103149414e-01,1.079640150070190430e+00,1.804536581039428711e+00
6.696152687072753906e-02,5.452591180801391602e-02,4.527568817138671875e-02,1.105394840240478516e+00,1.037886857986450195e+00,1.696127057075500488e+00
8.771771192550659180e-02,6.837880611419677734e-02,5.438625812530517578e-02,1.332786440849304199e+00,1.080619454383850098e+00,1.660864830017089844e+00
5.979824066162109375e-02,5.317193269729614258e-02,4.212123155593872070e-02,1.277810811996459961e+00,1.186415433883666992e+00,1.402658343315124512e+00
5.213642120361328125e-02,5.238640308380126953e-02,4.305660724639892578e-02,9.998697638511657715e-01,9.482318758964538574e-01,1.508544921875000000e+00
7.082283496856689453e-02,6.331229209899902344e-02,5.701339244842529297e-02,1.221608877182006836e+00,1.103431463241577148e+00,1.350380301475524902e+00
8.409297466278076172e-02,7.331997156143188477e-02,6.000119447708129883e-02,1.578975915908813477e+00,1.540060758590698242e+00,2.167039394378662109e+00
7.745057344436645508e-02,8.028924465179443359e-02,6.716054677963256836e-02,1.451351165771484375e+00,1.625795125961303711e+00,3.155305862426757812e+00
4.954022169113159180e-02,7.030570507049560547e-02,4.453164339065551758e-02,2.261337280273437500e+00,1.814619898796081543e+00,6.387572288513183594e+00
4.688537120819091797e-02,5.165219306945800781e-02,4.280036687850952148e-02,2.068120956420898438e+00,1.208148121833801270e+00,4.174886226654052734e+00
6.062668561935424805e-02,5.522310733795166016e-02,5.094927549362182617e-02,1.145817041397094727e+00,1.128681063652038574e+00,2.903071165084838867e+00
1.120873689651489258e-01,1.122100353240966797e-01,7.371854782104492188e-02,1.183928728103637695e+00,8.364105820655822754e-01,2.202463865280151367e+00
9.293067455291748047e-02,8.174496889114379883e-02,6.731218099594116211e-02,1.049701094627380371e+00,1.106508851051330566e+00,1.778913974761962891e+00
4.948854446411132812e-02,4.970687627792358398e-02,4.120767116546630859e-02,1.121789932250976562e+00,1.268798828125000000e+00,1.878316998481750488e+00
4.848182201385498047e-02,4.157263040542602539e-02,3.950124979019165039e-02,1.116134762763977051e+00,1.547649621963500977e+00,1.749729633331298828e+00
5.976998805999755859e-02,5.671960115432739258e-02,4.595947265625000000e-02,1.228026151657104492e+00,1.235651493072509766e+00,1.567158579826354980e+00
7.239121198654174805e-02,5.124735832214355469e-02,6.020772457122802734e-02,9.706687331199645996e-01,9.354815483093261719e-01,8.617470860481262207e-01
5.637699365615844727e-02,3.580784797668457031e-02,3.751033544540405273e-02,8.916639089584350586e-01,7.541323900222778320e-01,4.797665476799011230e-01
9.199762344360351562e-02,8.721292018890380859e-02,7.148516178131103516e-02,1.387056112289428711e+00,1.228924751281738281e+00,1.428180456161499023e+00
4.961514472961425781e-02,4.524904489517211914e-02,3.893262147903442383e-02,9.845101833343505859e-01,1.108800172805786133e+00,1.614488363265991211e+00
4.483526945114135742e-02,4.435372352600097656e-02,3.780555725097656250e-02,1.243113398551940918e+00,1.601483583450317383e+00,3.477137565612792969e+00
6.917560100555419922e-02,7.129794359207153320e-02,5.613917112350463867e-02,1.398211240768432617e+00,1.615568518638610840e+00,3.287458419799804688e+00
1.194464564323425293e-01,1.229318976402282715e-01,9.569478034973144531e-02,1.418429374694824219e+00,1.796598672866821289e+00,3.019543647766113281e+00
5.091172456741333008e-02,6.280660629272460938e-02,4.838776588439941406e-02,1.919094324111938477e+00,1.663709163665771484e+00,5.153625488281250000e+00
4.413592815399169922e-02,4.559522867202758789e-02,3.345000743865966797e-02,1.164162158966064453e+00,1.419354200363159180e+00,3.077831745147705078e+00
5.014389753341674805e-02,4.826241731643676758e-02,4.214447736740112305e-02,1.251893877983093262e+00,1.425143480300903320e+00,1.870901823043823242e+00
2.830342054367065430e-01,2.412866950035095215e-01,3.004893064498901367e-01,1.304951190948486328e+00,1.547709465026855469e+00,1.589044690132141113e+00
1.730597019195556641e-01,1.408544182777404785e-01,1.206191182136535645e-01,1.593942046165466309e+00,1.331316471099853516e+00,2.025997400283813477e+00
1.383486986160278320e-01,1.419500112533569336e-01,2.253432869911193848e-01,1.419890165328979492e+00,9.741053581237792969e-01,2.389283895492553711e+00
5.100113153457641602e-02,3.549796342849731445e-02,4.274332523345947266e-02,1.274750947952270508e+00,1.000367045402526855e+00,1.039835929870605469e+00
4.500031471252441406e-02,3.051978349685668945e-02,4.139453172683715820e-02,1.278149127960205078e+00,8.349686264991760254e-01,2.684155225753784180e+00
4.473781585693359375e-02,3.019165992736816406e-02,3.807127475738525391e-02,8.177645802497863770e-01,6.973727345466613770e-01,9.546350240707397461e-01
4.575562477111816406e-02,3.297901153564453125e-02,4.689985513687133789e-02,7.217999696731567383e-01,7.125996351242065430e-01,8.548797369003295898e-01
5.348592996597290039e-02,3.871035575866699219e-02,5.441004037857055664e-02,6.890518069267272949e-01,5.652059912681579590e-01,6.459859013557434082e-01
4.347628355026245117e-02,3.029751777648925781e-02,4.544842243194580078e-02,5.596246719360351562e-01,4.299473762512207031e-01,4.499035477638244629e-01
5.297344923019409180e-02,4.008167982101440430e-02,4.029393196105957031e-02,9.767355322837829590e-01,7.309834957122802734e-01,8.134953975677490234e-01
1.232128143310546875e-01,1.002060770988464355e-01,1.143102049827575684e-01,1.793490409851074219e+00,1.733489751815795898e+00,1.527241230010986328e+00
7.524275779724121094e-02,6.345194578170776367e-02,5.727338790893554688e-02,1.034568428993225098e+00,1.207047462463378906e+00,1.151504158973693848e+00
4.785150289535522461e-02,4.603564739227294922e-02,3.690630197525024414e-02,9.202936291694641113e-01,1.141275882720947266e+00,1.119906306266784668e+00
6.742340326309204102e-02,6.177306175231933594e-02,5.240803956985473633e-02,1.346826195716857910e+00,1.206112861633300781e+00,1.447063207626342773e+00
6.017518043518066406e-02,5.914664268493652344e-02,4.754287004470825195e-02,1.290565490722656250e+00,1.162043094635009766e+00,2.064791440963745117e+00
6.506860256195068359e-02,5.483686923980712891e-02,4.800778627395629883e-02,1.183113574981689453e+00,1.211249828338623047e+00,1.669148683547973633e+00
6.652808189392089844e-02,6.577742099761962891e-02,4.679363965988159180e-02,1.264800310134887695e+00,1.445237874984741211e+00,1.827342867851257324e+00
4.946672916412353516e-02,5.354386568069458008e-02,4.272705316543579102e-02,1.281265258789062500e+00,1.483213305473327637e+00,3.067373752593994141e+00
5.694633722305297852e-02,6.574898958206176758e-02,4.436177015304565430e-02,1.310915708541870117e+00,1.609358310699462891e+00,3.280087471008300781e+00
5.037653446197509766e-02,6.459134817123413086e-02,4.316586256027221680e-02,2.031130552291870117e+00,2.232218503952026367e+00,6.648110389709472656e+00
4.724264144897460938e-02,5.232918262481689453e-02,3.869247436523437500e-02,1.107054471969604492e+00,1.223816514015197754e+00,3.627671241760253906e+00
1.581872105598449707e-01,1.485330462455749512e-01,1.422843933105468750e-01,1.307776451110839844e+00,1.545336723327636719e+00,2.980100631713867188e+00
8.852183818817138672e-02,8.633297681808471680e-02,6.392848491668701172e-02,8.672701120376586914e-01,1.240953207015991211e+00,1.183159112930297852e+00
4.906725883483886719e-02,4.519325494766235352e-02,3.595823049545288086e-02,1.356639504432678223e+00,1.443131446838378906e+00,2.813857078552246094e+00
5.895674228668212891e-02,5.588203668594360352e-02,4.393386840820312500e-02,1.367367267608642578e+00,1.428976058959960938e+00,2.372908115386962891e+00
5.541765689849853516e-02,5.681329965591430664e-02,4.411768913269042969e-02,1.298431277275085449e+00,1.536337852478027344e+00,2.901134967803955078e+00
4.995828866958618164e-02,4.994362592697143555e-02,4.431438446044921875e-02,1.130087614059448242e+00,1.322143435478210449e+00,3.340644836425781250e+00
4.249209165573120117e-02,4.305857419967651367e-02,3.478968143463134766e-02,1.187637567520141602e+00,1.300276994705200195e+00,2.852619171142578125e+00
3.033522963523864746e-01,2.768322229385375977e-01,2.712684273719787598e-01,1.307421684265136719e+00,1.521591067314147949e+00,4.965787887573242188e+00
5.748689174652099609e-02,5.488514900207519531e-02,4.651308059692382812e-02,1.053374290466308594e+00,1.533640146255493164e+00,3.489609003067016602e+00
8.323895931243896484e-02,8.866667747497558594e-02,7.020825147628784180e-02,1.522163391113281250e+00,1.308773875236511230e+00,3.896771907806396484e+00
6.975334882736206055e-02,6.302422285079956055e-02,4.942828416824340820e-02,1.122297406196594238e+00,1.334745168685913086e+00,2.352281332015991211e+00
5.669170618057250977e-02,5.386197566986083984e-02,3.782200813293457031e-02,1.380398869514465332e+00,1.423265218734741211e+00,2.540805101394653320e+00
9.751760959625244141e-02,9.356367588043212891e-02,8.473044633865356445e-02,1.342542409896850586e+00,1.412906169891357422e+00,1.854384183883666992e+00
6.127238273620605469e-02,5.804407596588134766e-02,4.887843132019042969e-02,2.831037759780883789e+00,2.799000740051269531e+00,4.025076866149902344e+00
7.538527250289916992e-02,5.819141864776611328e-02,4.667079448699951172e-02,9.511159658432006836e-01,7.610635757446289062e-01,5.890524387359619141e-01
7.305729389190673828e-02,5.737531185150146484e-02,5.552244186401367188e-02,1.202558755874633789e+00,1.170902729034423828e+00,1.149396300315856934e+00
7.158082723617553711e-02,6.256449222564697266e-02,5.185639858245849609e-02,1.256170272827148438e+00,1.549652814865112305e+00,1.914497494697570801e+00
5.323308706283569336e-02,4.963445663452148438e-02,4.080247879028320312e-02,1.335477232933044434e+00,1.256474018096923828e+00,2.495469093322753906e+00
7.409155368804931641e-02,7.223045825958251953e-02,5.936121940612792969e-02,1.391802191734313965e+00,1.132257342338562012e+00,3.805896520614624023e+00
5.985492467880249023e-02,6.092709302902221680e-02,4.984760284423828125e-02,1.408554553985595703e+00,1.496214151382446289e+00,4.480653762817382812e+00
6.284719705581665039e-02,5.852240324020385742e-02,5.290246009826660156e-02,1.153532266616821289e+00,1.267527103424072266e+00,2.864543676376342773e+00
3.873199224472045898e-02,3.937697410583496094e-02,3.182333707809448242e-02,5.474904060363769531e+00,3.976662635803222656e+00,4.312366962432861328e+00
2.000763416290283203e-01,1.865141987800598145e-01,1.884723901748657227e-01,1.463798284530639648e+00,1.348764538764953613e+00,4.391556739807128906e+00
5.057054758071899414e-02,4.967504739761352539e-02,4.448926448822021484e-02,1.205848574638366699e+00,1.267609477043151855e+00,3.058103084564208984e+00
4.429847002029418945e-02,4.134750366210937500e-02,3.690826892852783203e-02,8.300385475158691406e-01,8.025087118148803711e-01,7.851887941360473633e-01
8.180630207061767578e-02,7.215052843093872070e-02,6.337988376617431641e-02,1.749890804290771484e+00,1.567268848419189453e+00,2.020221710205078125e+00
1.258113384246826172e-01,1.189493536949157715e-01,1.092989444732666016e-01,1.250631451606750488e+00,1.153928518295288086e+00,3.184464931488037109e+00
4.808145761489868164e-02,4.855602979660034180e-02,4.029661417007446289e-02,1.277886629104614258e+00,1.332564353942871094e+00,3.425268173217773438e+00
6.140309572219848633e-02,6.476694345474243164e-02,5.117297172546386719e-02,1.658080816268920898e+00,1.496468067169189453e+00,3.980440378189086914e+00
5.074650049209594727e-02,6.089884042739868164e-02,4.430794715881347656e-02,1.290094971656799316e+00,1.403556108474731445e+00,3.809736728668212891e+00
8.199566602706909180e-02,8.474779129028320312e-02,7.128757238388061523e-02,1.215410470962524414e+00,1.498800158500671387e+00,2.901826381683349609e+00
5.883747339248657227e-02,5.391383171081542969e-02,4.412966966629028320e-02,1.160044193267822266e+00,1.105614900588989258e+00,3.195265531539916992e+00
7.874894142150878906e-02,6.973725557327270508e-02,5.870658159255981445e-02,1.297663927078247070e+00,1.524204015731811523e+00,2.679464578628540039e+00
6.799095869064331055e-02,6.251960992813110352e-02,5.199605226516723633e-02,1.186274528503417969e+00,1.261934995651245117e+00,2.155742883682250977e+00
6.832534074783325195e-02,5.976766347885131836e-02,5.638432502746582031e-02,1.124967813491821289e+00,1.275969743728637695e+00,1.107675790786743164e+00
6.622982025146484375e-02,5.525189638137817383e-02,4.590046405792236328e-02,8.156844377517700195e-01,8.327747583389282227e-01,2.110640525817871094e+00
8.988511562347412109e-02,8.063364028930664062e-02,6.882619857788085938e-02,1.057471513748168945e+00,9.913601875305175781e-01,1.189635515213012695e+00
4.753339290618896484e-02,4.391509294509887695e-02,3.688734769821166992e-02,1.217682600021362305e+00,1.127451896667480469e+00,2.209856271743774414e+00
7.006877660751342773e-02,5.898070335388183594e-02,4.988104104995727539e-02,1.048960208892822266e+00,1.045829415321350098e+00,1.733190774917602539e+00
5.542123317718505859e-02,4.865419864654541016e-02,4.320806264877319336e-02,8.726516962051391602e-01,1.114892482757568359e+00,1.484198093414306641e+00
6.433510780334472656e-02,5.609822273254394531e-02,4.992806911468505859e-02,1.223988890647888184e+00,1.215529203414916992e+00,2.068999528884887695e+00
5.957615375518798828e-02,6.553781032562255859e-02,4.391062259674072266e-02,1.371395587921142578e+00,1.846083164215087891e+00,3.638862609863281250e+00
5.874699354171752930e-02,6.807374954223632812e-02,5.288439989089965820e-02,1.557539463043212891e+00,1.394768357276916504e+00,5.271412849426269531e+00
6.801331043243408203e-02,7.421243190765380859e-02,6.683421134948730469e-02,1.424586653709411621e+00,1.238389134407043457e+00,4.249541759490966797e+00
6.584483385086059570e-02,5.864685773849487305e-02,4.953289031982421875e-02,2.239754199981689453e+00,2.667344570159912109e+00,3.547738075256347656e+00
5.539673566818237305e-02,5.113631486892700195e-02,4.415738582611083984e-02,1.018246650695800781e+00,1.113491773605346680e+00,1.550180912017822266e+00
6.732308864593505859e-02,6.284934282302856445e-02,5.250120162963867188e-02,1.047672986984252930e+00,8.291112184524536133e-01,1.147142529487609863e+00
4.670745134353637695e-02,4.076421260833740234e-02,3.131729364395141602e-02,1.251438140869140625e+00,1.324956893920898438e+00,2.234779596328735352e+00
8.252888917922973633e-02,7.322448492050170898e-02,6.223762035369873047e-02,1.204071164131164551e+00,1.195246338844299316e+00,2.531204938888549805e+00
6.064295768737792969e-02,6.011635065078735352e-02,4.464089870452880859e-02,1.153627038002014160e+00,1.443331360816955566e+00,1.744066953659057617e+00
4.723495244979858398e-02,4.690343141555786133e-02,4.082375764846801758e-02,7.757542133331298828e-01,9.044641256332397461e-01,1.265349626541137695e+00
6.824505329132080078e-02,7.683330774307250977e-02,6.221598386764526367e-02,1.216450452804565430e+00,1.453728318214416504e+00,3.382009029388427734e+00
8.817976713180541992e-02,9.739744663238525391e-02,6.400233507156372070e-02,1.994585752487182617e+00,1.613743543624877930e+00,5.721661567687988281e+00
4.645138978958129883e-02,5.255556106567382812e-02,3.737300634384155273e-02,1.279110789299011230e+00,1.350296616554260254e+00,3.840925455093383789e+00
7.769322395324707031e-02,7.285666465759277344e-02,6.403434276580810547e-02,1.162879705429077148e+00,1.242233633995056152e+00,2.495549201965332031e+00
4.766535758972167969e-02,4.460978507995605469e-02,3.520220518112182617e-02,1.115109086036682129e+00,1.313256502151489258e+00,1.660714626312255859e+00
6.467002630233764648e-02,5.464285612106323242e-02,4.799562692642211914e-02,1.232922792434692383e+00,1.194745302200317383e+00,2.078602552413940430e+00
4.989606142044067383e-02,4.557824134826660156e-02,3.615188598632812500e-02,1.193672418594360352e+00,1.192882776260375977e+00,1.535984277725219727e+00
5.740714073181152344e-02,4.813849925994873047e-02,4.057806730270385742e-02,6.461416482925415039e-01,7.068026661872863770e-01,7.258890867233276367e-01
1.390230059623718262e-01,1.310400366783142090e-01,1.088810563087463379e-01,6.990108489990234375e-01,6.512212157249450684e-01,2.024128913879394531e+00
7.535773515701293945e-02,6.576079130172729492e-02,5.270683765411376953e-02,1.056162357330322266e+00,1.251147866249084473e+00,1.140759944915771484e+00
6.645262241363525391e-02,6.696939468383789062e-02,5.799615383148193359e-02,7.220984101295471191e-01,8.948369622230529785e-01,8.935550451278686523e-01
1.425552964210510254e-01,1.332905888557434082e-01,1.303678750991821289e-01,1.311140775680541992e+00,1.421751976013183594e+00,2.259383678436279297e+00
5.651414394378662109e-02,5.015820264816284180e-02,4.267197847366333008e-02,1.355681419372558594e+00,1.196696877479553223e+00,3.122282981872558594e+00
6.102561950683593750e-02,6.309878826141357422e-02,5.071556568145751953e-02,1.396030187606811523e+00,1.178060173988342285e+00,2.935570240020751953e+00
7.614791393280029297e-02,8.298146724700927734e-02,6.778728961944580078e-02,4.232006549835205078e+00,3.027909755706787109e+00,5.883436203002929688e+00
4.275763034820556641e-02,4.328191280364990234e-02,3.760313987731933594e-02,1.412054300308227539e+00,1.503548622131347656e+00,3.603967666625976562e+00
4.642385244369506836e-02,4.997205734252929688e-02,4.265928268432617188e-02,1.304303169250488281e+00,1.520801305770874023e+00,3.022335290908813477e+00
7.095032930374145508e-02,6.693631410598754883e-02,4.541462659835815430e-02,2.085412263870239258e+00,1.776479959487915039e+00,4.144587516784667969e+00
6.996649503707885742e-02,6.312954425811767578e-02,5.235493183135986328e-02,1.280786275863647461e+00,1.503859996795654297e+00,1.906692028045654297e+00
5.475193262100219727e-02,5.562454462051391602e-02,4.226589202880859375e-02,1.295543670654296875e+00,1.239331126213073730e+00,3.022539615631103516e+00
4.365366697311401367e-02,4.190540313720703125e-02,3.482311964035034180e-02,1.344386100769042969e+00,1.247944951057434082e+00,3.144860029220581055e+00
4.877221584320068359e-02,5.135893821716308594e-02,4.257899522781372070e-02,1.466168761253356934e+00,1.447625041007995605e+00,2.653795719146728516e+00
5.418795347213745117e-02,4.955434799194335938e-02,4.438734054565429688e-02,1.525409936904907227e+00,2.618748188018798828e+00,2.781983852386474609e+00
5.053889751434326172e-02,5.354404449462890625e-02,4.406529664993286133e-02,1.521120548248291016e+00,1.851083755493164062e+00,2.170123338699340820e+00
6.631743907928466797e-02,6.599056720733642578e-02,5.189001560211181641e-02,1.382745027542114258e+00,1.363996267318725586e+00,2.597256422042846680e+00
6.146550178527832031e-02,5.619657039642333984e-02,4.936623573303222656e-02,1.207574129104614258e+00,1.234936594963073730e+00,2.772225379943847656e+00
5.131065845489501953e-02,4.974353313446044922e-02,3.815549612045288086e-02,9.354779720306396484e-01,1.150424003601074219e+00,2.483276844024658203e+00
4.868477582931518555e-02,4.940861463546752930e-02,3.743934631347656250e-02,1.260824203491210938e+00,1.399671792984008789e+00,3.017184257507324219e+00
9.536916017532348633e-02,9.702193737030029297e-02,7.266211509704589844e-02,1.337062954902648926e+00,1.591945886611938477e+00,2.944442033767700195e+00
5.468094348907470703e-02,5.329102277755737305e-02,4.199498891830444336e-02,1.264936566352844238e+00,1.141899704933166504e+00,2.201251029968261719e+00
5.412197113037109375e-02,5.085700750350952148e-02,3.977483510971069336e-02,1.345250844955444336e+00,1.352292299270629883e+00,2.535057067871093750e+00
6.143939495086669922e-02,6.518214941024780273e-02,4.894191026687622070e-02,1.137639284133911133e+00,1.341961860656738281e+00,2.954597473144531250e+00
5.856424570083618164e-02,5.007988214492797852e-02,4.408389329910278320e-02,1.541297435760498047e+00,1.162667155265808105e+00,2.888124942779541016e+00
4.411894083023071289e-02,4.356783628463745117e-02,3.976660966873168945e-02,1.129257202148437500e+00,1.122698307037353516e+00,2.279627561569213867e+00
8.061736822128295898e-02,6.982719898223876953e-02,6.406491994857788086e-02,1.397993445396423340e+00,1.023538589477539062e+00,2.661511898040771484e+00
5.221045017242431641e-02,5.538117885589599609e-02,4.389470815658569336e-02,1.416924476623535156e+00,1.609216928482055664e+00,3.214882373809814453e+00
6.451016664505004883e-02,6.877398490905761719e-02,5.687820911407470703e-02,1.343082904815673828e+00,1.771109104156494141e+00,4.270156860351562500e+00
4.100489616394042969e-02,3.550368547439575195e-02,3.374630212783813477e-02,9.322267770767211914e-01,1.521146297454833984e+00,2.449794769287109375e+00
7.422316074371337891e-02,7.472079992294311523e-02,5.922961235046386719e-02,1.117903947830200195e+00,1.731832504272460938e+00,1.850644111633300781e+00
6.396389007568359375e-02,5.886107683181762695e-02,5.259776115417480469e-02,1.403577566146850586e+00,1.643814086914062500e+00,3.336145162582397461e+00
4.995024204254150391e-02,4.426592588424682617e-02,3.742861747741699219e-02,1.283947467803955078e+00,1.085927367210388184e+00,3.063233852386474609e+00
5.268859863281250000e-02,4.760921001434326172e-02,4.306232929229736328e-02,1.230107784271240234e+00,1.194608330726623535e+00,3.156060695648193359e+00
7.601165771484375000e-02,8.339184522628784180e-02,6.111466884613037109e-02,1.365203976631164551e+00,1.715147018432617188e+00,2.265593051910400391e+00
4.885071516036987305e-02,5.469238758087158203e-02,3.662824630737304688e-02,9.337524175643920898e-01,8.731471896171569824e-01,1.278616547584533691e+00
7.547181844711303711e-02,7.338917255401611328e-02,6.075972318649291992e-02,1.231577873229980469e+00,1.108490467071533203e+00,2.656381845474243164e+00
3.906494379043579102e-02,3.610342741012573242e-02,3.146177530288696289e-02,1.214610099792480469e+00,1.386390924453735352e+00,2.156886100769042969e+00
5.839920043945312500e-02,6.178557872772216797e-02,4.569196701049804688e-02,1.397066354751586914e+00,1.855441689491271973e+00,3.861866712570190430e+00
4.869568347930908203e-02,5.223262310028076172e-02,4.398053884506225586e-02,1.326810121536254883e+00,1.395968198776245117e+00,2.591945171356201172e+00
2.908372879028320312e-02,3.209584951400756836e-02,2.507561445236206055e-02,1.227337360382080078e+00,1.199642419815063477e+00,2.114011287689208984e+00
6.462639570236206055e-02,6.568640470504760742e-02,4.971617460250854492e-02,1.710403680801391602e+00,7.260008454322814941e-01,1.237089157104492188e+00
8.466982841491699219e-02,8.577007055282592773e-02,7.621747255325317383e-02,1.630516529083251953e+00,1.445508241653442383e+00,4.707716464996337891e+00
4.668420553207397461e-02,4.194277524948120117e-02,3.625184297561645508e-02,1.198278665542602539e+00,1.037495970726013184e+00,2.802036285400390625e+00
1.911506652832031250e-01,1.611186861991882324e-01,1.790767908096313477e-01,1.315534114837646484e+00,1.483483672142028809e+00,3.202860355377197266e+00
7.782053947448730469e-02,6.280177831649780273e-02,5.248099565505981445e-02,1.182738065719604492e+00,1.249818325042724609e+00,1.808804750442504883e+00
5.852830410003662109e-02,5.769306421279907227e-02,4.612165689468383789e-02,1.039771556854248047e+00,9.110280275344848633e-01,1.005320191383361816e+00
4.798167943954467773e-02,4.361504316329956055e-02,3.530520200729370117e-02,1.241717576980590820e+00,1.165930867195129395e+00,2.501720905303955078e+00
3.684210777282714844e-02,3.480237722396850586e-02,3.301584720611572266e-02,1.165790677070617676e+00,1.311354517936706543e+00,1.699546813964843750e+00
5.948799848556518555e-02,6.073093414306640625e-02,5.031484365463256836e-02,8.147578239440917969e-01,9.201325178146362305e-01,1.299440145492553711e+00
5.144888162612915039e-02,4.585772752761840820e-02,3.551477193832397461e-02,1.082132935523986816e+00,1.180361509323120117e+00,2.179476261138916016e+00
5.671960115432739258e-02,5.339062213897705078e-02,4.451411962509155273e-02,1.057998776435852051e+00,1.131835460662841797e+00,2.227149486541748047e+00
3.687036037445068359e-02,3.552263975143432617e-02,3.269076347351074219e-02,1.531893014907836914e+00,2.171982526779174805e+00,5.940710067749023438e+00
1.050564050674438477e-01,7.965445518493652344e-02,7.330137491226196289e-02,1.398736953735351562e+00,1.512633562088012695e+00,2.375317573547363281e+00
1.055302619934082031e-01,8.119243383407592773e-02,9.601485729217529297e-02,1.151887893676757812e+00,1.377596497535705566e+00,1.210262775421142578e+00
8.677142858505249023e-02,5.704396963119506836e-02,8.709472417831420898e-02,8.884198665618896484e-01,9.478161334991455078e-01,1.242521524429321289e+00
5.182921886444091797e-02,4.009222984313964844e-02,4.786401987075805664e-02,8.290822505950927734e-01,4.644985198974609375e-01,4.791154861450195312e-01
4.520165920257568359e-02,3.145515918731689453e-02,4.076296091079711914e-02,1.812307834625244141e+00,1.058319330215454102e+00,1.133008003234863281e+00
5.536168813705444336e-02,3.811490535736083984e-02,6.069874763488769531e-02,5.822110176086425781e-01,5.497282147407531738e-01,4.634647965431213379e-01
3.762495517730712891e-02,2.413809299468994141e-02,3.606927394866943359e-02,7.631846666336059570e-01,8.578280210494995117e-01,8.176488876342773438e-01
5.989551544189453125e-02,5.062991380691528320e-02,6.635910272598266602e-02,1.424934148788452148e+00,1.493685722351074219e+00,1.132168650627136230e+00
6.964373588562011719e-02,4.034668207168579102e-02,6.507825851440429688e-02,1.580671906471252441e+00,1.416682004928588867e+00,1.349140763282775879e+00
1.429045200347900391e-01,1.943596601486206055e-01,3.128095865249633789e-01,1.775969266891479492e+00,2.972105979919433594e+00,3.998307704925537109e+00
1.115117669105529785e-01,7.934600114822387695e-02,9.369921684265136719e-02,2.131367444992065430e+00,1.956530094146728516e+00,1.779669642448425293e+00
4.857730865478515625e-02,4.026532173156738281e-02,3.853815793991088867e-02,1.180361151695251465e+00,9.726685881614685059e-01,1.497335433959960938e+00
6.107407808303833008e-02,4.129332304000854492e-02,5.107766389846801758e-02,1.454672813415527344e+00,1.393838167190551758e+00,1.277224302291870117e+00
7.071286439895629883e-02,4.616439342498779297e-02,6.652683019638061523e-02,1.467567443847656250e+00,1.174205303192138672e+00,9.690978527069091797e-01
6.736671924591064453e-02,5.089992284774780273e-02,7.356601953506469727e-02,6.414513587951660156e-01,6.046897172927856445e-01,4.099082350730895996e-01
8.213514089584350586e-02,4.896694421768188477e-02,6.291496753692626953e-02,1.390865206718444824e+00,1.069669961929321289e+00,1.361005306243896484e+00
2.134716510772705078e-01,1.679306030273437500e-01,2.024745941162109375e-01,9.568090438842773438e-01,1.263235688209533691e+00,1.217260122299194336e+00
2.939021587371826172e-02,1.436787843704223633e-02,2.191132307052612305e-02,2.324598312377929688e+00,2.190352439880371094e+00,2.335724592208862305e+00
3.556251525878906250e-02,2.577835321426391602e-02,3.982383012771606445e-02,8.877350091934204102e-01,9.432935714721679688e-01,9.577546119689941406e-01
6.744897365570068359e-02,4.984241724014282227e-02,5.626738071441650391e-02,1.361308693885803223e+00,9.444741010665893555e-01,1.500406503677368164e+00
4.612076282501220703e-02,3.723889589309692383e-02,5.287098884582519531e-02,8.405066728591918945e-01,8.521889448165893555e-01,1.008520126342773438e+00
4.347485303878784180e-02,3.180044889450073242e-02,4.106605052947998047e-02,1.498706340789794922e+00,5.902769565582275391e-01,3.280191421508789062e-01
3.997170925140380859e-02,3.035956621170043945e-02,4.051101207733154297e-02,7.196635007858276367e-01,6.357629299163818359e-01,5.437901616096496582e-01
