5.811864137649536133e-02,3.803014755249023438e-02,4.390454292297363281e-02,9.028868079185485840e-01,6.218191981315612793e-01,6.552718877792358398e-01
5.564814805984497070e-02,4.999709129333496094e-02,4.563635587692260742e-02,1.001699447631835938e+00,1.255669355392456055e+00,1.336142420768737793e+00
4.831677675247192383e-02,4.680955410003662109e-02,4.399144649505615234e-02,9.032428264617919922e-01,8.225119113922119141e-01,9.240701794624328613e-01
4.511493444442749023e-02,4.057896137237548828e-02,3.579783439636230469e-02,1.495706081390380859e+00,1.995115041732788086e+00,2.711129903793334961e+00
8.386713266372680664e-02,6.720292568206787109e-02,5.882674455642700195e-02,7.910597920417785645e-01,9.914088249206542969e-01,8.868684768676757812e-01
7.104152441024780273e-02,6.421780586242675781e-02,5.638521909713745117e-02,4.816210269927978516e-01,5.182932615280151367e-01,9.258118271827697754e-01
5.883425474166870117e-02,4.914522171020507812e-02,3.956812620162963867e-02,1.147883176803588867e+00,1.245122194290161133e+00,1.260728836059570312e+00
1.458132863044738770e-01,1.332192420959472656e-01,1.209969520568847656e-01,1.355857372283935547e+00,1.135184526443481445e+00,1.861389756202697754e+00
4.678818583488464355e-01,6.883651614189147949e-01,6.029677391052246094e-01,1.623420000076293945e+00,1.142240524291992188e+00,1.124812602996826172e+00
1.273956298828125000e-01,1.148654222488403320e-01,9.070748090744018555e-02,1.361842274665832520e+00,1.163645744323730469e+00,1.745037674903869629e+00
6.210207939147949219e-02,5.753338336944580078e-02,5.523723363876342773e-02,1.166488409042358398e+00,1.103204011917114258e+00,1.107841253280639648e+00
7.221722602844238281e-02,5.806159973144531250e-02,4.908549785614013672e-02,1.521076202392578125e+00,1.271912813186645508e+00,1.470503568649291992e+00
5.839151144027709961e-02,5.028122663497924805e-02,4.804551601409912109e-02,1.026224851608276367e+00,1.284254193305969238e+00,1.393110752105712891e+00
6.401968002319335938e-02,5.608052015304565430e-02,4.854816198348999023e-02,1.242522954940795898e+00,1.210250258445739746e+00,1.457306385040283203e+00
1.207349896430969238e-01,1.163390278816223145e-01,9.596675634384155273e-02,1.858327031135559082e+00,1.548475980758666992e+00,2.189319610595703125e+00
2.012928128242492676e-01,1.536628603935241699e-01,1.689931154251098633e-01,1.005113363265991211e+00,1.344394683837890625e+00,1.564726710319519043e+00
5.093497037887573242e-02,2.846986055374145508e-02,4.084074497222900391e-02,1.555051326751708984e+00,1.207342147827148438e+00,8.979574441909790039e-01
3.940540552139282227e-02,2.113777399063110352e-02,2.471333742141723633e-02,1.785086989402770996e+00,1.971989870071411133e+00,1.935827970504760742e+00
1.124907732009887695e-01,9.419095516204833984e-02,1.019917130470275879e-01,1.388126134872436523e+00,1.327014446258544922e+00,1.315196156501770020e+00
6.225979328155517578e-02,5.192166566848754883e-02,5.539405345916748047e-02,8.432475328445434570e-01,7.669583559036254883e-01,8.817218542098999023e-01
5.066943168640136719e-02,4.378259181976318359e-02,4.005074501037597656e-02,6.605422496795654297e-01,6.453729271888732910e-01,4.921976923942565918e-01
5.188769102096557617e-02,4.815047979354858398e-02,4.329854249954223633e-02,1.050679922103881836e+00,1.085025787353515625e+00,1.568122029304504395e+00
5.881816148757934570e-02,4.497992992401123047e-02,4.148608446121215820e-02,1.254737019538879395e+00,1.275933027267456055e+00,1.367366552352905273e+00
6.835108995437622070e-02,6.403398513793945312e-02,5.571395158767700195e-02,9.447367787361145020e-01,1.100455641746520996e+00,1.206166148185729980e+00
5.476945638656616211e-02,5.119085311889648438e-02,4.058647155761718750e-02,1.742659449577331543e+00,1.872763037681579590e+00,2.202724933624267578e+00
7.474672794342041016e-02,6.888806819915771484e-02,5.650466680526733398e-02,8.455595970153808594e-01,7.550377249717712402e-01,1.082050323486328125e+00
5.265623331069946289e-02,4.477572441101074219e-02,3.941863775253295898e-02,1.237233877182006836e+00,1.161803483963012695e+00,1.535537958145141602e+00
7.668131589889526367e-02,5.927932262420654297e-02,5.049455165863037109e-02,1.040431976318359375e+00,1.086967229843139648e+00,1.484714269638061523e+00
5.111593008041381836e-02,4.559236764907836914e-02,4.004287719726562500e-02,1.326471447944641113e+00,1.332735657691955566e+00,1.476055026054382324e+00
6.719201803207397461e-02,5.848431587219238281e-02,5.179291963577270508e-02,1.196787357330322266e+00,1.117691874504089355e+00,1.513528108596801758e+00
8.457273244857788086e-02,6.893509626388549805e-02,5.437946319580078125e-02,1.299534916877746582e+00,1.364905357360839844e+00,1.382301092147827148e+00
6.086683273315429688e-02,5.240911245346069336e-02,4.534435272216796875e-02,1.361336708068847656e+00,1.511566400527954102e+00,2.124377965927124023e+00
7.150518894195556641e-02,6.337505578994750977e-02,4.966878890991210938e-02,1.596664905548095703e+00,1.483180403709411621e+00,1.423336029052734375e+00
4.422390460968017578e-02,4.016536474227905273e-02,3.386646509170532227e-02,1.091460227966308594e+00,1.376595497131347656e+00,1.409734249114990234e+00
8.648157119750976562e-02,7.787132263183593750e-02,5.765694379806518555e-02,1.517092823982238770e+00,1.479383468627929688e+00,1.734944820404052734e+00
4.813832044601440430e-02,4.312151670455932617e-02,3.637397289276123047e-02,8.967511653900146484e-01,9.071786999702453613e-01,1.364024877548217773e+00
6.456506252288818359e-02,7.118904590606689453e-02,5.315083265304565430e-02,1.291048765182495117e+00,1.045225024223327637e+00,1.332323670387268066e+00
1.050871610641479492e-01,9.029281139373779297e-02,8.451604843139648438e-02,1.661296367645263672e+00,1.694333076477050781e+00,1.540956616401672363e+00
6.555140018463134766e-02,4.012799263000488281e-02,4.614776372909545898e-02,1.730577707290649414e+00,1.847034692764282227e+00,1.836546063423156738e+00
6.024330854415893555e-02,4.016107320785522461e-02,4.399448633193969727e-02,9.554657936096191406e-01,1.297174215316772461e+00,1.289422988891601562e+00
6.433296203613281250e-02,5.475050210952758789e-02,5.140739679336547852e-02,1.121488809585571289e+00,1.171434044837951660e+00,1.569448113441467285e+00
1.020743250846862793e-01,9.470576047897338867e-02,1.065090894699096680e-01,1.013091444969177246e+00,1.056792497634887695e+00,1.357648730278015137e+00
6.043785810470581055e-02,5.183458328247070312e-02,4.402363300323486328e-02,4.785904884338378906e-01,7.648930549621582031e-01,8.513803482055664062e-01
4.981184005737304688e-02,3.827100992202758789e-02,3.171390295028686523e-02,1.549638986587524414e+00,1.153347015380859375e+00,1.842305660247802734e+00
9.465050697326660156e-02,7.772773504257202148e-02,6.677752733230590820e-02,1.199791789054870605e+00,1.281277656555175781e+00,1.309961557388305664e+00
6.332391500473022461e-02,4.640454053878784180e-02,3.949552774429321289e-02,1.324000239372253418e+00,1.044043779373168945e+00,1.512427210807800293e+00
7.744574546813964844e-02,6.235671043395996094e-02,5.906867980957031250e-02,1.254752039909362793e+00,1.193794369697570801e+00,1.352081179618835449e+00
5.211693048477172852e-02,4.315996170043945312e-02,3.677201271057128906e-02,1.292067646980285645e+00,1.520653009414672852e+00,1.623546123504638672e+00
6.376039981842041016e-02,4.973405599594116211e-02,4.202395677566528320e-02,1.346641540527343750e+00,1.434715390205383301e+00,1.403848171234130859e+00
1.551579236984252930e-01,1.449819803237915039e-01,1.162769794464111328e-01,1.754369497299194336e+00,1.410812377929687500e+00,1.805495023727416992e+00
1.141439080238342285e-01,9.339272975921630859e-02,7.820731401443481445e-02,1.815708875656127930e+00,1.640882849693298340e+00,2.408956050872802734e+00
1.109520792961120605e-01,1.047504544258117676e-01,8.786702156066894531e-02,1.248448371887207031e+00,1.401648759841918945e+00,4.859782218933105469e+00
6.678092479705810547e-02,6.403344869613647461e-02,5.983829498291015625e-02,1.268055796623229980e+00,1.336966037750244141e+00,2.271847248077392578e+00
1.779600977897644043e-01,1.654876470565795898e-01,1.331748962402343750e-01,1.802623271942138672e+00,1.971255779266357422e+00,2.046194076538085938e+00
5.294823646545410156e-02,5.082392692565917969e-02,4.539602994918823242e-02,1.293404340744018555e+00,1.291708946228027344e+00,1.872095584869384766e+00
5.463749170303344727e-02,4.886162281036376953e-02,3.962141275405883789e-02,1.314928770065307617e+00,1.217951416969299316e+00,1.819279909133911133e+00
8.397656679153442383e-02,8.697170019149780273e-02,5.853456258773803711e-02,1.180559396743774414e+00,1.372995615005493164e+00,2.841428995132446289e+00
1.175631880760192871e-01,1.555770635604858398e-01,1.210075020790100098e-01,2.808151245117187500e+00,2.249730587005615234e+00,5.536100864410400391e+00
4.685926437377929688e-02,6.318944692611694336e-02,5.862951278686523438e-02,2.105674982070922852e+00,1.281569123268127441e+00,6.416509151458740234e+00
5.934405326843261719e-02,5.627971887588500977e-02,3.960514068603515625e-02,2.101288795471191406e+00,1.465321302413940430e+00,4.566040515899658203e+00
1.910557150840759277e-01,2.055652141571044922e-01,1.929872632026672363e-01,1.848295688629150391e+00,1.897901058197021484e+00,2.749903917312622070e+00
1.562756896018981934e-01,1.553195714950561523e-01,1.333984136581420898e-01,1.512307763099670410e+00,1.254467964172363281e+00,1.954279184341430664e+00
7.279103994369506836e-02,6.247794628143310547e-02,5.184549093246459961e-02,1.068788766860961914e+00,8.896551132202148438e-01,1.707269430160522461e+00
4.639059305191040039e-02,4.431188106536865234e-02,3.738713264465332031e-02,9.604032039642333984e-01,9.659274816513061523e-01,1.041059374809265137e+00
4.860895872116088867e-02,4.804480075836181641e-02,4.014301300048828125e-02,1.289003849029541016e+00,1.255662918090820312e+00,2.092145204544067383e+00
7.780444622039794922e-02,6.296449899673461914e-02,5.495113134384155273e-02,1.405650377273559570e+00,1.220049381256103516e+00,2.105039834976196289e+00
6.237655878067016602e-02,5.462193489074707031e-02,4.343408346176147461e-02,4.214959144592285156e-01,7.771446704864501953e-01,8.666412234306335449e-01
4.334807395935058594e-02,3.194636106491088867e-02,2.928400039672851562e-02,1.433129668235778809e+00,9.797335267066955566e-01,1.173311591148376465e+00
4.573988914489746094e-02,4.565691947937011719e-02,3.353083133697509766e-02,1.605267047882080078e+00,1.500601053237915039e+00,1.233649015426635742e+00
7.877182960510253906e-02,6.639862060546875000e-02,6.115025281906127930e-02,1.380433201789855957e+00,1.454339981079101562e+00,2.090373039245605469e+00
6.680613756179809570e-02,5.442202091217041016e-02,4.739695787429809570e-02,1.038057446479797363e+00,8.223305940628051758e-01,9.417192935943603516e-01
2.148331403732299805e-01,1.935322880744934082e-01,1.061650514602661133e-01,1.541363000869750977e+00,1.306877374649047852e+00,1.416631937026977539e+00
4.724335670471191406e-02,4.684835672378540039e-02,3.508114814758300781e-02,9.797283411026000977e-01,1.142070651054382324e+00,1.232141017913818359e+00
8.405935764312744141e-02,7.433116436004638672e-02,5.861538648605346680e-02,1.389981746673583984e+00,1.595057725906372070e+00,2.020147323608398438e+00
4.084253311157226562e-02,3.848612308502197266e-02,3.555554151535034180e-02,1.837360858917236328e+00,1.829295158386230469e+00,1.809506535530090332e+00
1.339994072914123535e-01,1.273913383483886719e-01,1.271220445632934570e-01,1.662210226058959961e+00,1.684938907623291016e+00,2.371941566467285156e+00
2.095554471015930176e-01,1.920012831687927246e-01,3.655058741569519043e-01,8.703412413597106934e-01,1.003554344177246094e+00,1.313130497932434082e+00
8.641254901885986328e-02,6.920260190963745117e-02,5.387306213378906250e-02,2.372394323348999023e+00,1.877299308776855469e+00,3.804187059402465820e+00
4.476517438888549805e-02,4.247868061065673828e-02,3.639525175094604492e-02,1.384079217910766602e+00,1.315752267837524414e+00,1.939743876457214355e+00
5.295091867446899414e-02,4.998350143432617188e-02,4.159802198410034180e-02,1.275789141654968262e+00,1.251305222511291504e+00,1.710800886154174805e+00
4.506325721740722656e-02,4.227393865585327148e-02,3.189611434936523438e-02,1.203926324844360352e+00,1.044254779815673828e+00,1.797954797744750977e+00
7.978856563568115234e-02,8.780801296234130859e-02,5.682438611984252930e-02,1.580006718635559082e+00,1.488796234130859375e+00,2.539850711822509766e+00
4.997384548187255859e-02,4.766553640365600586e-02,3.379350900650024414e-02,1.464318037033081055e+00,1.083487987518310547e+00,2.458308696746826172e+00
6.673389673233032227e-02,6.105226278305053711e-02,4.969096183776855469e-02,1.960074663162231445e+00,1.482856392860412598e+00,3.015809535980224609e+00
1.095283627510070801e-01,1.009844541549682617e-01,7.646834850311279297e-02,1.371240735054016113e+00,1.454107403755187988e+00,2.302372217178344727e+00
7.445973157882690430e-02,6.516373157501220703e-02,5.343854427337646484e-02,1.275535106658935547e+00,1.177589416503906250e+00,1.816602468490600586e+00
5.698889493942260742e-02,5.993843078613281250e-02,4.496562480926513672e-02,1.071899890899658203e+00,1.138986110687255859e+00,2.183310508728027344e+00
5.220776796340942383e-02,4.598933458328247070e-02,3.956347703933715820e-02,1.334888458251953125e+00,1.181607723236083984e+00,2.198468685150146484e+00
6.502479314804077148e-02,6.900984048843383789e-02,5.720686912536621094e-02,1.370153546333312988e+00,1.600148200988769531e+00,2.441555738449096680e+00
7.832086086273193359e-02,7.645940780639648438e-02,6.219559907913208008e-02,1.218085527420043945e+00,1.403483152389526367e+00,3.357295274734497070e+00
1.022214889526367188e-01,9.037399291992187500e-02,7.111412286758422852e-02,1.265921473503112793e+00,1.090821504592895508e+00,3.188593387603759766e+00
6.116455793380737305e-02,5.513584613800048828e-02,4.661643505096435547e-02,1.224872589111328125e+00,1.015846014022827148e+00,2.401894092559814453e+00
5.569034814834594727e-02,4.313474893569946289e-02,4.205310344696044922e-02,7.742807865142822266e-01,9.065237045288085938e-01,1.114060521125793457e+00
5.997312068939208984e-02,5.611342191696166992e-02,4.849451780319213867e-02,1.069582700729370117e+00,1.081918358802795410e+00,1.201891183853149414e+00
4.022455215454101562e-02,4.160696268081665039e-02,3.348201513290405273e-02,1.020849823951721191e+00,1.053965806961059570e+00,1.215761303901672363e+00
1.062766313552856445e-01,9.853219985961914062e-02,1.090466380119323730e-01,1.099028587341308594e+00,1.195290684700012207e+00,1.986920833587646484e+00
4.476749897003173828e-02,4.061865806579589844e-02,3.809380531311035156e-02,1.247410297393798828e+00,1.310530185699462891e+00,1.677586913108825684e+00
4.549562931060791016e-02,4.343318939208984375e-02,3.431797027587890625e-02,1.205594062805175781e+00,1.091711759567260742e+00,1.383220553398132324e+00
5.727285146713256836e-02,5.160748958587646484e-02,3.994005918502807617e-02,1.015191555023193359e+00,1.159866213798522949e+00,2.383422613143920898e+00
5.871480703353881836e-02,5.374485254287719727e-02,4.028373956680297852e-02,1.046988129615783691e+00,9.027954339981079102e-01,1.779157638549804688e+00
1.241796612739562988e-01,1.236709356307983398e-01,1.082907915115356445e-01,1.141444206237792969e+00,9.916151762008666992e-01,1.862836003303527832e+00
5.898749828338623047e-02,5.371803045272827148e-02,4.165667295455932617e-02,1.146837830543518066e+00,1.168196439743041992e+00,2.456073284149169922e+00
7.102936506271362305e-02,7.513636350631713867e-02,5.267250537872314453e-02,1.606652975082397461e+00,1.300116062164306641e+00,3.052725791931152344e+00
1.385747194290161133e-01,1.409200429916381836e-01,1.214185953140258789e-01,1.275063514709472656e+00,1.438974022865295410e+00,3.162893295288085938e+00
5.940341949462890625e-02,6.449657678604125977e-02,4.511743783950805664e-02,1.774222254753112793e+00,1.228064537048339844e+00,3.439224958419799805e+00
6.831890344619750977e-02,5.602937936782836914e-02,4.150146245956420898e-02,1.136023521423339844e+00,9.923518896102905273e-01,2.270463228225708008e+00
6.518018245697021484e-02,5.980253219604492188e-02,4.639184474945068359e-02,1.161309242248535156e+00,1.045719265937805176e+00,2.088500738143920898e+00
1.651563048362731934e-01,1.622965335845947266e-01,1.439584493637084961e-01,1.652830362319946289e+00,1.354952573776245117e+00,2.214514255523681641e+00
7.122051715850830078e-02,6.247222423553466797e-02,4.391723871231079102e-02,1.291154146194458008e+00,1.198204636573791504e+00,2.730583429336547852e+00
8.071267604827880859e-02,8.048844337463378906e-02,6.790262460708618164e-02,9.916595220565795898e-01,1.189312934875488281e+00,1.404721856117248535e+00
7.865667343139648438e-02,7.612556219100952148e-02,6.278908252716064453e-02,1.284853577613830566e+00,1.394505262374877930e+00,2.699992418289184570e+00
5.792891979217529297e-02,5.862468481063842773e-02,4.526746273040771484e-02,1.171048521995544434e+00,1.430801868438720703e+00,2.922414779663085938e+00
6.525868177413940430e-02,6.361341476440429688e-02,5.568695068359375000e-02,1.405242919921875000e+00,1.121856808662414551e+00,1.936595320701599121e+00
7.134193181991577148e-02,6.044054031372070312e-02,4.985582828521728516e-02,1.962181806564331055e+00,2.811186075210571289e+00,2.270797967910766602e+00
7.437103986740112305e-02,6.121337413787841797e-02,4.866278171539306641e-02,1.309579610824584961e+00,8.578838109970092773e-01,1.200650811195373535e+00
6.059449911117553711e-02,5.240696668624877930e-02,4.444617033004760742e-02,1.519637107849121094e+00,1.369994044303894043e+00,1.484638929367065430e+00
6.606817245483398438e-02,5.371159315109252930e-02,4.104888439178466797e-02,1.347112298011779785e+00,1.577137827873229980e+00,2.036539793014526367e+00
8.861678838729858398e-02,6.861340999603271484e-02,6.830102205276489258e-02,7.708067893981933594e-01,5.245621204376220703e-01,1.034128665924072266e+00
7.515996694564819336e-02,6.590795516967773438e-02,5.475890636444091797e-02,6.929606795310974121e-01,6.821131110191345215e-01,6.482677459716796875e-01
7.121855020523071289e-02,5.580246448516845703e-02,5.292177200317382812e-02,1.214009284973144531e+00,1.384849071502685547e+00,1.166020870208740234e+00
6.808948516845703125e-02,5.734759569168090820e-02,4.739999771118164062e-02,1.288867950439453125e+00,1.238660216331481934e+00,1.679669857025146484e+00
6.619369983673095703e-02,5.060058832168579102e-02,4.232025146484375000e-02,3.915431499481201172e-01,6.893175244331359863e-01,5.890266895294189453e-01
5.655759572982788086e-02,5.308753252029418945e-02,4.196870326995849609e-02,1.240293502807617188e+00,1.029027700424194336e+00,1.516319990158081055e+00
4.963552951812744141e-02,4.262459278106689453e-02,3.350633382797241211e-02,1.382855057716369629e+00,1.223833680152893066e+00,1.568676233291625977e+00
7.640254497528076172e-02,5.249780416488647461e-02,4.284721612930297852e-02,1.367176651954650879e+00,9.363407492637634277e-01,2.089832067489624023e+00
4.410302639007568359e-02,3.653383255004882812e-02,2.810883522033691406e-02,1.062046766281127930e+00,7.167459726333618164e-01,9.549815654754638672e-01
4.304927587509155273e-02,3.738248348236083984e-02,3.041464090347290039e-02,1.118007302284240723e+00,1.038199663162231445e+00,6.834778189659118652e-01
6.013190746307373047e-02,4.973119497299194336e-02,4.009795188903808594e-02,1.224568128585815430e+00,1.099407076835632324e+00,1.270804882049560547e+00
5.609446763992309570e-02,5.399858951568603516e-02,3.656297922134399414e-02,1.259254932403564453e+00,9.910342097282409668e-01,1.223702788352966309e+00
8.530336618423461914e-02,7.469308376312255859e-02,6.047987937927246094e-02,5.679321885108947754e-01,6.665976047515869141e-01,6.225203275680541992e-01
8.611160516738891602e-02,6.878328323364257812e-02,6.174552440643310547e-02,1.878906726837158203e+00,2.059140920639038086e+00,3.411454439163208008e+00
7.779175043106079102e-02,7.301276922225952148e-02,5.526494979858398438e-02,1.625967621803283691e+00,1.499399542808532715e+00,1.948904752731323242e+00
7.914304733276367188e-02,6.465804576873779297e-02,4.930204153060913086e-02,1.324038147926330566e+00,9.844608306884765625e-01,1.489641189575195312e+00
6.697797775268554688e-02,5.616492033004760742e-02,4.116332530975341797e-02,1.391225337982177734e+00,1.386363029479980469e+00,1.603079557418823242e+00
4.844927787780761719e-02,4.141241312026977539e-02,3.740966320037841797e-02,9.824307560920715332e-01,1.291710615158081055e+00,1.386354207992553711e+00
8.443272113800048828e-02,7.012081146240234375e-02,5.195546150207519531e-02,1.309799194335937500e+00,1.238932013511657715e+00,1.747074127197265625e+00
4.620087146759033203e-02,4.587990045547485352e-02,3.567409515380859375e-02,1.038300037384033203e+00,1.114021897315979004e+00,1.089946746826171875e+00
5.727481842041015625e-02,5.568051338195800781e-02,4.348611831665039062e-02,5.325568914413452148e-01,7.061871886253356934e-01,1.304363608360290527e+00
4.743915796279907227e-02,4.069823026657104492e-02,3.801977634429931641e-02,9.510219097137451172e-01,7.597677111625671387e-01,7.728348970413208008e-01
3.871536254882812500e-02,3.858143091201782227e-02,3.066051006317138672e-02,1.712992668151855469e+00,1.491036653518676758e+00,2.457480907440185547e+00
5.234795808792114258e-02,4.559665918350219727e-02,4.030197858810424805e-02,1.277309417724609375e+00,9.760415554046630859e-01,2.109696388244628906e+00
5.876702070236206055e-02,5.254125595092773438e-02,3.823149204254150391e-02,1.578984498977661133e+00,1.099746823310852051e+00,2.973104953765869141e+00
5.670726299285888672e-02,5.800509452819824219e-02,4.107427597045898438e-02,1.124947786331176758e+00,1.373229861259460449e+00,2.555134296417236328e+00
9.111732244491577148e-02,8.730161190032958984e-02,6.523096561431884766e-02,1.339915037155151367e+00,1.137711882591247559e+00,3.084785699844360352e+00
8.448046445846557617e-02,8.052116632461547852e-02,6.179076433181762695e-02,1.476582884788513184e+00,1.287932395935058594e+00,2.398426771163940430e+00
6.909942626953125000e-02,6.681114435195922852e-02,5.065655708312988281e-02,1.604516386985778809e+00,1.814921617507934570e+00,1.787802219390869141e+00
8.429700136184692383e-02,7.003337144851684570e-02,5.555766820907592773e-02,1.291015863418579102e+00,1.075282931327819824e+00,2.770237684249877930e+00
5.685818195343017578e-02,5.318820476531982422e-02,4.176753759384155273e-02,1.667282342910766602e+00,1.544867634773254395e+00,2.232731342315673828e+00
7.127898931503295898e-02,6.126362085342407227e-02,4.829263687133789062e-02,9.186598062515258789e-01,9.460115432739257812e-01,1.763307571411132812e+00
5.383050441741943359e-02,4.823541641235351562e-02,4.441434144973754883e-02,1.412403106689453125e+00,1.339970827102661133e+00,1.273965239524841309e+00
5.931079387664794922e-02,5.145496129989624023e-02,4.366153478622436523e-02,1.245238780975341797e+00,1.113523721694946289e+00,1.333959460258483887e+00
7.271629571914672852e-02,5.496811866760253906e-02,4.625576734542846680e-02,1.043991208076477051e+00,1.135821819305419922e+00,1.660894870758056641e+00
9.582817554473876953e-02,9.674459695816040039e-02,8.082461357116699219e-02,1.584328651428222656e+00,1.301579952239990234e+00,1.266584396362304688e+00
7.824522256851196289e-02,6.317728757858276367e-02,5.037206411361694336e-02,1.399596333503723145e+00,1.352802276611328125e+00,1.343947172164916992e+00
5.328619480133056641e-02,4.276388883590698242e-02,4.067713022232055664e-02,9.499772787094116211e-01,8.532575368881225586e-01,6.692222356796264648e-01
7.117635011672973633e-02,5.976229906082153320e-02,4.386556148529052734e-02,1.381592035293579102e+00,1.093261480331420898e+00,1.814845204353332520e+00
5.959618091583251953e-02,4.851132631301879883e-02,4.134893417358398438e-02,1.405408501625061035e+00,9.535324573516845703e-01,1.446514248847961426e+00
7.761758565902709961e-02,6.828868389129638672e-02,5.275297164916992188e-02,1.253445982933044434e+00,1.114231586456298828e+00,1.510058999061584473e+00
6.914001703262329102e-02,5.808877944946289062e-02,4.438644647598266602e-02,9.599867463111877441e-01,1.059389948844909668e+00,9.877921342849731445e-01
6.777226924896240234e-02,5.783790349960327148e-02,4.600274562835693359e-02,1.196547746658325195e+00,1.249891042709350586e+00,1.262240648269653320e+00
1.124097704887390137e-01,9.950602054595947266e-02,6.783878803253173828e-02,1.173629522323608398e+00,1.306438565254211426e+00,1.251372337341308594e+00
9.702748060226440430e-02,7.691663503646850586e-02,6.912195682525634766e-02,1.773381114006042480e+00,1.731807470321655273e+00,1.466618657112121582e+00
1.899889111518859863e-01,1.568006873130798340e-01,9.322321414947509766e-02,1.276859879493713379e+00,1.196904301643371582e+00,1.408311128616333008e+00
1.594909429550170898e-01,1.425687074661254883e-01,1.028079986572265625e-01,1.853687763214111328e+00,1.530353307723999023e+00,1.593748807907104492e+00
1.673639416694641113e-01,1.504347324371337891e-01,9.074324369430541992e-02,1.678143262863159180e+00,1.260184049606323242e+00,2.933274030685424805e+00
8.401787281036376953e-02,7.041764259338378906e-02,5.655741691589355469e-02,1.244836091995239258e+00,1.227662563323974609e+00,1.297442078590393066e+00
9.244680404663085938e-02,8.394563198089599609e-02,6.631618738174438477e-02,1.172892451286315918e+00,1.261395335197448730e+00,1.722253561019897461e+00
6.272166967391967773e-02,5.828046798706054688e-02,4.054999351501464844e-02,1.473132371902465820e+00,1.471256732940673828e+00,2.125105857849121094e+00
6.270807981491088867e-02,5.850434303283691406e-02,4.871946573257446289e-02,1.919786930084228516e+00,1.152752876281738281e+00,3.631459712982177734e+00
4.581892490386962891e-02,4.924696683883666992e-02,2.924609184265136719e-02,2.062772512435913086e+00,1.185449361801147461e+00,3.217282772064208984e+00
6.066173315048217773e-02,5.920100212097167969e-02,4.108285903930664062e-02,8.848611116409301758e-01,9.597365856170654297e-01,2.971021175384521484e+00
1.058140397071838379e-01,1.079776883125305176e-01,7.541692256927490234e-02,1.239375114440917969e+00,1.897048473358154297e+00,3.363894939422607422e+00
7.618546485900878906e-02,6.419187784194946289e-02,4.896336793899536133e-02,1.106454133987426758e+00,1.198843717575073242e+00,2.566986083984375000e+00
6.630903482437133789e-02,5.822324752807617188e-02,4.738569259643554688e-02,1.102392196655273438e+00,1.147199869155883789e+00,2.180877685546875000e+00
5.484259128570556641e-02,4.251551628112792969e-02,3.496813774108886719e-02,1.232121944427490234e+00,1.127115011215209961e+00,1.470752120018005371e+00
7.655256986618041992e-02,6.872069835662841797e-02,6.396049261093139648e-02,1.101865053176879883e+00,1.019403934478759766e+00,1.120179891586303711e+00
6.833606958389282227e-02,6.602865457534790039e-02,5.090332031250000000e-02,1.261650681495666504e+00,1.307022809982299805e+00,1.239052534103393555e+00
7.336002588272094727e-02,5.972421169281005859e-02,4.875004291534423828e-02,1.597602128982543945e+00,2.021513938903808594e+00,1.676425457000732422e+00
7.026368379592895508e-02,5.892777442932128906e-02,4.815548658370971680e-02,1.240172266960144043e+00,1.310255527496337891e+00,2.125548362731933594e+00
7.605206966400146484e-02,6.889039278030395508e-02,5.889898538589477539e-02,7.649518847465515137e-01,7.291190028190612793e-01,9.443181753158569336e-01
7.386767864227294922e-02,6.872051954269409180e-02,5.784773826599121094e-02,9.368830919265747070e-01,1.237399220466613770e+00,1.281820297241210938e+00
5.613595247268676758e-02,4.534363746643066406e-02,3.961372375488281250e-02,1.067586064338684082e+00,1.267628431320190430e+00,1.290437221527099609e+00
6.383174657821655273e-02,5.286365747451782227e-02,5.819964408874511719e-02,9.835276007652282715e-01,1.029538035392761230e+00,8.937921524047851562e-01
9.095853567123413086e-02,8.732825517654418945e-02,8.599913120269775391e-02,1.175369381904602051e+00,1.327329754829406738e+00,1.335836291313171387e+00
6.674373149871826172e-02,6.953859329223632812e-02,5.816620588302612305e-02,1.035254716873168945e+00,9.071694016456604004e-01,1.072075724601745605e+00
6.633138656616210938e-02,5.470293760299682617e-02,4.482740163803100586e-02,1.856157660484313965e+00,2.170827865600585938e+00,2.092943191528320312e+00
6.821501255035400391e-02,5.867314338684082031e-02,4.830336570739746094e-02,9.825124740600585938e-01,1.022799253463745117e+00,1.145926237106323242e+00
7.807481288909912109e-02,6.127810478210449219e-02,5.018144845962524414e-02,1.136924743652343750e+00,1.137289762496948242e+00,1.348286390304565430e+00
1.844447851181030273e-01,1.688057184219360352e-01,1.272944211959838867e-01,1.053469419479370117e+00,8.608258366584777832e-01,1.049088478088378906e+00
6.512993574142456055e-02,5.524617433547973633e-02,4.713052511215209961e-02,1.115169882774353027e+00,1.092205882072448730e+00,1.380430221557617188e+00
8.540832996368408203e-02,6.482738256454467773e-02,5.290156602859497070e-02,1.449175357818603516e+00,1.357591152191162109e+00,1.659091711044311523e+00
5.981701612472534180e-02,5.234259366989135742e-02,4.471081495285034180e-02,1.489528656005859375e+00,1.381964564323425293e+00,1.224791049957275391e+00
6.501907110214233398e-02,5.219167470932006836e-02,4.444903135299682617e-02,9.539315700531005859e-01,9.701889753341674805e-01,9.274199008941650391e-01
6.269752979278564453e-02,6.043767929077148438e-02,5.878275632858276367e-02,1.463705420494079590e+00,1.107583284378051758e+00,1.047945857048034668e+00
7.512456178665161133e-02,6.007915735244750977e-02,5.375665426254272461e-02,8.432650566101074219e-01,1.071459054946899414e+00,9.411068558692932129e-01
6.940859556198120117e-02,5.519825220108032227e-02,4.445904493331909180e-02,1.403814792633056641e+00,1.371954441070556641e+00,1.534120917320251465e+00
5.765926837921142578e-02,5.228358507156372070e-02,4.329836368560791016e-02,9.769672751426696777e-01,1.020887851715087891e+00,1.127515196800231934e+00
6.360840797424316406e-02,5.120587348937988281e-02,3.938269615173339844e-02,1.139634847640991211e+00,1.065050482749938965e+00,1.491134405136108398e+00
6.818228960037231445e-02,6.003391742706298828e-02,5.399554967880249023e-02,8.978494405746459961e-01,1.070634841918945312e+00,1.144353628158569336e+00
7.114720344543457031e-02,5.860644578933715820e-02,5.175715684890747070e-02,1.357753157615661621e+00,1.341983914375305176e+00,1.550198435783386230e+00
4.933923482894897461e-02,5.023705959320068359e-02,3.742575645446777344e-02,5.738384127616882324e-01,5.655791759490966797e-01,9.749155640602111816e-01
7.360535860061645508e-02,5.950784683227539062e-02,4.590350389480590820e-02,1.187216877937316895e+00,1.058879613876342773e+00,1.505735278129577637e+00
7.716733217239379883e-02,6.307768821716308594e-02,5.201053619384765625e-02,2.447154998779296875e+00,2.605252504348754883e+00,3.807759284973144531e+00
1.535441279411315918e-01,1.414693593978881836e-01,1.052706241607666016e-01,1.216681122779846191e+00,1.268113851547241211e+00,1.232905983924865723e+00
5.799132585525512695e-02,5.052655935287475586e-02,4.230988025665283203e-02,1.128083109855651855e+00,1.162312388420104980e+00,1.436013221740722656e+00
7.719308137893676758e-02,6.678092479705810547e-02,5.302709341049194336e-02,1.653470039367675781e+00,1.317784547805786133e+00,2.180181503295898438e+00
9.115022420883178711e-02,7.570964097976684570e-02,6.267178058624267578e-02,1.319759368896484375e+00,1.383774042129516602e+00,2.296846866607666016e+00
9.724026918411254883e-02,1.136725544929504395e-01,1.052931547164916992e-01,1.013377666473388672e+00,1.078126430511474609e+00,1.197762250900268555e+00
7.336127758026123047e-02,6.110179424285888672e-02,5.280911922454833984e-02,1.145748853683471680e+00,1.204163074493408203e+00,1.310068130493164062e+00
7.727766036987304688e-02,7.107388973236083984e-02,5.739122629165649414e-02,1.168911695480346680e+00,1.081679463386535645e+00,1.244180917739868164e+00
7.955467700958251953e-02,6.563884019851684570e-02,5.267053842544555664e-02,9.142686724662780762e-01,1.130375146865844727e+00,1.095737814903259277e+00
6.395280361175537109e-02,5.187892913818359375e-02,4.419654607772827148e-02,1.151843190193176270e+00,1.263445854187011719e+00,1.125835418701171875e+00
5.342406034469604492e-02,4.902809858322143555e-02,4.713624715805053711e-02,1.883042097091674805e+00,1.571302890777587891e+00,1.526326775550842285e+00
6.903022527694702148e-02,6.062972545623779297e-02,5.200517177581787109e-02,2.082574129104614258e+00,2.328410148620605469e+00,4.358389854431152344e+00
4.340618848800659180e-02,3.777641057968139648e-02,3.292804956436157227e-02,1.224160552024841309e+00,1.255706191062927246e+00,1.761899471282958984e+00
7.222384214401245117e-02,6.121534109115600586e-02,5.119603872299194336e-02,1.280037879943847656e+00,1.502030372619628906e+00,1.539445877075195312e+00
1.068609952926635742e-01,9.106957912445068359e-02,8.316868543624877930e-02,1.380613446235656738e+00,1.424630284309387207e+00,1.864872694015502930e+00
9.404128789901733398e-02,7.984900474548339844e-02,6.789886951446533203e-02,1.373763799667358398e+00,1.391758680343627930e+00,1.730184078216552734e+00
5.817210674285888672e-02,6.020718812942504883e-02,4.586040973663330078e-02,1.426208496093750000e+00,1.332245707511901855e+00,1.569553971290588379e+00
7.343065738677978516e-02,5.453592538833618164e-02,5.287688970565795898e-02,1.341045498847961426e+00,1.320716857910156250e+00,3.421897411346435547e+00
8.711653947830200195e-02,1.076763868331909180e-01,6.247615814208984375e-02,1.784644603729248047e+00,1.673015832901000977e+00,4.698516845703125000e+00
9.414196014404296875e-02,1.050800085067749023e-01,6.790584325790405273e-02,2.547410964965820312e+00,1.370478987693786621e+00,4.938098907470703125e+00
7.958328723907470703e-02,8.852380514144897461e-02,6.341278553009033203e-02,1.824327468872070312e+00,9.383125305175781250e-01,5.457788467407226562e+00
1.338990926742553711e-01,1.352080106735229492e-01,1.014874577522277832e-01,1.463975071907043457e+00,1.095890164375305176e+00,3.144256591796875000e+00
1.027418375015258789e-01,1.112056374549865723e-01,6.642007827758789062e-02,1.375858545303344727e+00,1.369997978210449219e+00,2.217065572738647461e+00
1.949406266212463379e-01,1.642441749572753906e-01,1.690490841865539551e-01,2.007169008255004883e+00,1.423829197883605957e+00,2.413289546966552734e+00
1.545587182044982910e-01,1.523294448852539062e-01,1.228998899459838867e-01,2.263180971145629883e+00,1.328150868415832520e+00,3.433428764343261719e+00
6.184118986129760742e-02,5.214732885360717773e-02,4.514175653457641602e-02,1.668729901313781738e+00,1.069602012634277344e+00,2.888671636581420898e+00
8.193737268447875977e-02,7.109409570693969727e-02,6.315636634826660156e-02,1.288895845413208008e+00,1.230497360229492188e+00,1.681752920150756836e+00
7.397460937500000000e-02,6.162035465240478516e-02,5.225104093551635742e-02,1.053341150283813477e+00,1.185811042785644531e+00,1.541495919227600098e+00
7.432436943054199219e-02,6.549328565597534180e-02,5.683529376983642578e-02,7.502338886260986328e-01,9.465406537055969238e-01,1.042741298675537109e+00
6.353759765625000000e-02,5.930042266845703125e-02,4.854744672775268555e-02,9.452760815620422363e-01,9.296296834945678711e-01,1.591955065727233887e+00
7.105726003646850586e-02,6.840080022811889648e-02,5.092424154281616211e-02,1.177614927291870117e+00,9.484698772430419922e-01,2.133673191070556641e+00
7.543873786926269531e-02,6.552350521087646484e-02,5.755698680877685547e-02,1.210032939910888672e+00,1.067464470863342285e+00,1.993091225624084473e+00
4.738372564315795898e-02,4.074436426162719727e-02,3.917223215103149414e-02,1.373417377471923828e+00,1.113425254821777344e+00,1.304177284240722656e+00
5.579870939254760742e-02,4.456812143325805664e-02,3.912842273712158203e-02,6.619548797607421875e-01,5.623303055763244629e-01,9.460893273353576660e-01
7.532644271850585938e-02,6.671190261840820312e-02,5.377793312072753906e-02,1.273116588592529297e+00,1.054091215133666992e+00,1.304120302200317383e+00
8.080905675888061523e-02,6.580245494842529297e-02,5.851757526397705078e-02,1.179524302482604980e+00,1.201850652694702148e+00,2.185880899429321289e+00
6.401932239532470703e-02,4.905992746353149414e-02,4.816299676895141602e-02,9.756077527999877930e-01,1.277804017066955566e+00,8.303151726722717285e-01
7.599055767059326172e-02,6.549793481826782227e-02,4.647606611251831055e-02,1.465727806091308594e+00,1.290124297142028809e+00,1.133551239967346191e+00
1.351084113121032715e-01,1.295639276504516602e-01,1.083673238754272461e-01,1.809259772300720215e+00,1.373475551605224609e+00,1.620826959609985352e+00
8.885121345520019531e-02,7.456612586975097656e-02,6.608498096466064453e-02,9.390020370483398438e-01,1.036894083023071289e+00,1.501999378204345703e+00
5.075865983963012695e-02,4.151433706283569336e-02,3.238749504089355469e-02,7.382998466491699219e-01,7.494417428970336914e-01,7.460818290710449219e-01
6.643331050872802734e-02,6.500548124313354492e-02,6.026387214660644531e-02,9.759260416030883789e-01,1.061374664306640625e+00,1.560878515243530273e+00
4.573953151702880859e-02,4.571682214736938477e-02,4.110127687454223633e-02,8.734545707702636719e-01,1.076072931289672852e+00,1.067253470420837402e+00
6.913912296295166016e-02,5.973029136657714844e-02,4.947727918624877930e-02,1.636391043663024902e+00,1.156375408172607422e+00,1.835058927536010742e+00
8.752441406250000000e-02,7.646638154983520508e-02,5.984580516815185547e-02,1.164093017578125000e+00,1.132928609848022461e+00,1.534365892410278320e+00
6.688642501831054688e-02,5.980700254440307617e-02,4.884392023086547852e-02,1.229451656341552734e+00,1.131989717483520508e+00,2.230007410049438477e+00
6.036704778671264648e-02,6.563436985015869141e-02,4.312831163406372070e-02,1.648086547851562500e+00,1.349254131317138672e+00,3.108396530151367188e+00
5.973118543624877930e-02,7.567673921585083008e-02,4.076939821243286133e-02,1.904419422149658203e+00,1.534028291702270508e+00,4.511976718902587891e+00
8.194971084594726562e-02,7.812935113906860352e-02,5.747705698013305664e-02,1.540501594543457031e+00,1.388773798942565918e+00,3.595890998840332031e+00
9.286308288574218750e-02,7.974654436111450195e-02,6.253445148468017578e-02,1.589844942092895508e+00,1.361446619033813477e+00,1.736165285110473633e+00
8.619046211242675781e-02,6.837576627731323242e-02,5.482578277587890625e-02,1.033642888069152832e+00,1.310732245445251465e+00,2.457595348358154297e+00
1.091063618659973145e-01,1.143795847892761230e-01,1.027176976203918457e-01,9.718004465103149414e-01,1.050650596618652344e+00,1.489753246307373047e+00
5.230772495269775391e-02,5.108982324600219727e-02,4.428094625473022461e-02,1.168980360031127930e+00,1.301688551902770996e+00,2.864534616470336914e+00
6.670117378234863281e-02,7.356333732604980469e-02,5.924963951110839844e-02,1.218491792678833008e+00,1.116634726524353027e+00,3.906432151794433594e+00
7.190734148025512695e-02,9.493964910507202148e-02,6.852042675018310547e-02,1.440739631652832031e+00,1.559288024902343750e+00,3.808324813842773438e+00
4.929381608963012695e-02,5.164700746536254883e-02,3.311830759048461914e-02,1.413402557373046875e+00,1.472694396972656250e+00,3.555009841918945312e+00
7.888412475585937500e-02,7.356065511703491211e-02,5.634766817092895508e-02,1.053558468818664551e+00,9.779090881347656250e-01,2.019615650177001953e+00
5.987155437469482422e-02,3.610771894454956055e-02,4.239124059677124023e-02,1.189108014106750488e+00,1.105528235435485840e+00,1.343151211738586426e+00
8.520966768264770508e-02,5.846178531646728516e-02,6.730324029922485352e-02,9.703704714775085449e-01,9.605653882026672363e-01,7.418639659881591797e-01
5.870550870895385742e-02,3.669494390487670898e-02,4.170137643814086914e-02,7.346080541610717773e-01,4.466480612754821777e-01,5.535775423049926758e-01
5.407333374023437500e-02,3.611290454864501953e-02,4.274672269821166992e-02,6.868983507156372070e-01,3.726580739021301270e-01,5.696654319763183594e-01
5.810379981994628906e-02,4.433745145797729492e-02,5.556678771972656250e-02,7.506798505783081055e-01,6.220076680183410645e-01,7.821949124336242676e-01
4.593122005462646484e-02,3.172624111175537109e-02,4.091513156890869141e-02,5.937870740890502930e-01,5.895307660102844238e-01,7.586104273796081543e-01
4.314029216766357422e-02,2.987158298492431641e-02,4.214823246002197266e-02,1.313561439514160156e+00,1.067404985427856445e+00,9.001123309135437012e-01
4.581177234649658203e-02,3.149181604385375977e-02,4.446387290954589844e-02,6.482294797897338867e-01,6.632841825485229492e-01,7.234330773353576660e-01
4.555660486221313477e-02,3.178936243057250977e-02,4.487246274948120117e-02,5.700305700302124023e-01,4.872393608093261719e-01,4.476678371429443359e-01
4.859697818756103516e-02,3.417062759399414062e-02,4.702734947204589844e-02,7.276681065559387207e-01,6.810370087623596191e-01,8.018056154251098633e-01
4.701179265975952148e-02,3.313314914703369141e-02,4.461336135864257812e-02,6.531481146812438965e-01,6.016275286674499512e-01,7.256097793579101562e-01
4.984760284423828125e-02,3.340727090835571289e-02,4.280394315719604492e-02,6.523797512054443359e-01,6.631547212600708008e-01,6.864216327667236328e-01
4.592657089233398438e-02,3.178471326828002930e-02,4.280644655227661133e-02,8.053436279296875000e-01,4.878410696983337402e-01,6.630223989486694336e-01
8.790671825408935547e-02,5.995237827301025391e-02,5.970007181167602539e-02,1.513211488723754883e+00,1.526744365692138672e+00,2.056291341781616211e+00
4.114276170730590820e-02,4.174464941024780273e-02,3.467220067977905273e-02,1.101607561111450195e+00,1.029183268547058105e+00,1.293760657310485840e+00
3.689038753509521484e-02,3.648501634597778320e-02,2.785795927047729492e-02,1.149488687515258789e+00,1.055282950401306152e+00,1.605567932128906250e+00
5.236816406250000000e-02,4.777389764785766602e-02,3.624022006988525391e-02,1.571386575698852539e+00,1.480864405632019043e+00,2.404372692108154297e+00
6.759345531463623047e-02,6.094318628311157227e-02,4.991805553436279297e-02,1.386997103691101074e+00,1.245558857917785645e+00,1.358943462371826172e+00
7.760399580001831055e-02,7.180273532867431641e-02,4.839688539505004883e-02,1.153797626495361328e+00,1.218429327011108398e+00,2.561887502670288086e+00
5.547022819519042969e-02,5.434298515319824219e-02,3.736495971679687500e-02,1.144860267639160156e+00,9.894829988479614258e-01,2.394654273986816406e+00
7.618206739425659180e-02,7.081711292266845703e-02,4.836970567703247070e-02,1.627101659774780273e+00,1.398573637008666992e+00,2.666945695877075195e+00
6.122410297393798828e-02,5.570250749588012695e-02,4.408907890319824219e-02,9.924699068069458008e-01,1.085248589515686035e+00,2.009819269180297852e+00
7.222902774810791016e-02,6.629025936126708984e-02,4.640847444534301758e-02,1.504989624023437500e+00,1.398170828819274902e+00,2.323256015777587891e+00
4.727357625961303711e-02,4.313421249389648438e-02,3.698855638504028320e-02,1.438408970832824707e+00,1.261927485466003418e+00,1.410502433776855469e+00
4.262208938598632812e-02,3.712391853332519531e-02,2.831536531448364258e-02,9.877583384513854980e-01,1.110751032829284668e+00,1.868709683418273926e+00
1.623455286026000977e-01,1.426779627799987793e-01,1.140777468681335449e-01,1.250584602355957031e+00,1.257867813110351562e+00,1.642785072326660156e+00
5.588829517364501953e-02,4.730916023254394531e-02,4.014104604721069336e-02,9.523916244506835938e-01,8.861782550811767578e-01,1.106203436851501465e+00
6.399536132812500000e-02,5.227857828140258789e-02,3.932493925094604492e-02,5.290117263793945312e-01,5.385072827339172363e-01,1.063710808753967285e+00
5.185461044311523438e-02,5.472743511199951172e-02,4.909247159957885742e-02,1.476767778396606445e+00,1.155745744705200195e+00,1.278963088989257812e+00
9.072214365005493164e-02,7.240033149719238281e-02,5.893886089324951172e-02,1.852976083755493164e+00,1.734722852706909180e+00,2.351556539535522461e+00
5.303317308425903320e-02,4.728126525878906250e-02,4.230111837387084961e-02,4.447538852691650391e-01,5.496879816055297852e-01,4.805184602737426758e-01
5.155849456787109375e-02,4.315763711929321289e-02,3.416937589645385742e-02,1.109148144721984863e+00,9.842222929000854492e-01,1.438920974731445312e+00
5.139666795730590820e-02,4.195350408554077148e-02,3.532665967941284180e-02,1.186937928199768066e+00,1.032449483871459961e+00,1.247942924499511719e+00
6.065297126770019531e-02,5.431580543518066406e-02,4.612219333648681641e-02,1.293254971504211426e+00,1.350418925285339355e+00,1.349794864654541016e+00
5.872786045074462891e-02,4.419243335723876953e-02,3.758454322814941406e-02,1.540209174156188965e+00,1.355662107467651367e+00,1.500724077224731445e+00
5.302119255065917969e-02,4.327976703643798828e-02,3.762155771255493164e-02,8.053931593894958496e-01,8.580719232559204102e-01,1.053190469741821289e+00
6.352490186691284180e-02,4.863452911376953125e-02,4.073810577392578125e-02,1.101087570190429688e+00,1.437561392784118652e+00,1.582917213439941406e+00
7.007306814193725586e-02,5.761313438415527344e-02,5.546700954437255859e-02,1.020108819007873535e+00,1.129680633544921875e+00,1.062265634536743164e+00
6.632959842681884766e-02,5.779176950454711914e-02,4.758256673812866211e-02,6.212999224662780762e-01,7.405936717987060547e-01,1.072093248367309570e+00
4.809629917144775391e-02,4.431974887847900391e-02,3.522866964340209961e-02,7.617123126983642578e-01,8.417320847511291504e-01,5.769985914230346680e-01
5.390560626983642578e-02,4.437464475631713867e-02,3.753232955932617188e-02,1.060122728347778320e+00,1.156488060951232910e+00,1.149975061416625977e+00
7.940125465393066406e-02,6.542962789535522461e-02,5.845910310745239258e-02,1.091321825981140137e+00,9.657375812530517578e-01,1.243876934051513672e+00
5.246382951736450195e-02,4.430168867111206055e-02,3.503340482711791992e-02,1.067523837089538574e+00,1.015183568000793457e+00,1.385687470436096191e+00
1.801893711090087891e-01,1.552455425262451172e-01,1.184397339820861816e-01,1.263049364089965820e+00,1.187309861183166504e+00,1.374369859695434570e+00
3.823864459991455078e-02,3.627437353134155273e-02,3.066891431808471680e-02,6.749811172485351562e-01,5.637896060943603516e-01,1.099551916122436523e+00
5.581462383270263672e-02,4.345786571502685547e-02,3.694045543670654297e-02,1.340040922164916992e+00,1.279959797859191895e+00,1.293557167053222656e+00
4.061543941497802734e-02,3.392332792282104492e-02,2.529644966125488281e-02,9.890002012252807617e-01,1.113790035247802734e+00,1.350424766540527344e+00
7.064723968505859375e-02,6.294053792953491211e-02,4.768592119216918945e-02,1.153596639633178711e+00,1.191939711570739746e+00,1.263517498970031738e+00
6.073772907257080078e-02,5.268412828445434570e-02,4.078602790832519531e-02,1.148334145545959473e+00,1.227709650993347168e+00,1.562507987022399902e+00
6.933814287185668945e-02,6.369191408157348633e-02,4.842388629913330078e-02,9.134377241134643555e-01,8.863191604614257812e-01,9.052668213844299316e-01
7.071554660797119141e-02,5.557000637054443359e-02,4.475337266921997070e-02,1.665097475051879883e+00,1.450027585029602051e+00,1.635777354240417480e+00
7.209098339080810547e-02,6.652647256851196289e-02,5.079048871994018555e-02,1.994011640548706055e+00,2.143089771270751953e+00,3.632963418960571289e+00
6.306087970733642578e-02,5.289816856384277344e-02,4.551547765731811523e-02,1.024520874023437500e+00,1.504535794258117676e+00,2.968589782714843750e+00
6.195276975631713867e-02,5.005556344985961914e-02,4.102689027786254883e-02,1.189275026321411133e+00,1.249395847320556641e+00,1.471854329109191895e+00
7.114595174789428711e-02,5.818247795104980469e-02,5.138987302780151367e-02,1.110360145568847656e+00,1.474752545356750488e+00,1.624213933944702148e+00
7.296931743621826172e-02,6.128221750259399414e-02,5.351954698562622070e-02,1.261063456535339355e+00,1.054491519927978516e+00,1.781843662261962891e+00
5.417293310165405273e-02,4.858177900314331055e-02,4.268002510070800781e-02,1.107210159301757812e+00,1.174023270606994629e+00,1.818225860595703125e+00
6.481969356536865234e-02,4.986745119094848633e-02,4.260689020156860352e-02,8.774954080581665039e-01,1.103499412536621094e+00,1.155988812446594238e+00
4.442971944808959961e-02,4.508864879608154297e-02,3.551030158996582031e-02,1.046545028686523438e+00,1.296143531799316406e+00,1.893391847610473633e+00
5.585896968841552734e-02,5.630904436111450195e-02,4.029160737991333008e-02,1.316947102546691895e+00,1.311669945716857910e+00,2.474525451660156250e+00
2.295141220092773438e-01,2.426497936248779297e-01,2.393746376037597656e-01,1.364097118377685547e+00,1.579118013381958008e+00,2.717552185058593750e+00
1.320632100105285645e-01,1.088762283325195312e-01,8.909368515014648438e-02,1.581040263175964355e+00,1.625350236892700195e+00,4.016104698181152344e+00
7.143992185592651367e-02,8.275669813156127930e-02,5.445653200149536133e-02,2.068006515502929688e+00,1.132529139518737793e+00,4.677702903747558594e+00
6.934064626693725586e-02,9.529191255569458008e-02,4.119282960891723633e-02,2.008025169372558594e+00,1.252187490463256836e+00,4.146948814392089844e+00
1.219004988670349121e-01,1.270422935485839844e-01,9.733736515045166016e-02,1.782165527343750000e+00,1.245736241340637207e+00,3.900479078292846680e+00
8.903968334197998047e-02,1.049535870552062988e-01,6.460797786712646484e-02,2.027766704559326172e+00,1.617463827133178711e+00,3.727536678314208984e+00
5.933958292007446289e-02,7.877326011657714844e-02,6.118118762969970703e-02,1.275363922119140625e+00,1.092929363250732422e+00,4.032550334930419922e+00
1.498417854309082031e-01,1.824899911880493164e-01,1.039953231811523438e-01,1.873057723045349121e+00,1.563089489936828613e+00,5.708154201507568359e+00
6.036651134490966797e-02,5.742949247360229492e-02,3.757935762405395508e-02,1.887306928634643555e+00,1.290313839912414551e+00,3.881559371948242188e+00
7.968056201934814453e-02,7.709187269210815430e-02,5.179059505462646484e-02,1.435905218124389648e+00,1.632098436355590820e+00,2.855088233947753906e+00
6.368511915206909180e-02,5.196654796600341797e-02,4.078191518783569336e-02,1.538468599319458008e+00,1.353539705276489258e+00,1.511454582214355469e+00
5.116170644760131836e-02,4.760974645614624023e-02,4.250693321228027344e-02,1.067470192909240723e+00,1.319301009178161621e+00,2.283584356307983398e+00
3.778892755508422852e-02,3.993558883666992188e-02,2.843695878982543945e-02,1.120565414428710938e+00,1.499613404273986816e+00,2.816433668136596680e+00
6.825381517410278320e-02,7.601845264434814453e-02,5.663001537322998047e-02,1.285017251968383789e+00,1.661136865615844727e+00,3.663589239120483398e+00
5.177611112594604492e-02,5.239212512969970703e-02,3.970438241958618164e-02,1.283963441848754883e+00,1.569551944732666016e+00,3.094941616058349609e+00
5.069124698638916016e-02,4.766714572906494141e-02,3.963071107864379883e-02,1.229057192802429199e+00,1.298535346984863281e+00,3.227000236511230469e+00
4.787975549697875977e-02,4.090869426727294922e-02,3.466826677322387695e-02,1.293430924415588379e+00,1.511561393737792969e+00,1.991969585418701172e+00
1.687597632408142090e-01,1.509089469909667969e-01,1.205504536628723145e-01,8.879477977752685547e-01,8.636890053749084473e-01,1.255478382110595703e+00
7.493984699249267578e-02,5.877327919006347656e-02,5.086952447891235352e-02,1.247021198272705078e+00,1.112375736236572266e+00,2.254999399185180664e+00
1.316118836402893066e-01,1.182644963264465332e-01,9.415125846862792969e-02,9.289571642875671387e-01,9.361703395843505859e-01,1.271319627761840820e+00
6.701803207397460938e-02,5.560058355331420898e-02,4.727965593338012695e-02,3.144952297210693359e+00,1.958454370498657227e+00,5.167144775390625000e+00
4.079765081405639648e-02,3.663182258605957031e-02,3.150862455368041992e-02,8.637685775756835938e-01,9.759610891342163086e-01,1.002696275711059570e+00
5.637985467910766602e-02,5.186569690704345703e-02,4.059648513793945312e-02,1.198887825012207031e+00,1.183795094490051270e+00,1.380592107772827148e+00
5.168169736862182617e-02,4.371285438537597656e-02,3.403615951538085938e-02,1.049044370651245117e+00,1.019333481788635254e+00,9.043360948562622070e-01
5.697959661483764648e-02,4.502320289611816406e-02,3.544467687606811523e-02,1.112003564834594727e+00,1.151621103286743164e+00,1.488238334655761719e+00
7.239711284637451172e-02,5.989086627960205078e-02,4.786044359207153320e-02,1.259263515472412109e+00,1.228638052940368652e+00,1.275959968566894531e+00
7.546573877334594727e-02,6.743073463439941406e-02,5.613988637924194336e-02,1.130183696746826172e+00,1.196777820587158203e+00,1.377973437309265137e+00
5.141973495483398438e-02,4.113918542861938477e-02,3.612488508224487305e-02,1.290364980697631836e+00,1.375721096992492676e+00,1.654534935951232910e+00
7.494306564331054688e-02,6.572699546813964844e-02,5.457222461700439453e-02,1.515614032745361328e+00,1.254386544227600098e+00,1.333088397979736328e+00
8.227515220642089844e-02,6.635999679565429688e-02,5.401164293289184570e-02,1.314318656921386719e+00,1.281103134155273438e+00,1.711074352264404297e+00
7.489603757858276367e-02,6.477212905883789062e-02,4.564082622528076172e-02,2.585376262664794922e+00,1.777309656143188477e+00,4.376422405242919922e+00
6.225425004959106445e-02,5.674302577972412109e-02,4.175269603729248047e-02,1.210377216339111328e+00,1.359064340591430664e+00,1.880627632141113281e+00
8.218199014663696289e-02,7.433599233627319336e-02,6.660300493240356445e-02,1.567269086837768555e+00,1.370288729667663574e+00,1.185641169548034668e+00
1.207904219627380371e-01,1.118803024291992188e-01,1.085894107818603516e-01,9.435294270515441895e-01,1.135277509689331055e+00,1.004588484764099121e+00
7.014048099517822266e-02,5.208492279052734375e-02,6.037956476211547852e-02,8.925694227218627930e-01,9.645305871963500977e-01,1.016121625900268555e+00
8.800399303436279297e-02,7.981127500534057617e-02,6.425678730010986328e-02,1.611719727516174316e+00,1.559883832931518555e+00,1.324449300765991211e+00
4.725158214569091797e-02,3.545504808425903320e-02,3.533273935317993164e-02,1.051097273826599121e+00,1.302392721176147461e+00,1.053936839103698730e+00
3.273707628250122070e-02,3.241842985153198242e-02,2.695602178573608398e-02,9.934616088867187500e-01,1.114058732986450195e+00,1.221219420433044434e+00
1.397041082382202148e-01,1.210581064224243164e-01,9.945201873779296875e-02,1.956581592559814453e+00,1.873020172119140625e+00,2.274574279785156250e+00
4.813385009765625000e-02,4.246813058853149414e-02,3.150486946105957031e-02,9.559439420700073242e-01,1.311877489089965820e+00,2.548052787780761719e+00
6.369334459304809570e-02,5.847162008285522461e-02,5.213248729705810547e-02,1.262024164199829102e+00,1.375040173530578613e+00,1.915030241012573242e+00
5.629062652587890625e-02,5.947923660278320312e-02,3.975999355316162109e-02,1.469123840332031250e+00,1.161483407020568848e+00,3.076185226440429688e+00
4.799348115921020508e-02,5.087006092071533203e-02,3.157961368560791016e-02,1.305932760238647461e+00,1.419899225234985352e+00,2.936356544494628906e+00
5.314707756042480469e-02,4.884016513824462891e-02,3.436106443405151367e-02,1.641280889511108398e+00,1.723298192024230957e+00,3.456036329269409180e+00
8.680647611618041992e-02,8.372139930725097656e-02,5.907082557678222656e-02,1.146552324295043945e+00,1.213185310363769531e+00,2.812935590744018555e+00
7.265818119049072266e-02,5.902916193008422852e-02,5.134516954421997070e-02,1.135628700256347656e+00,1.150867462158203125e+00,1.656028032302856445e+00
9.902572631835937500e-02,7.868939638137817383e-02,7.202643156051635742e-02,1.102009892463684082e+00,1.058118581771850586e+00,1.370436787605285645e+00
7.683312892913818359e-02,5.251049995422363281e-02,6.281912326812744141e-02,8.339599370956420898e-01,6.682466268539428711e-01,7.840810418128967285e-01
8.860266208648681641e-02,6.856977939605712891e-02,6.850558519363403320e-02,1.617761492729187012e+00,1.335865259170532227e+00,1.107638955116271973e+00
5.879437923431396484e-02,4.665791988372802734e-02,4.398661851882934570e-02,1.562545537948608398e+00,1.246958971023559570e+00,1.064717888832092285e+00
8.775883913040161133e-02,6.558966636657714844e-02,5.866527557373046875e-02,8.096226453781127930e-01,7.661594152450561523e-01,8.965503573417663574e-01
5.345588922500610352e-02,4.254072904586791992e-02,4.540622234344482422e-02,5.237519145011901855e-01,5.071367025375366211e-01,4.310322403907775879e-01
6.224459409713745117e-02,5.411249399185180664e-02,4.634356498718261719e-02,9.412953257560729980e-01,1.347004294395446777e+00,1.437958240509033203e+00
8.457881212234497070e-02,7.271558046340942383e-02,6.150537729263305664e-02,1.135894775390625000e+00,1.286031961441040039e+00,1.425302505493164062e+00
5.502676963806152344e-02,4.866528511047363281e-02,3.824204206466674805e-02,6.397655010223388672e-01,7.389555573463439941e-01,1.022571444511413574e+00
6.330406665802001953e-02,5.473566055297851562e-02,4.588365554809570312e-02,1.456528544425964355e+00,1.170184850692749023e+00,1.215180516242980957e+00
7.211726903915405273e-02,5.669063329696655273e-02,4.668688774108886719e-02,1.194420218467712402e+00,1.378681898117065430e+00,9.634791612625122070e-01
7.096266746520996094e-02,6.756037473678588867e-02,5.303353071212768555e-02,1.049616336822509766e+00,1.072628259658813477e+00,1.063424706459045410e+00
7.111322879791259766e-02,5.752515792846679688e-02,4.707205295562744141e-02,1.081565380096435547e+00,1.383254885673522949e+00,1.502081036567687988e+00
6.514656543731689453e-02,4.957187175750732422e-02,3.974854946136474609e-02,1.239070057868957520e+00,1.139912724494934082e+00,1.639793634414672852e+00
5.887681245803833008e-02,4.501032829284667969e-02,3.970152139663696289e-02,1.283109068870544434e+00,1.020096540451049805e+00,1.464329838752746582e+00
5.437839031219482422e-02,4.620766639709472656e-02,3.585773706436157227e-02,1.088857889175415039e+00,1.164644122123718262e+00,1.542649745941162109e+00
6.883674860000610352e-02,5.881029367446899414e-02,4.731792211532592773e-02,1.388390064239501953e+00,1.314046382904052734e+00,1.476171255111694336e+00
4.875880479812622070e-02,4.506736993789672852e-02,3.954488039016723633e-02,1.750344038009643555e+00,1.662113428115844727e+00,2.068331956863403320e+00
7.035040855407714844e-02,5.918490886688232422e-02,4.706972837448120117e-02,3.404884338378906250e+00,2.824261426925659180e+00,3.412250041961669922e+00
8.926820755004882812e-02,7.483381032943725586e-02,6.125915050506591797e-02,1.221570253372192383e+00,1.351140618324279785e+00,1.369987249374389648e+00
5.575758218765258789e-02,5.078315734863281250e-02,4.166132211685180664e-02,8.866242170333862305e-01,1.017070412635803223e+00,1.166072368621826172e+00
9.659188985824584961e-02,7.589077949523925781e-02,6.729358434677124023e-02,1.298576831817626953e+00,1.383086085319519043e+00,1.602810859680175781e+00
6.436139345169067383e-02,5.641883611679077148e-02,4.572433233261108398e-02,1.268422007560729980e+00,1.073844909667968750e+00,1.270914673805236816e+00
4.468309879302978516e-02,3.557020425796508789e-02,2.752500772476196289e-02,5.185727477073669434e-01,5.846886634826660156e-01,9.710369110107421875e-01
6.705397367477416992e-02,5.676770210266113281e-02,5.036151409149169922e-02,1.129771232604980469e+00,1.101977348327636719e+00,1.399710059165954590e+00
1.553456783294677734e-01,1.380431056022644043e-01,1.075685620307922363e-01,1.182756543159484863e+00,1.540765643119812012e+00,1.660722970962524414e+00
1.434389948844909668e-01,1.300898194313049316e-01,1.162692904472351074e-01,1.149550437927246094e+00,1.257770061492919922e+00,1.285243391990661621e+00
8.643543720245361328e-02,6.603401899337768555e-02,5.897659063339233398e-02,1.529086232185363770e+00,1.353588223457336426e+00,2.933009624481201172e+00
7.048594951629638672e-02,5.585771799087524414e-02,4.824328422546386719e-02,1.488010406494140625e+00,1.118093132972717285e+00,1.543907642364501953e+00
6.315851211547851562e-02,5.674481391906738281e-02,4.647874832153320312e-02,1.128185749053955078e+00,1.165570378303527832e+00,1.364597439765930176e+00
5.411499738693237305e-02,4.728966951370239258e-02,3.809970617294311523e-02,9.302941560745239258e-01,1.101509928703308105e+00,1.047107934951782227e+00
6.372678279876708984e-02,5.458563566207885742e-02,4.422247409820556641e-02,1.218400597572326660e+00,1.180857896804809570e+00,1.538666009902954102e+00
5.114740133285522461e-02,4.249262809753417969e-02,3.476589918136596680e-02,1.358276367187500000e+00,1.031256794929504395e+00,1.411633372306823730e+00
7.334893941879272461e-02,6.642705202102661133e-02,4.601615667343139648e-02,1.046095848083496094e+00,1.325514435768127441e+00,1.303153753280639648e+00
7.853060960769653320e-02,6.154417991638183594e-02,4.918348789215087891e-02,1.867940902709960938e+00,1.360456109046936035e+00,1.848301172256469727e+00
7.211351394653320312e-02,6.061452627182006836e-02,5.213677883148193359e-02,1.017155885696411133e+00,1.122293829917907715e+00,1.023796319961547852e+00
5.940663814544677734e-02,4.678237438201904297e-02,3.692865371704101562e-02,9.951027631759643555e-01,7.552206516265869141e-01,8.766034841537475586e-01
6.534218788146972656e-02,5.623018741607666016e-02,4.696637392044067383e-02,1.461124420166015625e+00,1.390423059463500977e+00,1.102182626724243164e+00
7.391560077667236328e-02,6.494039297103881836e-02,5.127757787704467773e-02,1.545121431350708008e+00,1.355946302413940430e+00,1.794381737709045410e+00
4.716718196868896484e-02,4.195511341094970703e-02,3.685480356216430664e-02,9.936234354972839355e-01,1.133733272552490234e+00,1.292044758796691895e+00
4.546916484832763672e-02,3.769290447235107422e-02,3.685998916625976562e-02,6.289687156677246094e-01,6.941592693328857422e-01,7.075535058975219727e-01
7.271128892898559570e-02,5.713945627212524414e-02,4.681992530822753906e-02,3.015500068664550781e+00,3.519969463348388672e+00,4.584147453308105469e+00
8.253049850463867188e-02,6.770968437194824219e-02,6.294375658035278320e-02,1.536823987960815430e+00,1.540420055389404297e+00,1.495930910110473633e+00
7.070785760879516602e-02,5.855441093444824219e-02,4.739195108413696289e-02,1.082019567489624023e+00,1.181798934936523438e+00,1.201358318328857422e+00
6.660801172256469727e-02,6.308287382125854492e-02,4.933601617813110352e-02,9.558652639389038086e-01,1.196209073066711426e+00,1.543240785598754883e+00
6.668490171432495117e-02,5.591082572937011719e-02,4.975730180740356445e-02,1.046300768852233887e+00,6.120640039443969727e-01,2.696708679199218750e+00
6.027853488922119141e-02,5.311489105224609375e-02,4.500925540924072266e-02,1.052680850028991699e+00,1.013736248016357422e+00,1.481239199638366699e+00
5.637037754058837891e-02,5.602240562438964844e-02,3.682905435562133789e-02,1.291921019554138184e+00,1.031942129135131836e+00,2.317326068878173828e+00
9.303420782089233398e-02,1.139236092567443848e-01,5.924642086029052734e-02,1.201489806175231934e+00,1.235854983329772949e+00,3.135354518890380859e+00
4.038637876510620117e-02,4.701304435729980469e-02,3.417992591857910156e-02,1.456337213516235352e+00,1.482285261154174805e+00,4.109406471252441406e+00
3.731006383895874023e-02,3.877294063568115234e-02,2.658337354660034180e-02,1.850531816482543945e+00,1.659170866012573242e+00,4.477838516235351562e+00
8.171385526657104492e-02,7.393831014633178711e-02,5.218595266342163086e-02,1.777970314025878906e+00,1.273627996444702148e+00,3.437558650970458984e+00
8.677196502685546875e-02,7.774829864501953125e-02,5.697566270828247070e-02,2.026883125305175781e+00,1.331485748291015625e+00,2.671917915344238281e+00
7.706201076507568359e-02,6.231719255447387695e-02,4.806393384933471680e-02,1.155841469764709473e+00,1.030136108398437500e+00,1.635177969932556152e+00
4.659426212310791016e-02,3.974783420562744141e-02,3.481274843215942383e-02,1.182050704956054688e+00,1.313632607460021973e+00,1.824725866317749023e+00
5.207169055938720703e-02,4.190182685852050781e-02,3.681689500808715820e-02,8.974769711494445801e-01,9.750487804412841797e-01,9.661345481872558594e-01
4.846680164337158203e-02,5.297935009002685547e-02,4.159104824066162109e-02,8.106998205184936523e-01,1.242934584617614746e+00,1.185448408126831055e+00
6.815975904464721680e-02,5.013084411621093750e-02,5.358839035034179688e-02,1.132574915885925293e+00,1.310607790946960449e+00,1.164918422698974609e+00
8.507895469665527344e-02,7.389360666275024414e-02,6.427127122879028320e-02,1.290792942047119141e+00,1.154647350311279297e+00,1.148779869079589844e+00
6.489962339401245117e-02,5.725640058517456055e-02,5.634480714797973633e-02,8.746070265769958496e-01,4.957628846168518066e-01,6.596639156341552734e-01
6.371641159057617188e-02,4.737675189971923828e-02,5.430471897125244141e-02,8.252272009849548340e-01,1.093646049499511719e+00,9.101439714431762695e-01
6.281465291976928711e-02,4.649358987808227539e-02,5.223745107650756836e-02,7.810127735137939453e-01,5.755949020385742188e-01,7.322682738304138184e-01
8.774131536483764648e-02,8.236831426620483398e-02,1.071333289146423340e-01,6.690478920936584473e-01,7.206560969352722168e-01,5.485065579414367676e-01
5.029875040054321289e-02,4.022097587585449219e-02,4.813581705093383789e-02,6.658297777175903320e-01,7.461029291152954102e-01,7.900321483612060547e-01
5.353617668151855469e-02,4.073417186737060547e-02,4.894995689392089844e-02,6.964132189750671387e-01,7.990611791610717773e-01,8.873598575592041016e-01
5.064296722412109375e-02,4.096555709838867188e-02,4.785937070846557617e-02,7.605232000350952148e-01,5.894465446472167969e-01,5.271926522254943848e-01
5.756896734237670898e-02,4.650521278381347656e-02,5.586737394332885742e-02,1.169131636619567871e+00,9.017127156257629395e-01,8.980679512023925781e-01
1.199544668197631836e-01,1.108133196830749512e-01,1.341093778610229492e-01,8.299700617790222168e-01,8.534628152847290039e-01,6.064746379852294922e-01
7.494628429412841797e-02,6.264710426330566406e-02,7.830762863159179688e-02,1.969088673591613770e+00,1.586298227310180664e+00,1.774790167808532715e+00
4.999959468841552734e-02,3.920799493789672852e-02,4.616260528564453125e-02,7.261984348297119141e-01,6.156148910522460938e-01,7.196599245071411133e-01
6.221723556518554688e-02,4.634946584701538086e-02,5.344247817993164062e-02,8.588469028472900391e-01,8.397508263587951660e-01,8.703392744064331055e-01
5.677038431167602539e-02,4.189968109130859375e-02,5.384141206741333008e-02,1.538077354431152344e+00,1.384485125541687012e+00,1.170993328094482422e+00
7.683455944061279297e-02,5.533558130264282227e-02,6.653183698654174805e-02,1.131915450096130371e+00,1.138458609580993652e+00,1.064956426620483398e+00
6.137430667877197266e-02,4.877758026123046875e-02,5.508470535278320312e-02,6.998314261436462402e-01,6.432209014892578125e-01,7.305341362953186035e-01
5.438089370727539062e-02,4.858177900314331055e-02,5.181241035461425781e-02,1.740635633468627930e+00,1.765443801879882812e+00,2.573438405990600586e+00
3.235155344009399414e-02,3.182119131088256836e-02,3.226286172866821289e-02,7.125903367996215820e-01,5.289877653121948242e-01,5.833400487899780273e-01
6.944078207015991211e-02,5.728751420974731445e-02,4.614186286926269531e-02,9.231237173080444336e-01,1.137290000915527344e+00,1.376063108444213867e+00
5.744594335556030273e-02,5.566585063934326172e-02,4.630780220031738281e-02,9.964556694030761719e-01,9.879359006881713867e-01,1.092639684677124023e+00
7.704520225524902344e-02,6.960135698318481445e-02,6.049740314483642578e-02,9.487985372543334961e-01,1.016440272331237793e+00,1.065202474594116211e+00
7.613986730575561523e-02,6.458759307861328125e-02,5.474907159805297852e-02,9.865268468856811523e-01,1.098599433898925781e+00,1.319627165794372559e+00
7.255661487579345703e-02,6.638002395629882812e-02,4.669886827468872070e-02,1.407409667968750000e+00,1.509381771087646484e+00,1.375339508056640625e+00
8.615899085998535156e-02,8.201676607131958008e-02,7.238745689392089844e-02,1.128956794738769531e+00,1.146653294563293457e+00,1.887791633605957031e+00
5.737102031707763672e-02,5.200141668319702148e-02,3.753340244293212891e-02,1.122581005096435547e+00,1.364638328552246094e+00,2.112873554229736328e+00
5.031663179397583008e-02,4.819267988204956055e-02,3.696906566619873047e-02,1.556160449981689453e+00,1.471790313720703125e+00,2.132917881011962891e+00
7.127934694290161133e-02,6.570625305175781250e-02,4.201734066009521484e-02,1.167448759078979492e+00,1.423258781433105469e+00,1.923251390457153320e+00
6.647533178329467773e-02,6.887590885162353516e-02,5.120068788528442383e-02,1.629620313644409180e+00,1.724741935729980469e+00,2.362842559814453125e+00
8.334231376647949219e-02,7.065939903259277344e-02,5.718666315078735352e-02,1.321217775344848633e+00,1.096878528594970703e+00,1.758982300758361816e+00
5.720525979995727539e-02,5.908155441284179688e-02,4.650789499282836914e-02,1.402613401412963867e+00,1.457042098045349121e+00,1.965368509292602539e+00
3.263642191886901855e-01,2.304480671882629395e-01,2.626549601554870605e-01,1.228501319885253906e+00,1.690332055091857910e+00,4.257761001586914062e+00
5.005753040313720703e-02,5.745899677276611328e-02,3.841477632522583008e-02,1.303102970123291016e+00,1.434739708900451660e+00,4.657728195190429688e+00
4.613220691680908203e-02,4.560077190399169922e-02,3.585702180862426758e-02,2.727817535400390625e+00,2.877116680145263672e+00,3.633297920227050781e+00
6.648445129394531250e-02,5.411571264266967773e-02,4.552888870239257812e-02,1.114845156669616699e+00,9.817391037940979004e-01,1.466082334518432617e+00
5.280750989913940430e-02,4.453289508819580078e-02,4.088920354843139648e-02,1.707766294479370117e+00,2.135928630828857422e+00,2.064835071563720703e+00
4.581105709075927734e-02,4.385626316070556641e-02,3.577655553817749023e-02,1.115075469017028809e+00,1.247913479804992676e+00,1.935685157775878906e+00
1.058124303817749023e-01,1.213120222091674805e-01,7.321161031723022461e-02,2.298139095306396484e+00,1.619842290878295898e+00,5.405036926269531250e+00
5.067944526672363281e-02,5.898731946945190430e-02,3.379386663436889648e-02,1.618796467781066895e+00,1.061743140220642090e+00,4.120792388916015625e+00
5.088186264038085938e-02,5.347913503646850586e-02,3.667545318603515625e-02,1.556556463241577148e+00,1.072350740432739258e+00,2.359120368957519531e+00
4.511708021163940430e-02,4.450374841690063477e-02,3.211426734924316406e-02,1.188982844352722168e+00,1.110067248344421387e+00,1.890464901924133301e+00
7.225692272186279297e-02,6.082141399383544922e-02,4.649609327316284180e-02,9.368226528167724609e-01,1.336247920989990234e+00,2.099340438842773438e+00
5.647784471511840820e-02,5.450659990310668945e-02,4.659265279769897461e-02,1.089541435241699219e+00,1.010468602180480957e+00,1.502076029777526855e+00
7.695901393890380859e-02,6.842797994613647461e-02,5.545699596405029297e-02,1.229710102081298828e+00,1.598902344703674316e+00,2.180444478988647461e+00
5.362612009048461914e-02,4.441362619400024414e-02,3.651934862136840820e-02,8.487120866775512695e-01,9.455267786979675293e-01,9.354354143142700195e-01
6.428843736648559570e-02,5.098521709442138672e-02,4.088115692138671875e-02,1.250577092170715332e+00,1.173024773597717285e+00,1.684953689575195312e+00
4.816782474517822266e-02,4.184192419052124023e-02,4.306787252426147461e-02,1.402827739715576172e+00,1.093271255493164062e+00,1.426597595214843750e+00
7.422530651092529297e-02,5.746239423751831055e-02,4.990714788436889648e-02,1.572575092315673828e+00,1.423555254936218262e+00,1.630931138992309570e+00
4.509598016738891602e-02,3.816103935241699219e-02,3.471314907073974609e-02,9.528869390487670898e-01,1.041183948516845703e+00,1.099296569824218750e+00
6.493145227432250977e-02,5.368638038635253906e-02,4.692846536636352539e-02,1.274346828460693359e+00,1.223357677459716797e+00,1.649811744689941406e+00
6.777065992355346680e-02,4.936301708221435547e-02,4.240483045578002930e-02,1.276342034339904785e+00,1.260675787925720215e+00,1.371506810188293457e+00
6.396192312240600586e-02,5.341047048568725586e-02,4.785597324371337891e-02,1.067602515220642090e+00,1.112513422966003418e+00,1.773758649826049805e+00
7.340347766876220703e-02,5.784398317337036133e-02,4.993808269500732422e-02,1.265781998634338379e+00,1.305306434631347656e+00,1.602011442184448242e+00
7.210367918014526367e-02,5.900698900222778320e-02,4.683887958526611328e-02,2.051781654357910156e+00,1.089088082313537598e+00,1.795213937759399414e+00
7.616060972213745117e-02,6.036651134490966797e-02,5.488389730453491211e-02,1.427381157875061035e+00,1.294155478477478027e+00,1.973771095275878906e+00
9.102630615234375000e-02,7.463335990905761719e-02,6.303495168685913086e-02,1.113075613975524902e+00,1.186473369598388672e+00,1.290631413459777832e+00
5.318427085876464844e-02,4.582947492599487305e-02,3.959637880325317383e-02,8.367090225219726562e-01,8.118059635162353516e-01,1.081542134284973145e+00
7.443720102310180664e-02,5.630850791931152344e-02,4.876381158828735352e-02,7.860742807388305664e-01,1.099591612815856934e+00,1.057212710380554199e+00
4.422426223754882812e-02,3.883463144302368164e-02,3.145855665206909180e-02,1.279242396354675293e+00,1.451033234596252441e+00,3.581084251403808594e+00
9.608602523803710938e-02,7.976692914962768555e-02,6.381958723068237305e-02,1.460425972938537598e+00,1.345556616783142090e+00,1.545032501220703125e+00
6.063884496688842773e-02,5.203253030776977539e-02,4.537779092788696289e-02,1.061236381530761719e+00,1.025521874427795410e+00,1.119912385940551758e+00
5.712282657623291016e-02,5.140829086303710938e-02,4.096448421478271484e-02,1.050735712051391602e+00,1.182142734527587891e+00,1.766714215278625488e+00
6.673425436019897461e-02,5.313456058502197266e-02,4.475748538970947266e-02,1.425702571868896484e+00,1.550333023071289062e+00,1.934541821479797363e+00
1.444108486175537109e-01,1.245131492614746094e-01,9.340435266494750977e-02,1.083933949470520020e+00,1.219109058380126953e+00,1.718581676483154297e+00
6.464356184005737305e-02,5.955165624618530273e-02,5.429309606552124023e-02,9.410022497177124023e-01,1.198393821716308594e+00,1.033971190452575684e+00
7.808160781860351562e-02,6.720560789108276367e-02,5.329692363739013672e-02,1.767965197563171387e+00,1.582062959671020508e+00,1.880966424942016602e+00
6.324309110641479492e-02,5.699121952056884766e-02,4.612398147583007812e-02,1.159590244293212891e+00,1.146330356597900391e+00,1.238427042961120605e+00
7.329314947128295898e-02,6.008613109588623047e-02,4.638576507568359375e-02,1.839035511016845703e+00,2.297258853912353516e+00,3.901531219482421875e+00
5.681687593460083008e-02,5.786848068237304688e-02,4.290068149566650391e-02,1.235556125640869141e+00,1.403308153152465820e+00,1.207233190536499023e+00
8.925765752792358398e-02,7.024240493774414062e-02,6.066924333572387695e-02,1.301551938056945801e+00,1.566380977630615234e+00,1.684542894363403320e+00
4.813903570175170898e-02,4.421103000640869141e-02,4.512119293212890625e-02,8.352706432342529297e-01,6.722127199172973633e-01,8.233462572097778320e-01
4.112094640731811523e-02,2.998334169387817383e-02,4.205203056335449219e-02,6.577143073081970215e-01,6.683070659637451172e-01,7.165592908859252930e-01
4.892992973327636719e-02,3.737783432006835938e-02,4.977428913116455078e-02,7.603642344474792480e-01,4.453636407852172852e-01,6.313031315803527832e-01
7.521682977676391602e-02,5.310863256454467773e-02,7.466733455657958984e-02,1.503035068511962891e+00,1.224549293518066406e+00,1.132684469223022461e+00
9.915161132812500000e-02,9.522986412048339844e-02,1.537597775459289551e-01,8.799444437026977539e-01,5.220715999603271484e-01,6.622758507728576660e-01
9.291887283325195312e-02,8.686190843582153320e-02,1.501411199569702148e-01,1.436378240585327148e+00,1.078511238098144531e+00,1.052581787109375000e+00
4.940146207809448242e-02,3.585845232009887695e-02,4.758059978485107422e-02,6.882029771804809570e-01,6.311463117599487305e-01,8.555570840835571289e-01
4.840546846389770508e-02,3.287851810455322266e-02,4.380583763122558594e-02,6.418890953063964844e-01,5.065189003944396973e-01,4.566741585731506348e-01
4.888093471527099609e-02,3.153097629547119141e-02,4.023599624633789062e-02,1.447638630867004395e+00,1.012867927551269531e+00,9.699236154556274414e-01
5.206918716430664062e-02,3.904902935028076172e-02,5.164933204650878906e-02,1.688689827919006348e+00,1.310382127761840820e+00,1.183406352996826172e+00
5.135750770568847656e-02,3.542536497116088867e-02,4.431778192520141602e-02,7.495880126953125000e-01,7.218010425567626953e-01,7.863306999206542969e-01
5.034577846527099609e-02,3.569340705871582031e-02,4.686230421066284180e-02,6.946867704391479492e-01,6.948385834693908691e-01,7.903906702995300293e-01
6.401467323303222656e-02,4.082715511322021484e-02,5.674999952316284180e-02,7.969735264778137207e-01,4.167723655700683594e-01,4.497252702713012695e-01
8.485937118530273438e-02,6.661051511764526367e-02,6.316262483596801758e-02,1.299974203109741211e+00,1.337635517120361328e+00,1.264071822166442871e+00
1.160802841186523438e-01,9.921813011169433594e-02,8.925962448120117188e-02,1.444260478019714355e+00,1.155295729637145996e+00,2.342256307601928711e+00
6.115204095840454102e-02,4.964876174926757812e-02,4.781699180603027344e-02,7.563368082046508789e-01,4.938855171203613281e-01,5.909718275070190430e-01
4.581212997436523438e-02,4.387968778610229492e-02,3.816783428192138672e-02,1.204751253128051758e+00,1.172053456306457520e+00,1.751508712768554688e+00
1.991908550262451172e-01,1.700334548950195312e-01,1.384536623954772949e-01,1.295861005783081055e+00,1.528483986854553223e+00,2.601767778396606445e+00
6.990641355514526367e-02,6.722831726074218750e-02,4.839688539505004883e-02,1.317844390869140625e+00,1.300446867942810059e+00,2.318175077438354492e+00
6.782412528991699219e-02,6.424713134765625000e-02,4.455739259719848633e-02,1.248226404190063477e+00,1.256487607955932617e+00,2.515915393829345703e+00
9.276115894317626953e-02,9.665751457214355469e-02,6.362539529800415039e-02,1.400588274002075195e+00,1.315745472908020020e+00,4.082451820373535156e+00
9.020268917083740234e-02,8.639681339263916016e-02,7.178002595901489258e-02,3.438754558563232422e+00,1.510134816169738770e+00,4.382336616516113281e+00
6.709277629852294922e-02,5.897784233093261719e-02,4.493004083633422852e-02,1.263193488121032715e+00,1.116137027740478516e+00,2.527331352233886719e+00
1.211594939231872559e-01,9.761863946914672852e-02,7.331371307373046875e-02,1.058374285697937012e+00,1.045812606811523438e+00,1.353475570678710938e+00
5.486118793487548828e-02,4.446816444396972656e-02,3.274261951446533203e-02,9.677751660346984863e-01,1.230542182922363281e+00,1.398326754570007324e+00
6.050384044647216797e-02,5.197262763977050781e-02,3.794288635253906250e-02,1.178081631660461426e+00,1.191590547561645508e+00,1.539188623428344727e+00
5.439394712448120117e-02,4.376953840255737305e-02,3.865456581115722656e-02,1.073893547058105469e+00,9.320563673973083496e-01,1.435701608657836914e+00
8.365863561630249023e-02,6.836557388305664062e-02,6.038922071456909180e-02,1.433602452278137207e+00,1.483039140701293945e+00,1.230899810791015625e+00
7.487690448760986328e-02,5.855959653854370117e-02,4.960906505584716797e-02,1.503548026084899902e+00,1.562857866287231445e+00,1.938495039939880371e+00
5.294787883758544922e-02,4.391723871231079102e-02,3.844052553176879883e-02,9.617836475372314453e-01,8.116940259933471680e-01,8.442120552062988281e-01
9.939765930175781250e-02,8.000743389129638672e-02,6.902700662612915039e-02,1.278643131256103516e+00,1.022465944290161133e+00,1.772796630859375000e+00
8.284807205200195312e-02,7.003301382064819336e-02,6.916362047195434570e-02,1.126292705535888672e+00,9.667314291000366211e-01,1.141816854476928711e+00
5.072647333145141602e-02,3.958475589752197266e-02,3.159892559051513672e-02,1.238733291625976562e+00,1.493441104888916016e+00,2.183980941772460938e+00
7.034718990325927734e-02,5.795431137084960938e-02,5.477446317672729492e-02,1.052972793579101562e+00,8.351517319679260254e-01,1.094849824905395508e+00
8.713656663894653320e-02,6.417793035507202148e-02,5.785810947418212891e-02,1.264799952507019043e+00,1.396886825561523438e+00,1.263695001602172852e+00
1.210784912109375000e-01,1.122479438781738281e-01,9.103614091873168945e-02,1.460545063018798828e+00,1.238546848297119141e+00,1.141174435615539551e+00
1.478086709976196289e-01,1.255309581756591797e-01,9.358584880828857422e-02,1.835741043090820312e+00,2.119676828384399414e+00,2.616000652313232422e+00
7.459974288940429688e-02,5.943596363067626953e-02,4.133570194244384766e-02,1.213296175003051758e+00,1.078675389289855957e+00,1.428339958190917969e+00
5.718076229095458984e-02,5.411928892135620117e-02,4.001230001449584961e-02,1.164904117584228516e+00,1.177897453308105469e+00,1.532908439636230469e+00
5.959850549697875977e-02,5.463927984237670898e-02,4.451179504394531250e-02,1.317841887474060059e+00,1.463770151138305664e+00,1.825299263000488281e+00
7.140523195266723633e-02,5.881708860397338867e-02,4.959458112716674805e-02,1.078791975975036621e+00,1.046758174896240234e+00,2.582197189331054688e+00
7.441198825836181641e-02,6.569588184356689453e-02,5.642563104629516602e-02,1.002757072448730469e+00,1.299521327018737793e+00,1.468854546546936035e+00
1.327194571495056152e-01,1.258458495140075684e-01,9.650963544845581055e-02,1.851033687591552734e+00,1.831409931182861328e+00,2.221470355987548828e+00
6.552976369857788086e-02,4.542481899261474609e-02,4.716932773590087891e-02,1.995706915855407715e+00,1.228872656822204590e+00,2.873431682586669922e+00
9.595620632171630859e-02,7.155615091323852539e-02,8.390432596206665039e-02,1.025475025177001953e+00,1.261786460876464844e+00,1.000041007995605469e+00
6.561470031738281250e-02,4.923319816589355469e-02,6.821000576019287109e-02,1.654789924621582031e+00,1.211561679840087891e+00,1.108409643173217773e+00
9.627842903137207031e-02,7.295036315917968750e-02,1.041913032531738281e-01,1.575086116790771484e+00,1.386595129966735840e+00,1.515666246414184570e+00
7.022094726562500000e-02,4.907244443893432617e-02,5.736833810806274414e-02,1.639450788497924805e+00,1.274922251701354980e+00,1.293109893798828125e+00
5.849307775497436523e-02,4.849684238433837891e-02,4.697978496551513672e-02,2.047716617584228516e+00,1.471226453781127930e+00,2.283945083618164062e+00
6.533235311508178711e-02,5.390381813049316406e-02,4.405099153518676758e-02,1.545868158340454102e+00,1.438882827758789062e+00,2.475427865982055664e+00
6.440788507461547852e-02,6.003302335739135742e-02,4.367744922637939453e-02,1.787145376205444336e+00,1.884992122650146484e+00,2.148697376251220703e+00
1.232457160949707031e-01,1.209399104118347168e-01,9.776365756988525391e-02,1.046839714050292969e+00,1.161204814910888672e+00,1.770326137542724609e+00
6.389951705932617188e-02,6.210064888000488281e-02,4.402148723602294922e-02,1.490836501121520996e+00,1.534397602081298828e+00,2.668990612030029297e+00
6.292390823364257812e-02,5.507880449295043945e-02,4.157495498657226562e-02,1.403197646141052246e+00,9.965441823005676270e-01,2.788951396942138672e+00
9.661602973937988281e-02,8.980786800384521484e-02,6.083625555038452148e-02,1.479039072990417480e+00,1.567127227783203125e+00,3.485855340957641602e+00
6.443631649017333984e-02,5.524009466171264648e-02,3.825742006301879883e-02,1.365703225135803223e+00,2.002640724182128906e+00,3.834737300872802734e+00
4.993879795074462891e-02,4.235547780990600586e-02,3.671211004257202148e-02,1.188652396202087402e+00,1.295160412788391113e+00,1.711629390716552734e+00
7.712548971176147461e-02,6.674462556838989258e-02,6.212317943572998047e-02,1.376527547836303711e+00,1.428864598274230957e+00,1.520285010337829590e+00
8.011239767074584961e-02,6.531786918640136719e-02,5.708670616149902344e-02,1.309798836708068848e+00,1.459105730056762695e+00,1.513154983520507812e+00
5.188804864883422852e-02,4.826617240905761719e-02,3.932887315750122070e-02,7.921053171157836914e-01,7.316392064094543457e-01,9.496117830276489258e-01
6.969720125198364258e-02,5.239301919937133789e-02,4.318070411682128906e-02,1.566334605216979980e+00,1.636037826538085938e+00,1.817081451416015625e+00
6.797933578491210938e-02,5.794125795364379883e-02,4.867565631866455078e-02,1.341969609260559082e+00,1.539258241653442383e+00,1.554160356521606445e+00
6.067943572998046875e-02,4.845768213272094727e-02,3.704077005386352539e-02,8.917770981788635254e-01,8.505903482437133789e-01,9.056503772735595703e-01
8.110517263412475586e-02,6.911355257034301758e-02,6.557589769363403320e-02,1.593987464904785156e+00,1.648412466049194336e+00,3.506730794906616211e+00
7.835376262664794922e-02,6.795108318328857422e-02,5.897033214569091797e-02,1.332322835922241211e+00,1.007527828216552734e+00,1.336510896682739258e+00
6.677323579788208008e-02,6.362628936767578125e-02,4.900234937667846680e-02,1.215949773788452148e+00,1.254615426063537598e+00,1.278246045112609863e+00
6.970846652984619141e-02,6.114453077316284180e-02,5.116939544677734375e-02,1.015990018844604492e+00,1.083217859268188477e+00,1.394629955291748047e+00
9.026938676834106445e-02,8.438050746917724609e-02,6.519591808319091797e-02,1.025301218032836914e+00,1.300496578216552734e+00,1.636538386344909668e+00
4.812204837799072266e-02,4.777729511260986328e-02,4.195064306259155273e-02,1.341131925582885742e+00,1.024780869483947754e+00,1.350310325622558594e+00
6.213355064392089844e-02,5.302494764328002930e-02,4.540586471557617188e-02,1.056355834007263184e+00,1.106587171554565430e+00,1.255486965179443359e+00
7.510024309158325195e-02,4.496741294860839844e-02,5.231845378875732422e-02,1.751910686492919922e+00,2.139670133590698242e+00,1.804116249084472656e+00
4.816120862960815430e-02,3.012925386428833008e-02,3.641903400421142578e-02,7.611865997314453125e-01,6.303529143333435059e-01,6.015316843986511230e-01
5.654650926589965820e-02,3.832608461380004883e-02,5.568444728851318359e-02,7.480770349502563477e-01,7.810167074203491211e-01,7.939442396163940430e-01
4.550582170486450195e-02,3.485602140426635742e-02,4.630511999130249023e-02,5.983275175094604492e-01,4.725766181945800781e-01,4.705402851104736328e-01
4.962354898452758789e-02,3.554695844650268555e-02,4.792249202728271484e-02,6.854258179664611816e-01,4.229285717010498047e-01,5.907177329063415527e-01
4.883837699890136719e-02,3.387361764907836914e-02,4.724174737930297852e-02,6.447848081588745117e-01,4.053400754928588867e-01,5.300774574279785156e-01
5.767571926116943359e-02,4.640060663223266602e-02,5.573880672454833984e-02,1.313993811607360840e+00,9.995638132095336914e-01,7.772258520126342773e-01
7.737797498703002930e-02,6.350684165954589844e-02,5.776691436767578125e-02,1.989664793014526367e+00,1.609995126724243164e+00,2.711504936218261719e+00
4.773598909378051758e-02,4.584342241287231445e-02,4.198193550109863281e-02,1.511251926422119141e+00,2.017391443252563477e+00,2.525327682495117188e+00
6.190770864486694336e-02,7.279908657073974609e-02,5.405974388122558594e-02,1.559880852699279785e+00,1.844962835311889648e+00,4.615883350372314453e+00
5.352133512496948242e-02,4.900825023651123047e-02,4.200875759124755859e-02,1.475462794303894043e+00,1.764695763587951660e+00,4.812426567077636719e+00
6.600183248519897461e-02,7.183027267456054688e-02,5.186069011688232422e-02,1.472959518432617188e+00,1.385531187057495117e+00,4.214292526245117188e+00
6.894189119338989258e-02,6.238979101181030273e-02,4.800152778625488281e-02,1.589033365249633789e+00,1.258079767227172852e+00,4.116928100585937500e+00
6.197780370712280273e-02,5.970293283462524414e-02,5.075669288635253906e-02,1.131817817687988281e+00,1.057324290275573730e+00,3.070753097534179688e+00
5.451607704162597656e-02,5.157244205474853516e-02,4.377365112304687500e-02,1.866970300674438477e+00,2.479397773742675781e+00,2.629625797271728516e+00
6.789672374725341797e-02,5.545485019683837891e-02,4.435372352600097656e-02,1.852672934532165527e+00,2.167229890823364258e+00,2.859118461608886719e+00
6.044018268585205078e-02,6.186211109161376953e-02,5.072432756423950195e-02,5.946339368820190430e-01,6.770185232162475586e-01,9.886078834533691406e-01
9.064614772796630859e-02,7.665163278579711914e-02,6.234884262084960938e-02,1.316737890243530273e+00,1.279313206672668457e+00,1.932874679565429688e+00
6.424766778945922852e-02,5.063992738723754883e-02,4.197800159454345703e-02,1.259899735450744629e+00,1.273782491683959961e+00,1.419376373291015625e+00
9.332495927810668945e-02,7.205522060394287109e-02,6.163769960403442383e-02,1.254436969757080078e+00,1.235864639282226562e+00,1.489828109741210938e+00
8.812791109085083008e-02,6.568783521652221680e-02,5.683404207229614258e-02,1.319344282150268555e+00,1.383083224296569824e+00,1.726534128189086914e+00
7.625573873519897461e-02,6.883639097213745117e-02,5.191916227340698242e-02,2.006847143173217773e+00,2.201183319091796875e+00,2.486564636230468750e+00
9.560394287109375000e-02,8.537006378173828125e-02,5.829727649688720703e-02,9.525228738784790039e-01,1.184596300125122070e+00,2.131669521331787109e+00
5.317783355712890625e-02,5.876952409744262695e-02,4.122608900070190430e-02,1.681435585021972656e+00,1.193685770034790039e+00,2.853854417800903320e+00
7.015013694763183594e-02,8.831709623336791992e-02,4.874038696289062500e-02,2.596781492233276367e+00,1.683978438377380371e+00,5.659860610961914062e+00
9.743839502334594727e-02,1.072651147842407227e-01,6.968325376510620117e-02,1.720512151718139648e+00,9.213500618934631348e-01,5.369672775268554688e+00
4.798614978790283203e-02,5.644029378890991211e-02,3.810328245162963867e-02,2.852422237396240234e+00,9.452673196792602539e-01,6.444931030273437500e+00
5.761061310768127441e-01,5.263951420783996582e-01,3.766196966171264648e-01,1.693062782287597656e+00,1.968303322792053223e+00,3.280256271362304688e+00
9.233790636062622070e-02,1.217953562736511230e-01,7.125395536422729492e-02,1.920844316482543945e+00,1.188355207443237305e+00,5.203278541564941406e+00
7.132816314697265625e-02,7.606118917465209961e-02,5.249619483947753906e-02,1.767263531684875488e+00,1.221141099929809570e+00,3.814197063446044922e+00
4.438430070877075195e-02,4.391992092132568359e-02,3.126364946365356445e-02,1.513352036476135254e+00,1.350998282432556152e+00,2.416613578796386719e+00
7.178395986557006836e-02,6.077563762664794922e-02,4.915040731430053711e-02,1.212220072746276855e+00,1.316642284393310547e+00,1.974346876144409180e+00
6.595230102539062500e-02,5.235403776168823242e-02,4.292070865631103516e-02,1.433888554573059082e+00,1.486451983451843262e+00,1.710031509399414062e+00
9.474956989288330078e-02,8.213728666305541992e-02,7.099592685699462891e-02,1.500254869461059570e+00,1.539170980453491211e+00,1.477368116378784180e+00
7.084661722183227539e-02,5.666953325271606445e-02,5.207920074462890625e-02,1.104658126831054688e+00,1.275639653205871582e+00,2.077596187591552734e+00
5.553299188613891602e-02,4.784846305847167969e-02,3.927433490753173828e-02,1.630515933036804199e+00,1.530873060226440430e+00,1.505810976028442383e+00
7.448101043701171875e-02,7.089507579803466797e-02,6.101846694946289062e-02,1.221567392349243164e+00,1.135124444961547852e+00,3.045386791229248047e+00
3.998708724975585938e-02,3.757810592651367188e-02,2.978503704071044922e-02,1.111320734024047852e+00,1.254272937774658203e+00,3.248283863067626953e+00
7.572019100189208984e-02,8.496576547622680664e-02,6.524348258972167969e-02,1.635926723480224609e+00,1.519806385040283203e+00,4.831042289733886719e+00
5.233204364776611328e-02,6.123805046081542969e-02,5.007666349411010742e-02,1.385734319686889648e+00,1.474932909011840820e+00,4.019914627075195312e+00
4.037725925445556641e-02,4.023993015289306641e-02,2.862793207168579102e-02,1.379440784454345703e+00,1.163833022117614746e+00,2.493869781494140625e+00
5.641078948974609375e-02,5.310130119323730469e-02,4.386574029922485352e-02,1.281009435653686523e+00,1.175182342529296875e+00,2.292120695114135742e+00
5.456650257110595703e-02,4.889041185379028320e-02,3.800690174102783203e-02,1.257428407669067383e+00,1.157447218894958496e+00,2.502891778945922852e+00
4.488641023635864258e-02,4.008722305297851562e-02,3.305089473724365234e-02,1.314642190933227539e+00,1.118428230285644531e+00,1.289195299148559570e+00
7.312864065170288086e-02,6.362700462341308594e-02,5.326277017593383789e-02,9.918469190597534180e-01,9.252430200576782227e-01,9.858444929122924805e-01
7.769644260406494141e-02,6.659477949142456055e-02,5.551582574844360352e-02,1.461267709732055664e+00,1.251771569252014160e+00,1.354053258895874023e+00
7.268553972244262695e-02,5.992627143859863281e-02,5.431258678436279297e-02,1.174505710601806641e+00,1.310470104217529297e+00,1.307160973548889160e+00
5.559110641479492188e-02,5.291461944580078125e-02,4.581981897354125977e-02,1.089202880859375000e+00,1.012564301490783691e+00,1.123276233673095703e+00
6.747418642044067383e-02,6.192094087600708008e-02,5.098843574523925781e-02,1.324927568435668945e+00,1.137825250625610352e+00,1.435758233070373535e+00
6.269288063049316406e-02,5.831587314605712891e-02,4.989230632781982422e-02,1.769077777862548828e+00,1.530312776565551758e+00,1.626332044601440430e+00
8.081120252609252930e-02,6.627452373504638672e-02,6.229054927825927734e-02,1.784214496612548828e+00,1.884054899215698242e+00,2.560668230056762695e+00
9.209418296813964844e-02,6.899929046630859375e-02,7.603454589843750000e-02,1.336644172668457031e+00,1.191721677780151367e+00,1.121167659759521484e+00
1.241941452026367188e-01,9.991818666458129883e-02,1.133276224136352539e-01,1.769359946250915527e+00,1.155222654342651367e+00,1.457295656204223633e+00
8.819907903671264648e-02,7.118010520935058594e-02,6.993949413299560547e-02,1.090757846832275391e+00,1.055214643478393555e+00,9.066406488418579102e-01
6.926608085632324219e-02,5.120354890823364258e-02,4.149574041366577148e-02,1.317500352859497070e+00,1.101419448852539062e+00,1.308256745338439941e+00
5.901682376861572266e-02,4.418957233428955078e-02,5.549401044845581055e-02,6.615731120109558105e-01,8.811618089675903320e-01,9.221484661102294922e-01
5.623608827590942383e-02,3.364956378936767578e-02,4.490894079208374023e-02,2.130780935287475586e+00,1.631082534790039062e+00,4.189268589019775391e+00
8.432614803314208984e-02,6.577223539352416992e-02,5.338793992996215820e-02,1.044048309326171875e+00,9.905451536178588867e-01,1.196269869804382324e+00
7.133942842483520508e-02,4.911482334136962891e-02,7.171386480331420898e-02,1.437904000282287598e+00,1.060129165649414062e+00,1.260421156883239746e+00
1.441097259521484375e-02,7.680594921112060547e-03,1.073920726776123047e-02,1.236965894699096680e+00,9.732795953750610352e-01,9.826467633247375488e-01
5.443865060806274414e-02,3.816157579421997070e-02,5.032700300216674805e-02,9.924412965774536133e-01,5.995702743530273438e-01,8.044384717941284180e-01
3.227770328521728516e-02,1.855552196502685547e-02,2.684336900711059570e-02,1.461322546005249023e+00,1.180860280990600586e+00,1.180263996124267578e+00
4.911589622497558594e-02,3.126597404479980469e-02,4.420995712280273438e-02,1.079252958297729492e+00,1.257762193679809570e+00,1.154845118522644043e+00
5.278623104095458984e-02,3.720688819885253906e-02,5.034917593002319336e-02,5.897226333618164062e-01,5.359724164009094238e-01,6.120656132698059082e-01
5.168205499649047852e-02,3.624594211578369141e-02,5.006808042526245117e-02,6.677311062812805176e-01,5.003879070281982422e-01,4.652239680290222168e-01
7.268965244293212891e-02,9.010988473892211914e-02,1.441082954406738281e-01,6.482734680175781250e-01,7.158569097518920898e-01,7.009660005569458008e-01
5.586773157119750977e-02,3.418421745300292969e-02,4.173517227172851562e-02,7.621475458145141602e-01,4.731257557868957520e-01,5.051436424255371094e-01
4.631173610687255859e-02,3.081214427947998047e-02,3.770256042480468750e-02,7.240406870841979980e-01,6.011055707931518555e-01,1.300904273986816406e+00
9.473276138305664062e-02,6.762868165969848633e-02,1.011153459548950195e-01,1.432174682617187500e+00,1.064945340156555176e+00,8.788415193557739258e-01
6.867796182632446289e-02,5.138486623764038086e-02,4.138004779815673828e-02,1.425208926200866699e+00,1.168535470962524414e+00,1.838196516036987305e+00
5.031555891036987305e-02,3.587830066680908203e-02,4.095607995986938477e-02,5.979673862457275391e-01,7.992768287658691406e-01,7.239562869071960449e-01
7.389968633651733398e-02,4.868298768997192383e-02,5.890971422195434570e-02,8.421310186386108398e-01,5.525339841842651367e-01,5.606231689453125000e-01
4.608160257339477539e-02,3.116458654403686523e-02,4.327404499053955078e-02,1.578697085380554199e+00,1.042605042457580566e+00,9.439957737922668457e-01
6.319266557693481445e-02,4.753285646438598633e-02,6.701374053955078125e-02,9.502819776535034180e-01,4.978494644165039062e-01,6.812497973442077637e-01
7.317817211151123047e-02,5.772042274475097656e-02,7.405418157577514648e-02,7.319401502609252930e-01,8.600242137908935547e-01,9.888975620269775391e-01
