5.417883396148681641e-02,5.255144834518432617e-02,4.404652118682861328e-02,1.647960901260375977e+00,1.155702710151672363e+00,2.397177696228027344e+00
4.210299253463745117e-02,4.193830490112304688e-02,3.220134973526000977e-02,1.092146158218383789e+00,1.205607533454895020e+00,3.011391878128051758e+00
4.412788152694702148e-02,4.470348358154296875e-02,3.751534223556518555e-02,1.967595934867858887e+00,1.632470369338989258e+00,2.825634002685546875e+00
6.194883584976196289e-02,5.941575765609741211e-02,5.014675855636596680e-02,1.317152738571166992e+00,1.078799486160278320e+00,1.893388271331787109e+00
6.777727603912353516e-02,6.010562181472778320e-02,4.902845621109008789e-02,1.187084913253784180e+00,1.034359693527221680e+00,1.562015295028686523e+00
6.603419780731201172e-02,5.802190303802490234e-02,5.366009473800659180e-02,6.718693971633911133e-01,3.003991127014160156e+00,3.127359151840209961e+00
6.856584548950195312e-02,6.569874286651611328e-02,5.560863018035888672e-02,1.055816531181335449e+00,1.292145967483520508e+00,1.626196146011352539e+00
5.605173110961914062e-02,5.236047506332397461e-02,4.999959468841552734e-02,1.162245869636535645e+00,1.273741364479064941e+00,2.545097827911376953e+00
4.709726572036743164e-02,4.224961996078491211e-02,3.447371721267700195e-02,1.131262540817260742e+00,1.161203384399414062e+00,1.979176521301269531e+00
1.341329813003540039e-01,1.353374719619750977e-01,1.228655576705932617e-01,1.284093141555786133e+00,9.384291172027587891e-01,9.155429005622863770e-01
6.769216060638427734e-02,6.172084808349609375e-02,4.853153228759765625e-02,1.483193874359130859e+00,1.443972587585449219e+00,2.032160043716430664e+00
5.611914396286010742e-02,5.006361007690429688e-02,3.721922636032104492e-02,1.244152784347534180e+00,1.296769022941589355e+00,1.760472893714904785e+00
4.836899042129516602e-02,4.375237226486206055e-02,3.718632459640502930e-02,1.243329763412475586e+00,1.554397344589233398e+00,1.567288756370544434e+00
7.782340049743652344e-02,7.412695884704589844e-02,5.173051357269287109e-02,1.413528800010681152e+00,1.504003763198852539e+00,2.005553960800170898e+00
6.500583887100219727e-02,5.776941776275634766e-02,4.213750362396240234e-02,1.252896666526794434e+00,1.146788120269775391e+00,2.435070753097534180e+00
1.543745398521423340e-01,1.511190533638000488e-01,9.195148944854736328e-02,1.065806627273559570e+00,1.385469675064086914e+00,2.888037204742431641e+00
6.337577104568481445e-02,5.514782667160034180e-02,4.186820983886718750e-02,1.035640954971313477e+00,1.041753530502319336e+00,1.391719579696655273e+00
8.183956146240234375e-02,8.160030841827392578e-02,7.632994651794433594e-02,1.658917903900146484e+00,1.126415491104125977e+00,3.228201389312744141e+00
8.196991682052612305e-02,8.791261911392211914e-02,6.009292602539062500e-02,1.406894803047180176e+00,1.123684287071228027e+00,2.662193536758422852e+00
6.624859571456909180e-02,7.385444641113281250e-02,5.391848087310791016e-02,1.468577146530151367e+00,1.412523150444030762e+00,4.038570404052734375e+00
4.979286789894104004e-01,6.922262907028198242e-01,6.602715253829956055e-01,1.827358007431030273e+00,1.228801965713500977e+00,4.695263862609863281e+00
6.580603122711181641e-02,7.313221693038940430e-02,4.786705970764160156e-02,1.173258781433105469e+00,2.173664569854736328e+00,4.431206226348876953e+00
2.645146250724792480e-01,2.300060391426086426e-01,1.874579787254333496e-01,2.456284999847412109e+00,1.929324150085449219e+00,4.894470214843750000e+00
6.810897588729858398e-02,7.073217630386352539e-02,5.428612232208251953e-02,1.369353890419006348e+00,2.141679763793945312e+00,2.539195537567138672e+00
7.919025421142578125e-02,7.362717390060424805e-02,5.449658632278442383e-02,1.569594621658325195e+00,1.038745522499084473e+00,2.820326805114746094e+00
6.579172611236572266e-02,6.234312057495117188e-02,4.842299222946166992e-02,1.276391267776489258e+00,1.171657919883728027e+00,2.439799785614013672e+00
4.488819837570190430e-02,3.968524932861328125e-02,3.245669603347778320e-02,1.007673501968383789e+00,1.176096439361572266e+00,1.969789981842041016e+00
5.372393131256103516e-02,5.279070138931274414e-02,4.662930965423583984e-02,7.212036252021789551e-01,6.040300726890563965e-01,7.494403123855590820e-01
5.494630336761474609e-02,4.901450872421264648e-02,4.192936420440673828e-02,1.365193963050842285e+00,1.426478505134582520e+00,1.761576533317565918e+00
9.651052951812744141e-02,7.943165302276611328e-02,6.347233057022094727e-02,1.378711938858032227e+00,1.255454778671264648e+00,1.916229128837585449e+00
7.391577959060668945e-02,6.126040220260620117e-02,5.086344480514526367e-02,9.131577014923095703e-01,1.515576362609863281e+00,2.509684562683105469e+00
7.213461399078369141e-02,6.783628463745117188e-02,4.355335235595703125e-02,1.345584511756896973e+00,1.792994737625122070e+00,2.431807518005371094e+00
4.694652557373046875e-02,4.424232244491577148e-02,3.636485338211059570e-02,1.166972875595092773e+00,1.223545432090759277e+00,2.073653936386108398e+00
7.131439447402954102e-02,6.274098157882690430e-02,5.307555198669433594e-02,1.461170554161071777e+00,1.516173124313354492e+00,2.587752342224121094e+00
4.439145326614379883e-02,4.282468557357788086e-02,3.673231601715087891e-02,1.455058574676513672e+00,1.321866273880004883e+00,1.695970416069030762e+00
4.743021726608276367e-02,4.021775722503662109e-02,3.619712591171264648e-02,1.713968515396118164e+00,9.639331698417663574e-01,1.114111423492431641e+00
3.399592638015747070e-02,3.504484891891479492e-02,2.685105800628662109e-02,1.307239294052124023e+00,1.236554503440856934e+00,3.199684381484985352e+00
5.809396505355834961e-02,5.955755710601806641e-02,4.903972148895263672e-02,1.422961235046386719e+00,1.630757689476013184e+00,2.896239995956420898e+00
9.275525808334350586e-02,9.528458118438720703e-02,7.810127735137939453e-02,2.092105388641357422e+00,1.361642122268676758e+00,3.012181758880615234e+00
3.375703096389770508e-02,3.814530372619628906e-02,2.826011180877685547e-02,4.406716823577880859e+00,3.394721746444702148e+00,3.726364612579345703e+00
4.941236972808837891e-02,4.744988679885864258e-02,4.135805368423461914e-02,1.377767801284790039e+00,1.174219965934753418e+00,2.904245138168334961e+00
2.579099535942077637e-01,2.813428044319152832e-01,2.221625447273254395e-01,1.587257146835327148e+00,9.796557426452636719e-01,2.331327199935913086e+00
6.846392154693603516e-02,6.509023904800415039e-02,5.581712722778320312e-02,1.636943936347961426e+00,1.714645743370056152e+00,3.608377933502197266e+00
5.752211809158325195e-02,5.642974376678466797e-02,4.829281568527221680e-02,1.826743483543395996e+00,1.558619499206542969e+00,3.058903455734252930e+00
6.640273332595825195e-02,6.189733743667602539e-02,5.100721120834350586e-02,1.049339890480041504e+00,1.236316680908203125e+00,1.645160436630249023e+00
7.742875814437866211e-02,6.875896453857421875e-02,5.853617191314697266e-02,1.279526352882385254e+00,1.517863750457763672e+00,1.465227127075195312e+00
1.189126968383789062e-01,1.105048656463623047e-01,9.562414884567260742e-02,1.904895067214965820e+00,1.068846344947814941e+00,4.869365692138671875e+00
8.243072032928466797e-02,8.106118440628051758e-02,7.101380825042724609e-02,1.318648695945739746e+00,1.344583511352539062e+00,2.688080549240112305e+00
8.877056837081909180e-02,8.380812406539916992e-02,6.800669431686401367e-02,1.574889779090881348e+00,1.331102728843688965e+00,2.286345720291137695e+00
1.858749389648437500e-01,1.770383119583129883e-01,1.563593745231628418e-01,1.633355855941772461e+00,1.423489451408386230e+00,2.137073516845703125e+00
8.252066373825073242e-02,7.605421543121337891e-02,6.686943769454956055e-02,1.212980270385742188e+00,1.854179263114929199e+00,2.068058729171752930e+00
7.126861810684204102e-02,7.686245441436767578e-02,5.582910776138305664e-02,1.888817310333251953e+00,1.312782168388366699e+00,3.334319829940795898e+00
4.725658893585205078e-02,4.599237442016601562e-02,4.188162088394165039e-02,1.284298539161682129e+00,1.381473779678344727e+00,2.669319868087768555e+00
1.295045614242553711e-01,1.390435695648193359e-01,1.249381899833679199e-01,1.527813792228698730e+00,1.492982268333435059e+00,2.030701398849487305e+00
7.796144485473632812e-02,7.792693376541137695e-02,6.358194351196289062e-02,1.591384887695312500e+00,1.939446687698364258e+00,2.458302736282348633e+00
5.690753459930419922e-02,5.071181058883666992e-02,4.527693986892700195e-02,9.576104879379272461e-01,1.096002101898193359e+00,1.471380114555358887e+00
7.223725318908691406e-02,6.805980205535888672e-02,5.373519659042358398e-02,1.462996006011962891e+00,1.655851721763610840e+00,4.547025203704833984e+00
7.003176212310791016e-02,6.784325838088989258e-02,5.800563097000122070e-02,1.318400859832763672e+00,1.477123498916625977e+00,2.592885255813598633e+00
4.957330226898193359e-02,4.423910379409790039e-02,3.725141286849975586e-02,1.294100403785705566e+00,1.229383230209350586e+00,1.607706308364868164e+00
7.574343681335449219e-02,6.556820869445800781e-02,5.683135986328125000e-02,1.297248840332031250e+00,1.215595006942749023e+00,1.285446166992187500e+00
4.154330492019653320e-02,3.567713499069213867e-02,2.489072084426879883e-02,1.735062122344970703e+00,1.155302882194519043e+00,2.054574489593505859e+00
1.733631491661071777e-01,1.620833873748779297e-01,9.315901994705200195e-02,1.456729531288146973e+00,1.634891510009765625e+00,2.012589931488037109e+00
6.466805934906005859e-02,4.976963996887207031e-02,3.996223211288452148e-02,1.307077646255493164e+00,1.338896870613098145e+00,2.670196056365966797e+00
5.679023265838623047e-02,5.506002902984619141e-02,4.072308540344238281e-02,1.299700140953063965e+00,1.306770086288452148e+00,2.088942527770996094e+00
1.444126367568969727e-01,1.570699810981750488e-01,1.487701535224914551e-01,1.060806512832641602e+00,1.445228576660156250e+00,3.607275962829589844e+00
4.544234275817871094e-02,5.297183990478515625e-02,3.738874197006225586e-02,1.765190839767456055e+00,1.106146216392517090e+00,4.378348350524902344e+00
2.678081989288330078e-01,2.437698841094970703e-01,1.927862763404846191e-01,2.295951128005981445e+00,1.504012823104858398e+00,5.539997577667236328e+00
1.428726911544799805e-01,1.644916534423828125e-01,1.010810136795043945e-01,1.822549819946289062e+00,1.498368501663208008e+00,5.319432258605957031e+00
1.760222911834716797e-01,2.348059415817260742e-01,1.752607226371765137e-01,2.039716958999633789e+00,1.298636913299560547e+00,4.658096313476562500e+00
9.858459234237670898e-02,1.038671135902404785e-01,6.129777431488037109e-02,1.823943138122558594e+00,1.175137996673583984e+00,3.895800590515136719e+00
7.707881927490234375e-02,7.645046710968017578e-02,4.727196693420410156e-02,2.173052310943603516e+00,9.592743515968322754e-01,4.597149848937988281e+00
1.109826564788818359e-01,9.646582603454589844e-02,1.151915788650512695e-01,1.740863084793090820e+00,1.119246006011962891e+00,4.071050643920898438e+00
7.364737987518310547e-02,6.614398956298828125e-02,4.687589406967163086e-02,1.173479676246643066e+00,1.075188159942626953e+00,3.424890518188476562e+00
9.133529663085937500e-02,7.828402519226074219e-02,6.123840808868408203e-02,1.580651521682739258e+00,1.643124103546142578e+00,1.538476228713989258e+00
2.113612890243530273e-01,1.907064914703369141e-01,1.278076171875000000e-01,2.803517580032348633e+00,2.193628549575805664e+00,5.242871761322021484e+00
1.025716066360473633e-01,1.129676699638366699e-01,9.017908573150634766e-02,1.171112775802612305e+00,1.195358991622924805e+00,1.527720808982849121e+00
8.729857206344604492e-02,8.233129978179931641e-02,8.051955699920654297e-02,1.493586659431457520e+00,1.701144695281982422e+00,2.106520652770996094e+00
1.608218550682067871e-01,1.533547639846801758e-01,1.333497762680053711e-01,1.344365119934082031e+00,1.355544447898864746e+00,2.179802894592285156e+00
6.364095211029052734e-02,6.078904867172241211e-02,5.269271135330200195e-02,1.301591992378234863e+00,1.376760721206665039e+00,1.400695681571960449e+00
7.694685459136962891e-02,6.978464126586914062e-02,5.293124914169311523e-02,1.110464930534362793e+00,1.071642398834228516e+00,1.511343240737915039e+00
6.567192077636718750e-02,6.458991765975952148e-02,4.973423480987548828e-02,1.227635622024536133e+00,1.197856903076171875e+00,1.570985794067382812e+00
6.896066665649414062e-02,6.065618991851806641e-02,5.055981874465942383e-02,1.188074469566345215e+00,1.190030694007873535e+00,1.591271162033081055e+00
3.839063644409179688e-02,3.610879182815551758e-02,2.901792526245117188e-02,9.895675778388977051e-01,8.666253089904785156e-01,9.474145174026489258e-01
7.093513011932373047e-02,6.026798486709594727e-02,5.711477994918823242e-02,1.150985240936279297e+00,9.805662631988525391e-01,1.841522932052612305e+00
4.684549570083618164e-02,4.046559333801269531e-02,3.764265775680541992e-02,1.122835874557495117e+00,1.183240056037902832e+00,1.473392844200134277e+00
7.634353637695312500e-02,6.243681907653808594e-02,5.041676759719848633e-02,1.377169132232666016e+00,1.458947896957397461e+00,1.830949544906616211e+00
5.591708421707153320e-02,5.434083938598632812e-02,4.317319393157958984e-02,1.826264262199401855e+00,1.656388044357299805e+00,2.011367321014404297e+00
7.157510519027709961e-02,5.226874351501464844e-02,4.770630598068237305e-02,1.376468658447265625e+00,1.166193366050720215e+00,1.445641279220581055e+00
5.625379085540771484e-02,4.965734481811523438e-02,4.044735431671142578e-02,1.444444298744201660e+00,1.165409445762634277e+00,1.748741984367370605e+00
1.461508870124816895e-01,1.234445571899414062e-01,1.013903617858886719e-01,9.582087993621826172e-01,1.084169626235961914e+00,1.572360277175903320e+00
6.604439020156860352e-02,5.522024631500244141e-02,4.514837265014648438e-02,1.294131159782409668e+00,1.221788048744201660e+00,1.158203244209289551e+00
6.949299573898315430e-02,6.987261772155761719e-02,6.140577793121337891e-02,1.278438091278076172e+00,1.176397919654846191e+00,1.833790779113769531e+00
5.674445629119873047e-02,4.909157752990722656e-02,4.175215959548950195e-02,1.144642353057861328e+00,1.352115869522094727e+00,1.243862986564636230e+00
1.078425049781799316e-01,1.014724373817443848e-01,7.613611221313476562e-02,1.170403480529785156e+00,1.549266338348388672e+00,1.845142364501953125e+00
4.882264137268066406e-02,4.617673158645629883e-02,3.589063882827758789e-02,1.338337898254394531e+00,1.354433655738830566e+00,1.929005384445190430e+00
1.415382027626037598e-01,1.464343070983886719e-01,1.190044283866882324e-01,1.571622848510742188e+00,1.671527862548828125e+00,1.817201256752014160e+00
7.016211748123168945e-02,6.972044706344604492e-02,5.799168348312377930e-02,1.664635896682739258e+00,1.340831995010375977e+00,2.716206789016723633e+00
5.251818895339965820e-02,5.068373680114746094e-02,3.892904520034790039e-02,1.104978203773498535e+00,1.296075344085693359e+00,2.166898012161254883e+00
7.258683443069458008e-02,6.729000806808471680e-02,5.745255947113037109e-02,1.316010951995849609e+00,1.189880132675170898e+00,2.111619710922241211e+00
6.816583871841430664e-02,6.870085000991821289e-02,5.177378654479980469e-02,1.305226922035217285e+00,1.431355834007263184e+00,1.364676475524902344e+00
1.354256272315979004e-01,1.535559296607971191e-01,1.305293440818786621e-01,1.189183115959167480e+00,1.013983964920043945e+00,1.401783943176269531e+00
6.333088874816894531e-02,5.034470558166503906e-02,3.646409511566162109e-02,1.197687506675720215e+00,1.165948748588562012e+00,1.603089570999145508e+00
8.038669824600219727e-02,6.867080926895141602e-02,5.924892425537109375e-02,1.227271795272827148e+00,1.612903475761413574e+00,1.913905858993530273e+00
1.554175615310668945e-01,1.309311389923095703e-01,1.452156901359558105e-01,1.221778631210327148e+00,1.282014727592468262e+00,3.160202026367187500e+00
4.475498199462890625e-02,5.042213201522827148e-02,3.198105096817016602e-02,1.419707894325256348e+00,1.074264049530029297e+00,3.225263357162475586e+00
7.036685943603515625e-02,8.510506153106689453e-02,5.029857158660888672e-02,1.764390468597412109e+00,1.018032431602478027e+00,6.947436332702636719e+00
9.339612722396850586e-02,1.106954813003540039e-01,5.994522571563720703e-02,1.666177272796630859e+00,4.770956039428710938e-01,4.572623729705810547e+00
2.642176151275634766e-01,3.114030361175537109e-01,2.941135168075561523e-01,1.786025404930114746e+00,2.512695312500000000e+00,5.451991081237792969e+00
1.200481653213500977e-01,7.945990562438964844e-02,5.963963270187377930e-02,1.616479158401489258e+00,1.751183986663818359e+00,3.097245454788208008e+00
1.025615930557250977e-01,9.804421663284301758e-02,6.746184825897216797e-02,1.588854789733886719e+00,1.062251329421997070e+00,3.904868125915527344e+00
9.180253744125366211e-02,9.798717498779296875e-02,5.914002656936645508e-02,1.900697946548461914e+00,9.111599922180175781e-01,4.742516517639160156e+00
7.351595163345336914e-02,7.866203784942626953e-02,5.121409893035888672e-02,1.415081262588500977e+00,1.115114092826843262e+00,2.272288560867309570e+00
6.268125772476196289e-02,5.556035041809082031e-02,4.809486865997314453e-02,2.260296344757080078e+00,2.162706375122070312e+00,2.961970329284667969e+00
6.942343711853027344e-02,6.033360958099365234e-02,5.323880910873413086e-02,1.389240503311157227e+00,1.522401332855224609e+00,4.314979553222656250e+00
5.694830417633056641e-02,5.011564493179321289e-02,3.775584697723388672e-02,1.241700410842895508e+00,9.309793710708618164e-01,2.301407575607299805e+00
4.184174537658691406e-02,3.421068191528320312e-02,2.915078401565551758e-02,1.081052780151367188e+00,1.137346744537353516e+00,1.271873116493225098e+00
7.205343246459960938e-02,5.690610408782958984e-02,4.506468772888183594e-02,1.172088503837585449e+00,1.169179201126098633e+00,1.498613834381103516e+00
6.459224224090576172e-02,5.318409204483032227e-02,5.018573999404907227e-02,1.166620373725891113e+00,1.264094591140747070e+00,1.533191442489624023e+00
8.661210536956787109e-02,7.483148574829101562e-02,6.363183259963989258e-02,1.534301757812500000e+00,2.137674331665039062e+00,1.951555252075195312e+00
5.061346292495727539e-02,5.223923921585083008e-02,4.014801979064941406e-02,1.147015929222106934e+00,1.457458019256591797e+00,3.616030454635620117e+00
5.118727684020996094e-02,4.846626520156860352e-02,3.816962242126464844e-02,1.169431686401367188e+00,9.748354554176330566e-01,1.302591919898986816e+00
6.098914146423339844e-02,6.017965078353881836e-02,5.145460367202758789e-02,3.959373235702514648e-01,6.650236845016479492e-01,7.582747936248779297e-01
5.534183979034423828e-02,5.141562223434448242e-02,4.086756706237792969e-02,1.486466288566589355e+00,1.507782459259033203e+00,1.830939292907714844e+00
3.813385963439941406e-02,4.470312595367431641e-02,3.340852260589599609e-02,1.491205215454101562e+00,1.287589073181152344e+00,4.248113632202148438e+00
9.023040533065795898e-02,9.220486879348754883e-02,7.724565267562866211e-02,2.434354543685913086e+00,1.686641335487365723e+00,3.070163011550903320e+00
7.801473140716552734e-02,8.327704668045043945e-02,6.276905536651611328e-02,1.506163001060485840e+00,1.213829040527343750e+00,3.762493371963500977e+00
6.296128034591674805e-02,6.512832641601562500e-02,5.140471458435058594e-02,1.145771980285644531e+00,9.928028583526611328e-01,1.753112912178039551e+00
5.054873228073120117e-02,4.697656631469726562e-02,3.750443458557128906e-02,1.307947874069213867e+00,1.339355468750000000e+00,2.633364200592041016e+00
5.617368221282958984e-02,5.744808912277221680e-02,4.600417613983154297e-02,1.205955505371093750e+00,1.260084629058837891e+00,2.792879581451416016e+00
3.856104612350463867e-02,3.725945949554443359e-02,2.936911582946777344e-02,1.303119778633117676e+00,1.229873180389404297e+00,2.675900220870971680e+00
6.630903482437133789e-02,6.049185991287231445e-02,4.572218656539916992e-02,1.009375095367431641e+00,8.775118589401245117e-01,1.502577781677246094e+00
6.332534551620483398e-02,6.110537052154541016e-02,5.089938640594482422e-02,1.464453697204589844e+00,2.380451440811157227e+00,2.270741939544677734e+00
7.565492391586303711e-02,7.843726873397827148e-02,5.781072378158569336e-02,1.438218593597412109e+00,1.127427220344543457e+00,3.569326400756835938e+00
5.502104759216308594e-02,5.411446094512939453e-02,4.442435503005981445e-02,1.474896669387817383e+00,1.608674287796020508e+00,3.834831476211547852e+00
5.205881595611572266e-02,4.618281126022338867e-02,3.977179527282714844e-02,1.745272397994995117e+00,1.244774222373962402e+00,3.541995525360107422e+00
5.999082326889038086e-02,5.612933635711669922e-02,4.377865791320800781e-02,1.369204998016357422e+00,1.412748098373413086e+00,1.878309845924377441e+00
7.170581817626953125e-02,6.979805231094360352e-02,5.382084846496582031e-02,1.120141506195068359e+00,1.480229973793029785e+00,1.667744994163513184e+00
6.341779232025146484e-02,6.021630764007568359e-02,4.994863271713256836e-02,9.445770978927612305e-01,1.035636663436889648e+00,1.554829716682434082e+00
6.759470701217651367e-02,6.831085681915283203e-02,5.289494991302490234e-02,1.176365017890930176e+00,1.312617301940917969e+00,2.132764816284179688e+00
6.710439920425415039e-02,5.506718158721923828e-02,4.810971021652221680e-02,1.554234027862548828e+00,1.225406169891357422e+00,2.835896492004394531e+00
7.383209466934204102e-02,6.682831048965454102e-02,5.035901069641113281e-02,1.145132303237915039e+00,1.462882161140441895e+00,1.552267789840698242e+00
8.562326431274414062e-02,7.464176416397094727e-02,6.509256362915039062e-02,1.260362863540649414e+00,1.157526612281799316e+00,1.466634392738342285e+00
7.396584749221801758e-02,6.813991069793701172e-02,5.643099546432495117e-02,1.754419803619384766e+00,1.688015699386596680e+00,2.382409334182739258e+00
6.494808197021484375e-02,6.647855043411254883e-02,5.698925256729125977e-02,1.250386476516723633e+00,1.514914512634277344e+00,2.545594215393066406e+00
7.103401422500610352e-02,7.123625278472900391e-02,5.729734897613525391e-02,1.251705050468444824e+00,1.389950275421142578e+00,1.777461767196655273e+00
6.131672859191894531e-02,6.602615118026733398e-02,4.305946826934814453e-02,1.761108756065368652e+00,1.532986402511596680e+00,1.877636075019836426e+00
7.193702459335327148e-02,5.518466234207153320e-02,4.595607519149780273e-02,1.187198638916015625e+00,1.372127294540405273e+00,2.084888458251953125e+00
7.277011871337890625e-02,5.763959884643554688e-02,4.065656661987304688e-02,1.235506296157836914e+00,1.892178297042846680e+00,2.103099107742309570e+00
8.033198118209838867e-02,8.619046211242675781e-02,6.005001068115234375e-02,1.816420912742614746e+00,1.009116053581237793e+00,4.363730430603027344e+00
7.530677318572998047e-02,8.213049173355102539e-02,4.872339963912963867e-02,1.937628746032714844e+00,9.907754659652709961e-01,3.495665550231933594e+00
9.637176990509033203e-02,1.159964203834533691e-01,6.820428371429443359e-02,1.723396062850952148e+00,9.717571735382080078e-01,4.606409549713134766e+00
7.149356603622436523e-02,8.067315816879272461e-02,4.857283830642700195e-02,1.766842961311340332e+00,1.148311376571655273e+00,3.949214935302734375e+00
7.055568695068359375e-02,7.652217149734497070e-02,4.872143268585205078e-02,2.192283630371093750e+00,1.568845987319946289e+00,4.281035900115966797e+00
1.222404241561889648e-01,1.440196037292480469e-01,8.262401819229125977e-02,3.003334045410156250e+00,1.282396316528320312e+00,6.080305099487304688e+00
6.350684165954589844e-02,6.470847129821777344e-02,4.716163873672485352e-02,1.319844007492065430e+00,9.286504983901977539e-01,2.354183912277221680e+00
4.150146245956420898e-02,4.471546411514282227e-02,2.959495782852172852e-02,1.503418564796447754e+00,1.300852417945861816e+00,3.048368453979492188e+00
6.104868650436401367e-02,6.169992685317993164e-02,4.736119508743286133e-02,1.760818362236022949e+00,1.605402946472167969e+00,3.820031166076660156e+00
7.097589969635009766e-02,6.221848726272583008e-02,3.917759656906127930e-02,1.462004542350769043e+00,1.045397400856018066e+00,2.683241367340087891e+00
4.186409711837768555e-02,3.715646266937255859e-02,3.444957733154296875e-02,1.169261097908020020e+00,1.234464168548583984e+00,2.315205574035644531e+00
5.890828371047973633e-02,5.002552270889282227e-02,3.858447074890136719e-02,1.690902113914489746e+00,1.474373459815979004e+00,1.917076826095581055e+00
1.674309968948364258e-01,1.411081552505493164e-01,1.028096079826354980e-01,1.315704345703125000e+00,1.269149065017700195e+00,1.718372821807861328e+00
8.362823724746704102e-02,7.582014799118041992e-02,6.021970510482788086e-02,1.546502709388732910e+00,1.213713526725769043e+00,1.273697018623352051e+00
1.395522952079772949e-01,1.415880918502807617e-01,1.324272751808166504e-01,1.919598340988159180e+00,1.518716335296630859e+00,2.995145559310913086e+00
6.468558311462402344e-02,6.607121229171752930e-02,5.511081218719482422e-02,1.414617776870727539e+00,1.216523408889770508e+00,2.459977388381958008e+00
7.522290945053100586e-02,6.736904382705688477e-02,5.898284912109375000e-02,1.467599630355834961e+00,1.313977003097534180e+00,2.663453102111816406e+00
6.061130762100219727e-02,5.692398548126220703e-02,4.914128780364990234e-02,1.140911579132080078e+00,1.315599918365478516e+00,1.984184980392456055e+00
7.983541488647460938e-02,7.073789834976196289e-02,4.739141464233398438e-02,2.286178350448608398e+00,2.340756177902221680e+00,1.715765237808227539e+00
7.407510280609130859e-02,7.014924287796020508e-02,5.521094799041748047e-02,1.468814492225646973e+00,1.452465534210205078e+00,1.955615043640136719e+00
4.845446348190307617e-02,4.538619518280029297e-02,4.219937324523925781e-02,1.356630921363830566e+00,1.306696057319641113e+00,1.366813421249389648e+00
4.172050952911376953e-02,4.257309436798095703e-02,4.388236999511718750e-02,1.273855209350585938e+00,1.193995714187622070e+00,1.763701915740966797e+00
7.389074563980102539e-02,6.200891733169555664e-02,4.748493432998657227e-02,1.228467106819152832e+00,1.686635613441467285e+00,2.204479455947875977e+00
6.946134567260742188e-02,6.166595220565795898e-02,4.282450675964355469e-02,1.614806175231933594e+00,1.170993447303771973e+00,1.770518660545349121e+00
6.434547901153564453e-02,6.239247322082519531e-02,5.286669731140136719e-02,1.312224626541137695e+00,1.245580673217773438e+00,1.720656037330627441e+00
5.179560184478759766e-02,4.891526699066162109e-02,3.945046663284301758e-02,1.259304046630859375e+00,1.066300392150878906e+00,1.192743062973022461e+00
5.056500434875488281e-02,4.701519012451171875e-02,3.758990764617919922e-02,1.287114500999450684e+00,1.242369532585144043e+00,2.562163829803466797e+00
1.274977326393127441e-01,1.324108242988586426e-01,1.026139855384826660e-01,1.287310123443603516e+00,1.264984488487243652e+00,1.546893835067749023e+00
5.660766363143920898e-02,5.365276336669921875e-02,3.638345003128051758e-02,1.562207460403442383e+00,1.383164405822753906e+00,2.258043289184570312e+00
5.404937267303466797e-02,5.637091398239135742e-02,5.514389276504516602e-02,1.047937273979187012e+00,1.146882176399230957e+00,2.544916629791259766e+00
6.989461183547973633e-02,6.217753887176513672e-02,5.230128765106201172e-02,1.158348083496093750e+00,9.763521552085876465e-01,1.437379360198974609e+00
9.300273656845092773e-02,9.369868040084838867e-02,7.260417938232421875e-02,1.313296437263488770e+00,1.263345837593078613e+00,1.773764848709106445e+00
5.993342399597167969e-02,6.185728311538696289e-02,4.766982793807983398e-02,1.324413657188415527e+00,1.260033130645751953e+00,2.260093212127685547e+00
5.180186033248901367e-02,4.971599578857421875e-02,3.986424207687377930e-02,1.394253730773925781e+00,1.569092988967895508e+00,3.019365549087524414e+00
5.914735794067382812e-02,5.196243524551391602e-02,4.708993434906005859e-02,8.854812383651733398e-01,1.429641366004943848e+00,2.202570438385009766e+00
5.816316604614257812e-02,5.685657262802124023e-02,4.131174087524414062e-02,1.393852472305297852e+00,1.424760818481445312e+00,2.551115989685058594e+00
5.036437511444091797e-02,4.603958129882812500e-02,3.812009096145629883e-02,1.461038231849670410e+00,1.345921993255615234e+00,1.664340376853942871e+00
6.141293048858642578e-02,4.898124933242797852e-02,4.113453626632690430e-02,1.281520128250122070e+00,1.550767898559570312e+00,1.828583717346191406e+00
6.686103343963623047e-02,6.361198425292968750e-02,4.864525794982910156e-02,1.909366130828857422e+00,1.493447184562683105e+00,2.482357501983642578e+00
5.520790815353393555e-02,4.865616559982299805e-02,3.478932380676269531e-02,1.549117088317871094e+00,1.319310426712036133e+00,2.621987581253051758e+00
1.104245781898498535e-01,1.049861311912536621e-01,1.162000894546508789e-01,1.378701210021972656e+00,1.382336616516113281e+00,2.561887741088867188e+00
7.518374919891357422e-02,6.793409585952758789e-02,5.475658178329467773e-02,1.313352942466735840e+00,1.220996260643005371e+00,1.707480669021606445e+00
9.171795845031738281e-02,7.973921298980712891e-02,5.853205919265747070e-02,1.491081118583679199e+00,1.534885883331298828e+00,1.897312760353088379e+00
6.104278564453125000e-02,5.839204788208007812e-02,4.372394084930419922e-02,1.660865664482116699e+00,1.075729250907897949e+00,3.604011297225952148e+00
1.000390648841857910e-01,1.084452867507934570e-01,7.299560308456420898e-02,2.090647220611572266e+00,1.146744847297668457e+00,5.180631160736083984e+00
6.943935155868530273e-02,6.697368621826171875e-02,4.336112737655639648e-02,1.378431558609008789e+00,1.140801429748535156e+00,3.694300889968872070e+00
1.009038090705871582e-01,8.349287509918212891e-02,6.317836046218872070e-02,1.422809243202209473e+00,1.633171081542968750e+00,4.741833686828613281e+00
4.977929592132568359e-02,4.880315065383911133e-02,3.651559352874755859e-02,1.614597082138061523e+00,1.586659908294677734e+00,2.231243610382080078e+00
7.481503486633300781e-02,6.961870193481445312e-02,5.338865518569946289e-02,1.454349160194396973e+00,1.803872466087341309e+00,3.244975566864013672e+00
5.918544530868530273e-02,5.798953771591186523e-02,4.434710741043090820e-02,1.165406227111816406e+00,1.428635358810424805e+00,3.365983009338378906e+00
4.900717735290527344e-02,4.298973083496093750e-02,3.298544883728027344e-02,1.948093175888061523e+00,1.473431825637817383e+00,2.391146183013916016e+00
6.240892410278320312e-02,5.595624446868896484e-02,4.442453384399414062e-02,1.481470584869384766e+00,1.205758094787597656e+00,2.397610902786254883e+00
9.409028291702270508e-02,8.589184284210205078e-02,7.587414979934692383e-02,1.845990300178527832e+00,1.178211092948913574e+00,1.564636588096618652e+00
6.195366382598876953e-02,6.302404403686523438e-02,4.701697826385498047e-02,1.262077569961547852e+00,1.458573102951049805e+00,1.965851306915283203e+00
1.005071997642517090e-01,7.611644268035888672e-02,6.430935859680175781e-02,1.507867574691772461e+00,1.382151603698730469e+00,1.648943185806274414e+00
1.488062739372253418e-01,1.426137685775756836e-01,1.484600901603698730e-01,1.162734985351562500e+00,1.089226007461547852e+00,1.536209106445312500e+00
6.305426359176635742e-02,5.554157495498657227e-02,4.519683122634887695e-02,1.502653837203979492e+00,1.714183330535888672e+00,1.985012769699096680e+00
4.432010650634765625e-02,4.349094629287719727e-02,3.374022245407104492e-02,1.516426205635070801e+00,1.286564826965332031e+00,2.701004505157470703e+00
6.832087039947509766e-02,6.991767883300781250e-02,5.943989753723144531e-02,1.368995547294616699e+00,1.464309215545654297e+00,2.956219196319580078e+00
1.600168347358703613e-01,1.523183584213256836e-01,1.283955574035644531e-01,1.285404324531555176e+00,1.358979821205139160e+00,2.149368286132812500e+00
5.279588699340820312e-02,4.714018106460571289e-02,4.792445898056030273e-02,1.330085277557373047e+00,1.478728532791137695e+00,1.714972019195556641e+00
4.608803987503051758e-02,4.561096429824829102e-02,3.907066583633422852e-02,1.036658048629760742e+00,1.133627891540527344e+00,1.408212304115295410e+00
9.051400423049926758e-02,9.212028980255126953e-02,7.174944877624511719e-02,1.140104413032531738e+00,1.270261287689208984e+00,2.132779836654663086e+00
9.317958354949951172e-02,8.105331659317016602e-02,7.933115959167480469e-02,1.351373910903930664e+00,1.267898797988891602e+00,2.895807981491088867e+00
6.028175354003906250e-02,5.540496110916137695e-02,4.512298107147216797e-02,1.227696418762207031e+00,1.309913873672485352e+00,2.729963302612304688e+00
1.027586460113525391e-01,1.114053726196289062e-01,9.190213680267333984e-02,1.409664630889892578e+00,8.214581608772277832e-01,2.336106300354003906e+00
6.164163351058959961e-02,5.477231740951538086e-02,4.411071538925170898e-02,2.150970935821533203e+00,1.549819469451904297e+00,3.098682880401611328e+00
1.131418347358703613e-01,1.269405484199523926e-01,1.077638268470764160e-01,2.009657859802246094e+00,1.583770275115966797e+00,5.019878387451171875e+00
5.089169740676879883e-02,5.153024196624755859e-02,4.091405868530273438e-02,1.511291384696960449e+00,1.335119247436523438e+00,2.356695652008056641e+00
4.151362180709838867e-02,4.250890016555786133e-02,3.545647859573364258e-02,1.379761695861816406e+00,1.400129079818725586e+00,3.205519676208496094e+00
4.409480094909667969e-02,4.209530353546142578e-02,3.365188837051391602e-02,1.118827700614929199e+00,1.255668878555297852e+00,1.950526356697082520e+00
6.692397594451904297e-02,5.769109725952148438e-02,5.046021938323974609e-02,1.387998819351196289e+00,1.504512786865234375e+00,1.974526405334472656e+00
3.391563892364501953e-02,3.393048048019409180e-02,2.452111244201660156e-02,9.447115659713745117e-01,1.133988261222839355e+00,2.199369907379150391e+00
6.065154075622558594e-02,5.859088897705078125e-02,4.313439130783081055e-02,1.841157317161560059e+00,1.257045507431030273e+00,3.137912034988403320e+00
5.516231060028076172e-02,4.995059967041015625e-02,3.912448883056640625e-02,1.661031246185302734e+00,1.389686465263366699e+00,3.027396440505981445e+00
4.566711187362670898e-02,4.464858770370483398e-02,3.497099876403808594e-02,1.161370754241943359e+00,1.207034349441528320e+00,1.653921842575073242e+00
7.407760620117187500e-02,6.905168294906616211e-02,5.953323841094970703e-02,9.205875992774963379e-01,7.166057825088500977e-01,6.366652250289916992e-01
7.372033596038818359e-02,6.397122144699096680e-02,4.532575607299804688e-02,3.369519710540771484e+00,2.843050479888916016e+00,3.525797367095947266e+00
6.414109468460083008e-02,6.051242351531982422e-02,5.279803276062011719e-02,1.261414766311645508e+00,1.393384456634521484e+00,3.154579639434814453e+00
6.833428144454956055e-02,5.776119232177734375e-02,4.678165912628173828e-02,1.339923620223999023e+00,1.485064983367919922e+00,2.346311092376708984e+00
8.835089206695556641e-02,7.697367668151855469e-02,6.203609704971313477e-02,1.475729465484619141e+00,1.361764907836914062e+00,1.750995039939880371e+00
6.597375869750976562e-02,5.963283777236938477e-02,4.537725448608398438e-02,1.909421205520629883e+00,2.058886528015136719e+00,2.474776268005371094e+00
6.606084108352661133e-02,6.397050619125366211e-02,5.205988883972167969e-02,1.235304236412048340e+00,1.295327782630920410e+00,2.419172286987304688e+00
6.119996309280395508e-02,5.388736724853515625e-02,4.449498653411865234e-02,1.557913064956665039e+00,1.344321012496948242e+00,2.107074022293090820e+00
8.691626787185668945e-02,7.179540395736694336e-02,5.558860301971435547e-02,1.472371339797973633e+00,1.470385909080505371e+00,2.489528894424438477e+00
5.324864387512207031e-02,5.211621522903442383e-02,3.841656446456909180e-02,1.263123273849487305e+00,9.424549341201782227e-01,2.071396112442016602e+00
8.780801296234130859e-02,8.482933044433593750e-02,6.124842166900634766e-02,1.398946523666381836e+00,1.099009752273559570e+00,2.377448320388793945e+00
8.111339807510375977e-02,7.336699962615966797e-02,5.312293767929077148e-02,1.077970147132873535e+00,1.269361019134521484e+00,1.823586463928222656e+00
5.399912595748901367e-02,5.607998371124267578e-02,4.718488454818725586e-02,1.116563916206359863e+00,1.416766405105590820e+00,3.066662549972534180e+00
5.808037519454956055e-02,6.173032522201538086e-02,4.133999347686767578e-02,1.513201475143432617e+00,1.383400201797485352e+00,3.684014797210693359e+00
8.257377147674560547e-02,9.144419431686401367e-02,6.074702739715576172e-02,2.710087060928344727e+00,1.772140502929687500e+00,5.513247966766357422e+00
5.893778800964355469e-02,7.620102167129516602e-02,3.906673192977905273e-02,1.871299743652343750e+00,1.399320840835571289e+00,5.650943756103515625e+00
2.135964632034301758e-01,1.817026734352111816e-01,1.653866171836853027e-01,1.971383333206176758e+00,1.008540630340576172e+00,5.824405670166015625e+00
6.968861818313598633e-02,7.628971338272094727e-02,5.046379566192626953e-02,3.106650352478027344e+00,3.105274200439453125e+00,4.216173648834228516e+00
7.366615533828735352e-02,8.459383249282836914e-02,4.468864202499389648e-02,1.853868722915649414e+00,1.232785820960998535e+00,5.396589279174804688e+00
1.073310971260070801e-01,1.097032427787780762e-01,9.372138977050781250e-02,1.166148304939270020e+00,8.959987163543701172e-01,3.458014965057373047e+00
4.627919197082519531e-02,4.796183109283447266e-02,3.362774848937988281e-02,1.089144945144653320e+00,1.046910166740417480e+00,2.122822284698486328e+00
5.832695960998535156e-02,5.246615409851074219e-02,4.276818037033081055e-02,1.548432111740112305e+00,1.153794765472412109e+00,2.155411958694458008e+00
7.362234592437744141e-02,6.258523464202880859e-02,4.874575138092041016e-02,1.026479959487915039e+00,1.305672526359558105e+00,1.504345893859863281e+00
6.667417287826538086e-02,7.556068897247314453e-02,5.947601795196533203e-02,1.325856924057006836e+00,1.324658274650573730e+00,1.613658428192138672e+00
6.890881061553955078e-02,6.584447622299194336e-02,5.429291725158691406e-02,3.654876351356506348e-01,9.083458185195922852e-01,1.490869045257568359e+00
7.293927669525146484e-02,6.717717647552490234e-02,5.581444501876831055e-02,1.266407847404479980e+00,1.370671391487121582e+00,1.543355464935302734e+00
5.355995893478393555e-02,5.668455362319946289e-02,4.610162973403930664e-02,1.789725542068481445e+00,2.267156600952148438e+00,2.171060085296630859e+00
6.629419326782226562e-02,5.869013071060180664e-02,4.694008827209472656e-02,1.221614599227905273e+00,1.404330611228942871e+00,2.098750352859497070e+00
5.305337905883789062e-02,5.190199613571166992e-02,4.012298583984375000e-02,1.715484738349914551e+00,1.513719081878662109e+00,3.030676603317260742e+00
1.092208027839660645e-01,1.153593063354492188e-01,1.247781515121459961e-01,1.215407371520996094e+00,1.144570827484130859e+00,1.665435552597045898e+00
2.682548761367797852e-02,2.338689565658569336e-02,2.204471826553344727e-02,1.108276247978210449e+00,1.330225229263305664e+00,1.128677845001220703e+00
5.435872077941894531e-02,4.161393642425537109e-02,4.645478725433349609e-02,1.169577598571777344e+00,1.477427482604980469e+00,1.749938726425170898e+00
8.029174804687500000e-02,6.784665584564208984e-02,6.020897626876831055e-02,1.436394214630126953e+00,1.483258366584777832e+00,1.478164196014404297e+00
7.409530878067016602e-02,6.985473632812500000e-02,5.377900600433349609e-02,1.312818050384521484e+00,1.007147312164306641e+00,1.748086094856262207e+00
1.002679467201232910e-01,8.059501647949218750e-02,6.263834238052368164e-02,1.420456409454345703e+00,1.579768419265747070e+00,2.444284200668334961e+00
7.031822204589843750e-02,6.086522340774536133e-02,4.802334308624267578e-02,1.317426681518554688e+00,1.505854606628417969e+00,1.655710458755493164e+00
3.536921739578247070e-02,2.666223049163818359e-02,2.135467529296875000e-02,1.515089750289916992e+00,1.224200248718261719e+00,1.925651073455810547e+00
7.031732797622680664e-02,6.287777423858642578e-02,5.004251003265380859e-02,1.537977933883666992e+00,1.311576962471008301e+00,1.688102006912231445e+00
5.337059497833251953e-02,5.792498588562011719e-02,4.603296518325805664e-02,9.256131649017333984e-01,7.872565984725952148e-01,1.069541573524475098e+00
8.744519948959350586e-02,8.807694911956787109e-02,7.096391916275024414e-02,1.468956708908081055e+00,1.160984277725219727e+00,1.824862241744995117e+00
9.726887941360473633e-02,8.363789319992065430e-02,6.910049915313720703e-02,1.604601502418518066e+00,1.149815440177917480e+00,2.011687994003295898e+00
4.635214805603027344e-02,4.067158699035644531e-02,3.478270769119262695e-02,1.122851014137268066e+00,1.122991204261779785e+00,1.355473041534423828e+00
9.360319375991821289e-02,9.027457237243652344e-02,7.768553495407104492e-02,1.037004947662353516e+00,1.322240352630615234e+00,1.635972261428833008e+00
4.763334989547729492e-02,4.623109102249145508e-02,3.671801090240478516e-02,1.056076884269714355e+00,1.062533855438232422e+00,1.407152652740478516e+00
5.604547262191772461e-02,4.711353778839111328e-02,4.064136743545532227e-02,1.289049386978149414e+00,1.657622694969177246e+00,1.655422449111938477e+00
6.533843278884887695e-02,5.783665180206298828e-02,4.567891359329223633e-02,1.254932999610900879e+00,1.370586633682250977e+00,1.865714311599731445e+00
7.567030191421508789e-02,7.137304544448852539e-02,6.004428863525390625e-02,1.203588485717773438e+00,1.411828279495239258e+00,1.754413247108459473e+00
5.410552024841308594e-02,5.645388364791870117e-02,4.074114561080932617e-02,7.463178634643554688e-01,1.156532049179077148e+00,1.065577626228332520e+00
5.706542730331420898e-02,5.153059959411621094e-02,3.774297237396240234e-02,1.247907400131225586e+00,1.427753806114196777e+00,2.106410741806030273e+00
3.749245405197143555e-02,3.917866945266723633e-02,2.902919054031372070e-02,1.338313937187194824e+00,1.006365895271301270e+00,3.014566421508789062e+00
5.030643939971923828e-02,4.070234298706054688e-02,3.396964073181152344e-02,1.145755290985107422e+00,1.520633935928344727e+00,1.768421411514282227e+00
7.118833065032958984e-02,5.637180805206298828e-02,4.358106851577758789e-02,1.217203140258789062e+00,1.344021081924438477e+00,2.001765727996826172e+00
7.389897108078002930e-02,8.786112070083618164e-02,4.654383659362792969e-02,1.583464980125427246e+00,1.254775643348693848e+00,2.818087100982666016e+00
6.035917997360229492e-02,7.468539476394653320e-02,4.775243997573852539e-02,1.984899044036865234e+00,1.144785404205322266e+00,5.760390281677246094e+00
1.277337670326232910e-01,1.438583135604858398e-01,7.469344139099121094e-02,1.423146247863769531e+00,8.545993566513061523e-01,5.666320800781250000e+00
1.919458508491516113e-01,1.767763495445251465e-01,9.338378906250000000e-02,2.006068468093872070e+00,1.984285116195678711e+00,4.927054882049560547e+00
8.461385965347290039e-02,8.227622509002685547e-02,4.731363058090209961e-02,1.720481395721435547e+00,1.762959957122802734e+00,4.420939922332763672e+00
9.054136276245117188e-02,1.039870977401733398e-01,6.684029102325439453e-02,2.345755100250244141e+00,9.755684137344360352e-01,6.044258117675781250e+00
8.317637443542480469e-02,8.469253778457641602e-02,5.475747585296630859e-02,1.470113039016723633e+00,7.880528569221496582e-01,3.248634338378906250e+00
5.583769083023071289e-02,5.897891521453857422e-02,3.893154859542846680e-02,1.310735940933227539e+00,1.510194778442382812e+00,3.763703584671020508e+00
2.104686498641967773e-01,1.998526453971862793e-01,1.590646505355834961e-01,1.404177904129028320e+00,1.048572778701782227e+00,2.241600990295410156e+00
6.491965055465698242e-02,5.843192338943481445e-02,4.701787233352661133e-02,1.258246064186096191e+00,1.267600178718566895e+00,1.530683994293212891e+00
7.142794132232666016e-02,5.779641866683959961e-02,5.391758680343627930e-02,6.979370713233947754e-01,9.411733746528625488e-01,7.621021270751953125e-01
6.369978189468383789e-02,5.777585506439208984e-02,5.154848098754882812e-02,1.313455581665039062e+00,1.117163300514221191e+00,1.478828668594360352e+00
4.639738798141479492e-02,4.453003406524658203e-02,3.572237491607666016e-02,1.353430509567260742e+00,1.289931535720825195e+00,1.631595253944396973e+00
6.048023700714111328e-02,5.273222923278808594e-02,4.370766878128051758e-02,6.332645416259765625e-01,4.437925815582275391e-01,1.420001864433288574e+00
5.104315280914306641e-02,4.272133111953735352e-02,3.827279806137084961e-02,1.231996536254882812e+00,1.111218452453613281e+00,1.370935201644897461e+00
5.744665861129760742e-02,4.835915565490722656e-02,4.050815105438232422e-02,1.354116797447204590e+00,1.306505084037780762e+00,1.374419331550598145e+00
6.534773111343383789e-02,5.768483877182006836e-02,4.729986190795898438e-02,1.095239162445068359e+00,1.140220642089843750e+00,2.704600095748901367e+00
8.019608259201049805e-02,7.386893033981323242e-02,6.620138883590698242e-02,1.307253956794738770e+00,1.427354693412780762e+00,2.763835668563842773e+00
4.151755571365356445e-02,4.072362184524536133e-02,3.207957744598388672e-02,1.465142011642456055e+00,1.322300434112548828e+00,2.782494544982910156e+00
5.167990922927856445e-02,4.730916023254394531e-02,3.522044420242309570e-02,1.249404430389404297e+00,1.169864058494567871e+00,2.545473575592041016e+00
4.543018341064453125e-02,4.630619287490844727e-02,3.595215082168579102e-02,1.324399352073669434e+00,1.665510892868041992e+00,2.408610582351684570e+00
5.960619449615478516e-02,7.109588384628295898e-02,4.815691709518432617e-02,1.707363724708557129e+00,1.162138700485229492e+00,4.095370292663574219e+00
4.688286781311035156e-02,4.431384801864624023e-02,3.691613674163818359e-02,1.234912276268005371e+00,1.254993200302124023e+00,2.098642349243164062e+00
5.284130573272705078e-02,5.248939990997314453e-02,4.029625654220581055e-02,1.625643491744995117e+00,1.278069734573364258e+00,3.080043315887451172e+00
4.296112060546875000e-02,4.344391822814941406e-02,3.625470399856567383e-02,1.053084611892700195e+00,1.299283504486083984e+00,1.633194565773010254e+00
4.461139440536499023e-02,3.245937824249267578e-02,3.364205360412597656e-02,1.365127325057983398e+00,1.351562261581420898e+00,1.345918893814086914e+00
5.288422107696533203e-02,5.085378885269165039e-02,4.231023788452148438e-02,1.521387815475463867e+00,1.597131013870239258e+00,1.787109136581420898e+00
6.363129615783691406e-02,7.845944166183471680e-02,5.925625562667846680e-02,1.908875703811645508e+00,1.627149343490600586e+00,3.048871040344238281e+00
5.481684207916259766e-02,5.212765932083129883e-02,4.240983724594116211e-02,1.679431557655334473e+00,1.240601778030395508e+00,2.715414762496948242e+00
3.935337066650390625e-02,4.090547561645507812e-02,3.104925155639648438e-02,1.303751468658447266e+00,1.315157890319824219e+00,2.986540794372558594e+00
6.765443086624145508e-02,6.981861591339111328e-02,6.080871820449829102e-02,1.268528938293457031e+00,2.034994363784790039e+00,2.092890739440917969e+00
5.380171537399291992e-02,5.732238292694091797e-02,4.722565412521362305e-02,1.364253759384155273e+00,1.313515663146972656e+00,2.825557470321655273e+00
4.120355844497680664e-02,4.544788599014282227e-02,3.496491909027099609e-02,1.231502294540405273e+00,1.215208411216735840e+00,2.694821834564208984e+00
6.666040420532226562e-02,7.544499635696411133e-02,5.875718593597412109e-02,1.418585300445556641e+00,1.433979749679565430e+00,2.363335132598876953e+00
5.947440862655639648e-02,5.424016714096069336e-02,4.420799016952514648e-02,4.434838294982910156e+00,2.686314821243286133e+00,4.780437946319580078e+00
5.281341075897216797e-02,5.077725648880004883e-02,4.248100519180297852e-02,1.252909898757934570e+00,1.220698356628417969e+00,1.945339918136596680e+00
7.022380828857421875e-02,6.579047441482543945e-02,5.400377511978149414e-02,1.521430850028991699e+00,1.350323796272277832e+00,3.304283380508422852e+00
8.423942327499389648e-02,8.664357662200927734e-02,7.541280984878540039e-02,1.413012742996215820e+00,1.539760351181030273e+00,2.733134269714355469e+00
6.713336706161499023e-02,6.654024124145507812e-02,5.316925048828125000e-02,1.450567483901977539e+00,1.284155130386352539e+00,2.465005874633789062e+00
9.265923500061035156e-02,8.539795875549316406e-02,6.831997632980346680e-02,1.373014211654663086e+00,1.159656643867492676e+00,2.424954175949096680e+00
6.826472282409667969e-02,6.629222631454467773e-02,5.568408966064453125e-02,1.199582934379577637e+00,1.352273941040039062e+00,1.194015026092529297e+00
5.439126491546630859e-02,5.168455839157104492e-02,4.388827085494995117e-02,1.459606289863586426e+00,1.418897867202758789e+00,1.986578226089477539e+00
3.938144445419311523e-02,3.478217124938964844e-02,3.155726194381713867e-02,1.411449909210205078e+00,1.244538545608520508e+00,1.486363291740417480e+00
2.037100195884704590e-01,1.929731369018554688e-01,1.729649305343627930e-01,1.391076564788818359e+00,1.326868772506713867e+00,1.687365889549255371e+00
8.801633119583129883e-02,9.104311466217041016e-02,6.050312519073486328e-02,1.352860808372497559e+00,1.224233150482177734e+00,2.483206510543823242e+00
7.117617130279541016e-02,8.638465404510498047e-02,4.421710968017578125e-02,2.305994033813476562e+00,1.128762602806091309e+00,4.804134368896484375e+00
9.870743751525878906e-02,1.037301421165466309e-01,6.790208816528320312e-02,2.121624946594238281e+00,8.903710842132568359e-01,4.277749538421630859e+00
1.420792937278747559e-01,1.519253253936767578e-01,1.128421425819396973e-01,1.746375203132629395e+00,8.057799339294433594e-01,4.999136924743652344e+00
8.716535568237304688e-02,7.719236612319946289e-02,5.678182840347290039e-02,1.475807666778564453e+00,1.404357790946960449e+00,2.415652990341186523e+00
1.237587332725524902e-01,1.433486938476562500e-01,9.688478708267211914e-02,1.933249235153198242e+00,1.164100885391235352e+00,4.004697799682617188e+00
8.489620685577392578e-02,7.829099893569946289e-02,6.142634153366088867e-02,1.285660982131958008e+00,1.018329858779907227e+00,2.831752300262451172e+00
4.292768239974975586e-02,4.550707340240478516e-02,3.059417009353637695e-02,1.064499020576477051e+00,9.770529270172119141e-01,2.799751758575439453e+00
4.259383678436279297e-02,4.781877994537353516e-02,3.490179777145385742e-02,1.903100013732910156e+00,2.201325654983520508e+00,4.298511028289794922e+00
8.960741758346557617e-02,8.272361755371093750e-02,6.113398075103759766e-02,1.449100613594055176e+00,1.531228303909301758e+00,2.339074611663818359e+00
1.015446782112121582e-01,9.365218877792358398e-02,6.276047229766845703e-02,1.403454303741455078e+00,1.279444098472595215e+00,1.837410449981689453e+00
5.740249156951904297e-02,4.895120859146118164e-02,3.560435771942138672e-02,9.082560539245605469e-01,7.139042615890502930e-01,2.245652675628662109e+00
7.334017753601074219e-02,6.306874752044677734e-02,4.732042551040649414e-02,1.378714323043823242e+00,1.376953840255737305e+00,1.864454984664916992e+00
5.901861190795898438e-02,5.203396081924438477e-02,4.451268911361694336e-02,9.146500825881958008e-01,1.338912963867187500e+00,1.535729885101318359e+00
6.277817487716674805e-02,5.653095245361328125e-02,5.009973049163818359e-02,1.271205902099609375e+00,1.273696899414062500e+00,1.483181834220886230e+00
7.157760858535766602e-02,7.360374927520751953e-02,5.734097957611083984e-02,1.225600004196166992e+00,1.241946458816528320e+00,2.126150608062744141e+00
1.185107231140136719e-01,1.114071607589721680e-01,1.139865517616271973e-01,1.267069578170776367e+00,9.651939868927001953e-01,1.219318628311157227e+00
5.405420064926147461e-02,4.696011543273925781e-02,3.852045536041259766e-02,1.269048571586608887e+00,1.318398714065551758e+00,1.478228330612182617e+00
9.481233358383178711e-02,9.760755300521850586e-02,9.076434373855590820e-02,1.085317254066467285e+00,9.814767837524414062e-01,9.760376214981079102e-01
8.799433708190917969e-02,7.762992382049560547e-02,6.606012582778930664e-02,3.833071708679199219e+00,2.480805635452270508e+00,5.244510650634765625e+00
7.413053512573242188e-02,6.909763813018798828e-02,5.521756410598754883e-02,9.997984170913696289e-01,9.990631341934204102e-01,1.633580803871154785e+00
4.280591011047363281e-02,4.276317358016967773e-02,3.591746091842651367e-02,1.219274997711181641e+00,1.356566667556762695e+00,1.541441559791564941e+00
5.876630544662475586e-02,4.801207780838012695e-02,3.661519289016723633e-02,1.037477493286132812e+00,8.951543569564819336e-01,2.168823480606079102e+00
5.908030271530151367e-02,5.547755956649780273e-02,4.314386844635009766e-02,9.521402120590209961e-01,1.053292393684387207e+00,1.567898035049438477e+00
6.970810890197753906e-02,6.171119213104248047e-02,5.625414848327636719e-02,1.080517530441284180e+00,1.515026330947875977e+00,1.997507929801940918e+00
8.302545547485351562e-02,7.283896207809448242e-02,5.768877267837524414e-02,1.299135804176330566e+00,1.605884552001953125e+00,1.348857402801513672e+00
3.635680675506591797e-02,3.303945064544677734e-02,2.546274662017822266e-02,1.386165261268615723e+00,1.625474691390991211e+00,2.150945186614990234e+00
5.655419826507568359e-02,4.727303981781005859e-02,3.897750377655029297e-02,1.041414737701416016e+00,1.150762081146240234e+00,1.564170360565185547e+00
1.046150922775268555e-01,1.013748049736022949e-01,8.737134933471679688e-02,1.611721873283386230e+00,1.724535703659057617e+00,2.104765892028808594e+00
5.216324329376220703e-02,3.504914045333862305e-02,4.230916500091552734e-02,1.527873992919921875e+00,1.692004442214965820e+00,2.438959121704101562e+00
7.250261306762695312e-02,4.243737459182739258e-02,5.171978473663330078e-02,1.193317294120788574e+00,1.090167045593261719e+00,1.105186223983764648e+00
1.537637114524841309e-01,1.215916872024536133e-01,1.339159011840820312e-01,7.769426107406616211e-01,1.011222362518310547e+00,1.154745101928710938e+00
8.297091722488403320e-02,7.049363851547241211e-02,8.715355396270751953e-02,1.260132551193237305e+00,8.340858221054077148e-01,9.435836076736450195e-01
4.969596862792968750e-02,3.083270788192749023e-02,4.965895414352416992e-02,7.991666793823242188e-01,1.020491361618041992e+00,8.299112319946289062e-01
4.052031040191650391e-02,2.582859992980957031e-02,4.102581739425659180e-02,6.315541863441467285e-01,6.632130146026611328e-01,7.869093418121337891e-01
3.418725728988647461e-02,2.152633666992187500e-02,3.281325101852416992e-02,6.751247048377990723e-01,6.604381799697875977e-01,7.327562570571899414e-01
3.458422422409057617e-02,2.259832620620727539e-02,3.576296567916870117e-02,6.957482099533081055e-01,7.176074981689453125e-01,8.271038532257080078e-01
4.725211858749389648e-02,6.579083204269409180e-02,1.157936453819274902e-01,1.596515893936157227e+00,1.240203022956848145e+00,1.169708967208862305e+00
7.491964101791381836e-02,4.643476009368896484e-02,6.061899662017822266e-02,7.998250722885131836e-01,8.836945295333862305e-01,7.124934196472167969e-01
8.798253536224365234e-02,6.135714054107666016e-02,9.434705972671508789e-02,1.636664390563964844e+00,1.553793311119079590e+00,1.458503723144531250e+00
6.885856389999389648e-02,4.887717962265014648e-02,5.184638500213623047e-02,1.373109698295593262e+00,1.135236740112304688e+00,1.831267476081848145e+00
1.222093105316162109e-01,1.205939054489135742e-01,1.194922327995300293e-01,1.339496970176696777e+00,1.957902431488037109e+00,2.374432563781738281e+00
7.665234804153442383e-02,7.935780286788940430e-02,5.927431583404541016e-02,1.503712654113769531e+00,1.676128864288330078e+00,2.321739435195922852e+00
8.446472883224487305e-02,8.371406793594360352e-02,6.863987445831298828e-02,1.698881864547729492e+00,2.209538459777832031e+00,3.681916952133178711e+00
6.838399171829223633e-02,7.506197690963745117e-02,5.550384521484375000e-02,1.589074373245239258e+00,1.719862103462219238e+00,3.130250215530395508e+00
7.095015048980712891e-02,8.692610263824462891e-02,5.317640304565429688e-02,1.589289307594299316e+00,1.431453824043273926e+00,4.026476383209228516e+00
3.732150793075561523e-02,3.973513841629028320e-02,2.896714210510253906e-02,1.366990685462951660e+00,1.586154937744140625e+00,4.506146907806396484e+00
6.538331508636474609e-02,8.296734094619750977e-02,5.519574880599975586e-02,1.402096152305603027e+00,1.157476902008056641e+00,3.050458431243896484e+00
5.304104089736938477e-02,5.011743307113647461e-02,3.766411542892456055e-02,1.227043747901916504e+00,1.207761764526367188e+00,2.686875104904174805e+00
7.120871543884277344e-02,6.074076890945434570e-02,4.711067676544189453e-02,1.354850292205810547e+00,1.601513385772705078e+00,2.478258609771728516e+00
