1.580212555522984960e+18
1.580212555724808960e+18
1.580212556048507648e+18
1.580212556229838848e+18
1.580212556564374528e+18
1.580212556725992704e+18
1.580212557049650944e+18
1.580212557221293056e+18
1.580212557534294784e+18
1.580212557746253568e+18
1.580212558061049088e+18
1.580212558223066624e+18
1.580212558556408576e+18
1.580212558727942400e+18
1.580212559060756736e+18
1.580212559343135488e+18
1.580212559544899840e+18
1.580212559857688832e+18
1.580212560069544704e+18
1.580212560373108224e+18
1.580212560584771328e+18
1.580212560988388352e+18
1.580212561170216960e+18
1.580212561474252032e+18
1.580212561666326784e+18
1.580212561968963328e+18
1.580212562170427904e+18
1.580212562505610752e+18
1.580212562697306624e+18
1.580212562990073088e+18
1.580212563182103040e+18
1.580212563496233728e+18
1.580212563687927040e+18
1.580212564000534528e+18
1.580212564233263616e+18
1.580212564515764480e+18
1.580212564798677248e+18
1.580212565011254272e+18
1.580212565314031616e+18
1.580212565506362880e+18
1.580212565831151616e+18
1.580212566022963456e+18
1.580212566356154624e+18
1.580212566608484864e+18
1.580212566830627840e+18
1.580212567145221120e+18
1.580212567306688768e+18
1.580212567640379392e+18
1.580212567842291968e+18
1.580212568105182976e+18
1.580212568317478144e+18
1.580212568671559680e+18
1.580212568933966592e+18
1.580212569136785920e+18
1.580212569470105088e+18
1.580212569641843200e+18
1.580212569954985728e+18
1.580212570146819840e+18
1.580212570440134400e+18
1.580212570632188928e+18
1.580212570965331456e+18
1.580212571146925824e+18
1.580212571460259840e+18
1.580212571642054400e+18
1.580212571954823168e+18
1.580212572157180416e+18
1.580212572459919360e+18
1.580212572672087296e+18
1.580212572975392000e+18
1.580212573187698432e+18
1.580212573460176128e+18
1.580212573652256768e+18
1.580212573975328256e+18
1.580212574188122112e+18
1.580212574490968832e+18
1.580212574662730752e+18
1.580212574986582016e+18
1.580212575188480512e+18
1.580212575470937088e+18
1.580212575672709888e+18
1.580212575966295040e+18
1.580212576299811840e+18
1.580212576491692032e+18
1.580212576804746240e+18
1.580212577128548608e+18
1.580212577310346752e+18
1.580212577613116416e+18
1.580212577824910080e+18
1.580212578097391872e+18
1.580212578299162880e+18
1.580212578592439808e+18
1.580212578804476928e+18
1.580212579137878272e+18
1.580212579349989888e+18
1.580212579723579648e+18
1.580212579925101312e+18
1.580212580239223296e+18
1.580212580440875008e+18
1.580212580723627776e+18
1.580212580925466368e+18
1.580212581238171136e+18
1.580212581460647680e+18
1.580212581732975872e+18
1.580212581955110912e+18
1.580212582259865600e+18
1.580212582451798272e+18
1.580212582764921600e+18
1.580212582967387904e+18
1.580212583230766336e+18
1.580212583464009216e+18
1.580212583767652864e+18
1.580212583969632512e+18
1.580212584242954752e+18
1.580212584546434560e+18
1.580212584758567168e+18
1.580212585063036928e+18
1.580212585264967680e+18
1.580212585577859840e+18
1.580212585800073984e+18
1.580212586074037760e+18
1.580212586276334592e+18
1.580212586569965312e+18
1.580212586892698880e+18
1.580212587074487552e+18
1.580212587409574912e+18
1.580212587580949248e+18
1.580212587894013696e+18
1.580212588085884928e+18
1.580212588398900736e+18
1.580212588600783104e+18
1.580212588904385024e+18
1.580212589106256896e+18
1.580212589408936192e+18
1.580212589620745216e+18
1.580212589933808896e+18
1.580212590115482624e+18
1.580212590418057472e+18
1.580212590609770752e+18
1.580212590913802496e+18
1.580212591115801088e+18
1.580212591428640256e+18
1.580212591630413312e+18
1.580212591933793792e+18
1.580212592135695360e+18
1.580212592458724864e+18
1.580212592671485696e+18
1.580212592944193792e+18
1.580212593145908480e+18
1.580212593489857024e+18
1.580212593754686464e+18
1.580212593978154240e+18
1.580212594240627456e+18
1.580212594594359296e+18
1.580212594745652224e+18
1.580212595088827136e+18
1.580212595270648576e+18
1.580212595583612928e+18
1.580212595765006080e+18
1.580212596067472896e+18
1.580212596259168768e+18
1.580212596572044800e+18
1.580212596763715584e+18
1.580212597097814784e+18
1.580212597269291776e+18
1.580212597571646464e+18
1.580212597773308160e+18
1.580212598096950528e+18
1.580212598290293504e+18
1.580212598592875520e+18
1.580212598784664064e+18
1.580212599097797888e+18
1.580212599289370368e+18
1.580212599602029056e+18
1.580212599815681024e+18
1.580212600078249472e+18
1.580212600391373568e+18
1.580212600593115904e+18
1.580212600916297216e+18
1.580212601097896704e+18
1.580212601410591744e+18
1.580212601614029824e+18
1.580212601916515328e+18
1.580212602108209920e+18
1.580212602420536576e+18
1.580212602612774144e+18
1.580212602926701824e+18
1.580212603118309888e+18
1.580212603443058688e+18
1.580212603655920640e+18
1.580212603959708160e+18
1.580212604131343104e+18
1.580212604464953856e+18
1.580212604626576128e+18
1.580212604949434880e+18
1.580212605171303168e+18
1.580212605443729152e+18
1.580212605645975040e+18
1.580212605981213952e+18
1.580212606243966464e+18
1.580212606447166208e+18
1.580212606770627328e+18
1.580212606982414848e+18
1.580212607265217024e+18
1.580212607497362944e+18
1.580212607780477184e+18
1.580212607992288000e+18
1.580212608265185024e+18
1.580212608489064960e+18
1.580212608761641984e+18
1.580212609064604672e+18
1.580212609266685952e+18
1.580212609600870144e+18
1.580212609883336960e+18
1.580212610115693568e+18
1.580212610398604288e+18
1.580212610580140800e+18
1.580212610903137024e+18
1.580212611085233664e+18
1.580212611389068032e+18
1.580212611611451904e+18
1.580212611924390144e+18
1.580212612085830144e+18
1.580212612418981888e+18
1.580212612620942848e+18
1.580212612913449472e+18
1.580212613105356032e+18
1.580212613429437952e+18
1.580212613631069440e+18
1.580212613913962496e+18
1.580212614117281280e+18
1.580212614419893504e+18
1.580212614621550848e+18
1.580212614926408960e+18
1.580212615138393600e+18
1.580212615431117568e+18
1.580212615643058176e+18
1.580212615987665152e+18
1.580212616280488960e+18
1.580212616442176000e+18
1.580212616754913536e+18
1.580212617037733376e+18
1.580212617249815040e+18
1.580212617572936448e+18
1.580212617785071360e+18
1.580212618093391360e+18
1.580212618385877248e+18
1.580212618557678336e+18
1.580212618883872768e+18
1.580212619098716928e+18
1.580212619371308800e+18
1.580212619572871424e+18
1.580212619875457792e+18
1.580212620077135104e+18
1.580212620401194240e+18
1.580212620582920448e+18
1.580212620875962880e+18
1.580212621068119552e+18
1.580212621401506560e+18
1.580212621582997248e+18
1.580212621906378496e+18
1.580212622088140032e+18
1.580212622390685184e+18
1.580212622582642944e+18
1.580212622885368576e+18
1.580212623097150464e+18
1.580212623400045824e+18
1.580212623601739520e+18
1.580212623904389888e+18
1.580212624106772992e+18
1.580212624440218112e+18
1.580212624642055168e+18
1.580212624905035520e+18
1.580212625138244096e+18
1.580212625400930560e+18
1.580212625602834176e+18
1.580212625915485696e+18
1.580212626138049280e+18
1.580212626420528128e+18
1.580212626633014272e+18
1.580212626915779584e+18
1.580212627117629696e+18
1.580212627420840960e+18
1.580212627622483200e+18
1.580212627935394816e+18
1.580212628117317376e+18
1.580212628420296448e+18
1.580212628662353664e+18
1.580212628936207104e+18
1.580212629138363904e+18
1.580212629452455168e+18
1.580212629654500864e+18
1.580212629967313664e+18
1.580212630179313664e+18
1.580212630461876480e+18
1.580212630653977856e+18
1.580212630966761984e+18
1.580212631188884480e+18
1.580212631461493248e+18
1.580212631673465600e+18
1.580212631966302208e+18
1.580212632178306048e+18
1.580212632481237760e+18
1.580212632674181632e+18
1.580212632978085376e+18
1.580212633189830400e+18
1.580212633482734848e+18
1.580212633694747648e+18
1.580212633997433600e+18
1.580212634190505472e+18
1.580212634503856896e+18
1.580212634695665664e+18
1.580212635008742400e+18
1.580212635210855936e+18
1.580212635513396736e+18
1.580212635715187200e+18
1.580212636007732224e+18
1.580212636310302720e+18
1.580212636542417152e+18
1.580212636814753536e+18
1.580212637016495104e+18
1.580212637319563776e+18
1.580212637521651968e+18
1.580212637834496256e+18
1.580212638026554880e+18
1.580212638329346816e+18
1.580212638521719040e+18
1.580212638834458368e+18
1.580212639026184960e+18
1.580212639339218432e+18
1.580212639551289856e+18
1.580212639854719488e+18
1.580212640036413184e+18
1.580212640359471872e+18
1.580212640551160320e+18
1.580212640878214912e+18
1.580212641059748352e+18
1.580212641352482048e+18
1.580212641564371712e+18
1.580212641856849152e+18
1.580212642058512128e+18
1.580212642361989376e+18
1.580212642595421184e+18
1.580212642867818240e+18
1.580212643059740416e+18
1.580212643382823936e+18
1.580212643574373376e+18
1.580212643888392960e+18
1.580212644081035520e+18
1.580212644434664704e+18
1.580212644617959680e+18
1.580212644913304320e+18
1.580212645185579776e+18
1.580212645378369792e+18
1.580212645691422976e+18
1.580212645893302528e+18
1.580212646195958016e+18
1.580212646397705216e+18
1.580212646691400704e+18
1.580212646913304576e+18
1.580212647206899200e+18
1.580212647398355200e+18
1.580212647731809280e+18
1.580212647913289216e+18
1.580212648207154688e+18
1.580212648408835072e+18
1.580212648721983488e+18
1.580212648903641088e+18
1.580212649246371840e+18
1.580212649418457856e+18
1.580212649712093696e+18
1.580212649913824768e+18
1.580212650216559360e+18
1.580212650418758400e+18
1.580212650751808768e+18
1.580212650923277824e+18
1.580212651257091328e+18
1.580212651438595072e+18
1.580212651752209152e+18
1.580212651944871168e+18
1.580212652261004032e+18
1.580212652483445248e+18
1.580212652745782528e+18
1.580212652937569280e+18
1.580212653260453120e+18
1.580212653452314880e+18
1.580212653755070976e+18
1.580212653947536640e+18
1.580212654260606720e+18
1.580212654482691328e+18
1.580212654765863424e+18
1.580212654997956096e+18
1.580212655271723264e+18
1.580212655473450752e+18
1.580212655817442560e+18
1.580212656100168960e+18
1.580212656281779456e+18
1.580212656584583424e+18
1.580212656786324480e+18
1.580212657099811072e+18
1.580212657291561984e+18
1.580212657594270208e+18
1.580212657796133120e+18
1.580212658098927872e+18
1.580212658290399232e+18
1.580212658593947392e+18
1.580212658805749248e+18
1.580212659149035520e+18
1.580212659442460160e+18
1.580212659603729408e+18
1.580212659907188736e+18
1.580212660119384064e+18
1.580212660453451264e+18
1.580212660715890432e+18
1.580212660917569280e+18
1.580212661230908672e+18
1.580212661452619520e+18
1.580212661735330048e+18
1.580212661927762688e+18
1.580212662251952640e+18
1.580212662474171392e+18
1.580212662746523904e+18
1.580212662948253952e+18
1.580212663250708224e+18
1.580212663443311872e+18
1.580212663757753088e+18
1.580212663959812864e+18
1.580212664263038976e+18
1.580212664465007360e+18
1.580212664778115840e+18
1.580212664959574016e+18
1.580212665262437376e+18
1.580212665464204288e+18
1.580212665807860224e+18
1.580212665969166848e+18
1.580212666271997696e+18
1.580212666483735808e+18
1.580212666777348096e+18
1.580212667089943808e+18
1.580212667281815552e+18
1.580212667594851072e+18
1.580212667806721536e+18
1.580212668089621248e+18
1.580212668301666304e+18
1.580212668604400640e+18
1.580212668795879936e+18
1.580212669108532224e+18
