1.581091063655547392e+18
1.581091063867211776e+18
1.581091064150771968e+18
1.581091064353852928e+18
1.581091064656790272e+18
1.581091064858718976e+18
1.581091065151128832e+18
1.581091065352902400e+18
1.581091065668314368e+18
1.581091065890007808e+18
1.581091066174180864e+18
1.581091066406554880e+18
1.581091066668845824e+18
1.581091066870958848e+18
1.581091067185690112e+18
1.581091067388775424e+18
1.581091067691267328e+18
1.581091067913795328e+18
1.581091068196498432e+18
1.581091068397915136e+18
1.581091068711128064e+18
1.581091068913929984e+18
1.581091069226616576e+18
1.581091069418144000e+18
1.581091069732050176e+18
1.581091069925263360e+18
1.581091070228655104e+18
1.581091070431197440e+18
1.581091070724369920e+18
1.581091070926247168e+18
1.581091071239680512e+18
1.581091071421313792e+18
1.581091071756385792e+18
1.581091071927750144e+18
1.581091072230794496e+18
1.581091072423858432e+18
1.581091072726603520e+18
1.581091073040783616e+18
1.581091073253874688e+18
1.581091073538251264e+18
1.581091073843388416e+18
1.581091074045005824e+18
1.581091074358338560e+18
1.581091074650836736e+18
1.581091074882861312e+18
1.581091075165199360e+18
1.581091075356241664e+18
1.581091075679834368e+18
1.581091075883812352e+18
1.581091076176450304e+18
1.581091076368026624e+18
1.581091076711483136e+18
1.581091076883663104e+18
1.581091077196589568e+18
1.581091077388345600e+18
1.581091077691440640e+18
1.581091077893463040e+18
1.581091078196625408e+18
1.581091078398889728e+18
1.581091078691964416e+18
1.581091078994780160e+18
1.581091079232544768e+18
1.581091079504380160e+18
1.581091079716284672e+18
1.581091080049508864e+18
1.581091080210938368e+18
1.581091080524343296e+18
1.581091080726150912e+18
1.581091081028484864e+18
1.581091081230081024e+18
1.581091081544293376e+18
1.581091081745690880e+18
1.581091082038042624e+18
1.581091082240522496e+18
1.581091082543971328e+18
1.581091082737220608e+18
1.581091083039887104e+18
1.581091083242200320e+18
1.581091083534900736e+18
1.581091083736934656e+18
1.581091084041442816e+18
1.581091084243351808e+18
1.581091084546206208e+18
1.581091084758628864e+18
1.581091085041365504e+18
1.581091085294798080e+18
1.581091085557516544e+18
1.581091085759092480e+18
1.581091086062239744e+18
1.581091086253996544e+18
1.581091086608454656e+18
1.581091086860300032e+18
1.581091087085055232e+18
1.581091087357281536e+18
1.581091087559097856e+18
1.581091087851645952e+18
1.581091088085406464e+18
1.581091088388141312e+18
1.581091088569800960e+18
1.581091088852102656e+18
1.581091089054955776e+18
1.581091089389477120e+18
1.581091089602626816e+18
1.581091089865251072e+18
1.581091090066942976e+18
1.581091090389844736e+18
1.581091090591835136e+18
1.581091090904777728e+18
1.581091091107147264e+18
1.581091091370955008e+18
1.581091091582856448e+18
1.581091091898461184e+18
1.581091092090449408e+18
1.581091092394988032e+18
1.581091092596803584e+18
1.581091092909754880e+18
1.581091093202423552e+18
1.581091093506152704e+18
1.581091093798695424e+18
1.581091094031147776e+18
1.581091094313507584e+18
1.581091094616088576e+18
1.581091094827971840e+18
1.581091095140745472e+18
1.581091095312372224e+18
1.581091095625878528e+18
1.581091095837551616e+18
1.581091096174657536e+18
1.581091096478169088e+18
1.581091096742210304e+18
1.581091096944101888e+18
1.581091097246596352e+18
1.581091097449581312e+18
1.581091097775033344e+18
1.581091097976742912e+18
1.581091098251511040e+18
1.581091098443420672e+18
1.581091098776266496e+18
1.581091098957840128e+18
1.581091099260561664e+18
1.581091099452036096e+18
1.581091099758704384e+18
1.581091099960538624e+18
1.581091100263251456e+18
1.581091100495265536e+18
1.581091100768168192e+18
1.581091100969869824e+18
1.581091101263703040e+18
1.581091101485767168e+18
1.581091101808540416e+18
1.581091102030574592e+18
1.581091102292847360e+18
1.581091102494276864e+18
1.581091102807234816e+18
1.581091103091671808e+18
1.581091103306900224e+18
1.581091103599120384e+18
1.581091103810865408e+18
1.581091104093118464e+18
1.581091104297487616e+18
1.581091104610439424e+18
1.581091104832213760e+18
1.581091105145645056e+18
1.581091105418029312e+18
1.581091105619928576e+18
1.581091105915348736e+18
1.581091106127417344e+18
1.581091106410447872e+18
1.581091106612171776e+18
1.581091106915160064e+18
1.581091107116721152e+18
1.581091107434423552e+18
1.581091107635993344e+18
1.581091107938921728e+18
1.581091108241385216e+18
1.581091108442909440e+18
1.581091108786662144e+18
1.581091108958050048e+18
1.581091109260840192e+18
1.581091109463926272e+18
1.581091109756515072e+18
1.581091109968477184e+18
1.581091110261110016e+18
1.581091110462954240e+18
1.581091110768750336e+18
1.581091110970608896e+18
1.581091111264371712e+18
1.581091111466091776e+18
1.581091111758673664e+18
1.581091111970543872e+18
1.581091112273456384e+18
1.581091112465075456e+18
1.581091112779966464e+18
1.581091112982189056e+18
1.581091113274590976e+18
1.581091113486632192e+18
1.581091113812433408e+18
1.581091113993978112e+18
1.581091114316742400e+18
1.581091114518656256e+18
1.581091114791115264e+18
1.581091115025413120e+18
1.581091115297691136e+18
1.581091115529589504e+18
1.581091115791983104e+18
1.581091116005096192e+18
1.581091116297668608e+18
1.581091116499526144e+18
1.581091116822375680e+18
1.581091117004568832e+18
1.581091117317121536e+18
1.581091117511058432e+18
1.581091117823809280e+18
1.581091118035597056e+18
1.581091118337961984e+18
1.581091118529504768e+18
1.581091118843081728e+18
1.581091119034811648e+18
1.581091119337865472e+18
1.581091119651381504e+18
1.581091119842952192e+18
1.581091120156162048e+18
1.581091120347788288e+18
1.581091120651926016e+18
1.581091120856524544e+18
1.581091121158961664e+18
1.581091121421254656e+18
1.581091121673155328e+18
1.581091121875857664e+18
1.581091122178246400e+18
1.581091122379947776e+18
1.581091122693712128e+18
1.581091122885727488e+18
1.581091123189582592e+18
1.581091123391773952e+18
1.581091123694224640e+18
1.581091123896470528e+18
1.581091124189439488e+18
1.581091124392338688e+18
1.581091124686232064e+18
1.581091124898009088e+18
1.581091125222638848e+18
1.581091125404246784e+18
1.581091125706799104e+18
1.581091125908481536e+18
1.581091126214544896e+18
1.581091126416121344e+18
1.581091126719214336e+18
1.581091126941030144e+18
1.581091127223488512e+18
1.581091127425253632e+18
1.581091127720425472e+18
1.581091127912267264e+18
1.581091128235298048e+18
1.581091128426985216e+18
1.581091128729718272e+18
1.581091128921465344e+18
1.581091129234339584e+18
1.581091129437244160e+18
1.581091129732370432e+18
1.581091129934927104e+18
1.581091130237680896e+18
1.581091130449873152e+18
1.581091130742160896e+18
1.581091130943864064e+18
1.581091131257422336e+18
1.581091131459208704e+18
1.581091131761551872e+18
1.581091131974615808e+18
1.581091132266953216e+18
1.581091132468916992e+18
1.581091132782145536e+18
1.581091132974387456e+18
1.581091133290181888e+18
1.581091133481827840e+18
1.581091133796131840e+18
1.581091134007962624e+18
1.581091134310586112e+18
1.581091134512287488e+18
1.581091134815773440e+18
1.581091134997116416e+18
1.581091135312953088e+18
1.581091135525817088e+18
1.581091135829090560e+18
1.581091136023212032e+18
1.581091136338358272e+18
1.581091136530309888e+18
1.581091136843988480e+18
1.581091137046530560e+18
1.581091137342509312e+18
1.581091137536213760e+18
1.581091137838661888e+18
1.581091138031324928e+18
1.581091138313551616e+18
1.581091138567849472e+18
1.581091138830745856e+18
1.581091139043013120e+18
1.581091139336332288e+18
1.581091139547954944e+18
1.581091139861716992e+18
1.581091140053990400e+18
1.581091140366620160e+18
1.581091140549163520e+18
1.581091140841800192e+18
1.581091141044473600e+18
1.581091141356904448e+18
1.581091141549330688e+18
1.581091141841794560e+18
1.581091142064776192e+18
1.581091142369261824e+18
1.581091142570891008e+18
1.581091142863037952e+18
1.581091143076391168e+18
1.581091143378998528e+18
1.581091143570846464e+18
1.581091143884791552e+18
1.581091144076245760e+18
1.581091144380890624e+18
1.581091144593468416e+18
1.581091144896123136e+18
1.581091145098935040e+18
1.581091145393288192e+18
1.581091145595230208e+18
1.581091145891074816e+18
1.581091146092742656e+18
1.581091146396087808e+18
1.581091146597684480e+18
1.581091146892311552e+18
1.581091147083874816e+18
1.581091147396733184e+18
1.581091147588443648e+18
1.581091147912601856e+18
1.581091148105554176e+18
1.581091148398998272e+18
1.581091148620911360e+18
1.581091148913367296e+18
1.581091149126097920e+18
1.581091149418504192e+18
1.581091149620296704e+18
1.581091149912646400e+18
1.581091150114599680e+18
1.581091150407957760e+18
1.581091150731657728e+18
1.581091150924509696e+18
1.581091151217417728e+18
1.581091151429457152e+18
1.581091151725592576e+18
1.581091151917357568e+18
1.581091152260948480e+18
1.581091152464797952e+18
1.581091152778390528e+18
1.581091153031895040e+18
1.581091153243526144e+18
1.581091153546891520e+18
1.581091153738499840e+18
1.581091154031503104e+18
1.581091154253366272e+18
1.581091154547185152e+18
1.581091154763930368e+18
1.581091155037086720e+18
1.581091155239062528e+18
1.581091155541787648e+18
1.581091155753571328e+18
1.581091156046300416e+18
1.581091156268286720e+18
1.581091156550650112e+18
1.581091156774624256e+18
1.581091157057198592e+18
1.581091157300602624e+18
1.581091157554240000e+18
1.581091157755941376e+18
1.581091158068908544e+18
1.581091158270982400e+18
1.581091158563713536e+18
1.581091158775750656e+18
1.581091159090110464e+18
1.581091159311904256e+18
1.581091159596271616e+18
1.581091159808508160e+18
1.581091160092476160e+18
1.581091160295710208e+18
1.581091160598538240e+18
1.581091160790608896e+18
1.581091161103273728e+18
1.581091161327490304e+18
1.581091161603935744e+18
1.581091161815649024e+18
1.581091162098204416e+18
1.581091162320302848e+18
1.581091162614038784e+18
1.581091162825727488e+18
1.581091163118490368e+18
1.581091163330697216e+18
1.581091163633232640e+18
1.581091163834986752e+18
1.581091164127493120e+18
1.581091164339410944e+18
1.581091164632063744e+18
1.581091164856937472e+18
1.581091165119276544e+18
1.581091165341437184e+18
1.581091165644069376e+18
1.581091165845808128e+18
1.581091166128312320e+18
1.581091166361894656e+18
1.581091166655466240e+18
1.581091166857218048e+18
1.581091167149827840e+18
1.581091167351682816e+18
1.581091167654041600e+18
1.581091167857880576e+18
1.581091168170781184e+18
1.581091168392788224e+18
1.581091168675033600e+18
1.581091168876736256e+18
1.581091169179848704e+18
1.581091169382614784e+18
1.581091169685906432e+18
1.581091169899012096e+18
1.581091170182099200e+18
1.581091170394611712e+18
1.581091170677934080e+18
1.581091170889461248e+18
1.581091171193345792e+18
1.581091171407207424e+18
1.581091171709773312e+18
1.581091171912668416e+18
1.581091172205147648e+18
1.581091172427238912e+18
1.581091172719700992e+18
1.581091172922336768e+18
1.581091173225421824e+18
1.581091173448224512e+18
1.581091173731520512e+18
1.581091173912818944e+18
1.581091174235324672e+18
1.581091174447340800e+18
1.581091174729869824e+18
1.581091174922218240e+18
1.581091175235056128e+18
1.581091175426652928e+18
1.581091175721238528e+18
1.581091175944437760e+18
1.581091176227224576e+18
1.581091176469530880e+18
1.581091176745048576e+18
1.581091176946690304e+18
1.581091177249477888e+18
1.581091177451468544e+18
1.581091177743726592e+18
1.581091177945532416e+18
1.581091178238773504e+18
1.581091178531419392e+18
1.581091178753662720e+18
1.581091178955495936e+18
1.581091179268260864e+18
1.581091179460016896e+18
1.581091179754476288e+18
1.581091179986354688e+18
1.581091180268903424e+18
1.581091180490880512e+18
1.581091180783474688e+18
1.581091180979106560e+18
1.581091181281728512e+18
1.581091181473030144e+18
1.581091181790283264e+18
1.581091181991920896e+18
1.581091182305675776e+18
1.581091182507469312e+18
1.581091182789990656e+18
1.581091182992088576e+18
1.581091183294647296e+18
1.581091183496682752e+18
1.581091183789297408e+18
1.581091184011272704e+18
1.581091184297837824e+18
1.581091184570358528e+18
1.581091184802256640e+18
1.581091185024891136e+18
1.581091185297756672e+18
1.581091185509572352e+18
1.581091185812774400e+18
1.581091186016348160e+18
1.581091186349093888e+18
1.581091186530603264e+18
1.581091186823248640e+18
1.581091187035122688e+18
1.581091187318072832e+18
1.581091187529779456e+18
1.581091187833938944e+18
1.581091188026997760e+18
1.581091188329555200e+18
1.581091188562315776e+18
1.581091188824526080e+18
1.581091189036901888e+18
1.581091189329744896e+18
1.581091189542706432e+18
1.581091189839760640e+18
1.581091190051850752e+18
1.581091190335386624e+18
1.581091190547203328e+18
1.581091190840271104e+18
1.581091191053515520e+18
1.581091191357839104e+18
1.581091191670789376e+18
1.581091191862770176e+18
1.581091192165856768e+18
1.581091192378631168e+18
1.581091192693949440e+18
1.581091192875768320e+18
1.581091193188349952e+18
1.581091193380884736e+18
1.581091193707437568e+18
1.581091193900472064e+18
1.581091194203104768e+18
1.581091194407861248e+18
1.581091194720582912e+18
1.581091194901848064e+18
1.581091195215098624e+18
1.581091195418956288e+18
1.581091195722232320e+18
1.581091195923692288e+18
1.581091196208141312e+18
1.581091196419845632e+18
1.581091196733367552e+18
1.581091196924794368e+18
1.581091197237998080e+18
1.581091197430095360e+18
1.581091197743422208e+18
1.581091197946671872e+18
1.581091198239376640e+18
1.581091198452365312e+18
1.581091198767838720e+18
1.581091198939361536e+18
1.581091199273240576e+18
1.581091199464953856e+18
1.581091199757701888e+18
1.581091199950021888e+18
1.581091200252317184e+18
1.581091200453661696e+18
1.581091200769710080e+18
1.581091200961436928e+18
1.581091201263686912e+18
1.581091201476275712e+18
1.581091201778798080e+18
1.581091201970370048e+18
1.581091202263101440e+18
1.581091202456603392e+18
1.581091202769302528e+18
1.581091202951036160e+18
1.581091203276328704e+18
1.581091203478420736e+18
1.581091203805650688e+18
1.581091204007503872e+18
1.581091204290600192e+18
1.581091204502263808e+18
1.581091204815292160e+18
1.581091204986706944e+18
1.581091205302034688e+18
1.581091205483297024e+18
1.581091205805932544e+18
1.581091205987919360e+18
1.581091206291063552e+18
1.581091206503200768e+18
1.581091206807315200e+18
1.581091207009060096e+18
1.581091207312214528e+18
1.581091207503825152e+18
1.581091207818270464e+18
1.581091208020187136e+18
1.581091208332837376e+18
1.581091208536698112e+18
1.581091208839826432e+18
1.581091209041527808e+18
1.581091209335588864e+18
1.581091209537251840e+18
1.581091209880043520e+18
1.581091210121949952e+18
1.581091210486777600e+18
1.581091210699382528e+18
1.581091211012357120e+18
1.581091211214303744e+18
1.581091211507073792e+18
1.581091211700527872e+18
1.581091212034970112e+18
1.581091212278879488e+18
1.581091212612362752e+18
1.581091212844130560e+18
1.581091213209398784e+18
1.581091213432465664e+18
1.581091213797024768e+18
1.581091214021423872e+18
1.581091214344098048e+18
1.581091214547542528e+18
1.581091214840288256e+18
1.581091215054319104e+18
1.581091215461506048e+18
1.581091215717781504e+18
1.581091216083046912e+18
1.581091216294703360e+18
1.581091216628074240e+18
1.581091216881920512e+18
1.581091217266275584e+18
1.581091217498511616e+18
1.581091217894774528e+18
1.581091218128038400e+18
1.581091218514772480e+18
1.581091218746522368e+18
1.581091219089276672e+18
1.581091219311092992e+18
1.581091219653632768e+18
1.581091219876357120e+18
1.581091220240073216e+18
1.581091220472768000e+18
1.581091220846386176e+18
1.581091221078187264e+18
1.581091221421643008e+18
1.581091221656200448e+18
1.581091222000666112e+18
1.581091222202346496e+18
1.581091222605944064e+18
1.581091222839250176e+18
1.581091223226534144e+18
1.581091223498775040e+18
1.581091223871810816e+18
1.581091224113675520e+18
1.581091224468221440e+18
1.581091224680001024e+18
1.581091225012901632e+18
1.581091225215963392e+18
1.581091225538784768e+18
1.581091225760729600e+18
1.581091226074668032e+18
1.581091226286405888e+18
1.581091226599110912e+18
1.581091226802883072e+18
1.581091227116198912e+18
1.581091227287756032e+18
1.581091227590147328e+18
1.581091227802107648e+18
1.581091228104714496e+18
1.581091228299567360e+18
1.581091228633607168e+18
1.581091228845475328e+18
1.581091229178284288e+18
1.581091229369953024e+18
1.581091229682443520e+18
1.581091229874753536e+18
1.581091230179105536e+18
1.581091230361763584e+18
1.581091230665734144e+18
1.581091230848633344e+18
1.581091231173166336e+18
1.581091231346270976e+18
1.581091231638841344e+18
1.581091231830594304e+18
1.581091232133929984e+18
1.581091232338428416e+18
1.581091232630960128e+18
1.581091232852890880e+18
1.581091233165431552e+18
1.581091233336748800e+18
1.581091233664317952e+18
1.581091233846418176e+18
1.581091234159174912e+18
1.581091234372874752e+18
1.581091234646965760e+18
1.581091234848685568e+18
1.581091235181497856e+18
1.581091235377404416e+18
1.581091235693550592e+18
1.581091235875624192e+18
1.581091236169750784e+18
1.581091236361417472e+18
1.581091236697352192e+18
1.581091236879805952e+18
1.581091237183939840e+18
1.581091237365885952e+18
1.581091237688691200e+18
1.581091237870877952e+18
1.581091238174411264e+18
1.581091238376546560e+18
1.581091238680565504e+18
1.581091238892705024e+18
1.581091239201321728e+18
1.581091239403148800e+18
1.581091239705624064e+18
1.581091239921185024e+18
1.581091240215551232e+18
1.581091240427557632e+18
1.581091240745202688e+18
1.581091240946745088e+18
1.581091241269243648e+18
1.581091241463639808e+18
1.581091241768487424e+18
1.581091241939998976e+18
1.581091242233524736e+18
1.581091242455469568e+18
1.581091242747827456e+18
1.581091242941747456e+18
1.581091243254357248e+18
1.581091243405526784e+18
1.581091243729800704e+18
1.581091243931401216e+18
1.581091244245362432e+18
1.581091244437010944e+18
1.581091244761663232e+18
1.581091244948023296e+18
1.581091245250562560e+18
1.581091245452422912e+18
1.581091245755210752e+18
1.581091245936565504e+18
1.581091246279390720e+18
1.581091246471045120e+18
1.581091246773564416e+18
1.581091246965225984e+18
1.581091247309022720e+18
1.581091247510880512e+18
1.581091247813647616e+18
1.581091247985003008e+18
1.581091248289436160e+18
1.581091248471850752e+18
1.581091248804973056e+18
1.581091249008277248e+18
1.581091249354432512e+18
1.581091249560154368e+18
1.581091249862733056e+18
1.581091250044114176e+18
1.581091250329108736e+18
1.581091250520800768e+18
1.581091250823478272e+18
1.581091251005537024e+18
1.581091251349075200e+18
1.581091251545020416e+18
1.581091251828469248e+18
1.581091252010264064e+18
1.581091252325226752e+18
1.581091252496933120e+18
1.581091252812598528e+18
1.581091253015559424e+18
1.581091253319346944e+18
1.581091253532785920e+18
1.581091253856054784e+18
1.581091254068378368e+18
1.581091254391026944e+18
1.581091254583440896e+18
1.581091254866092288e+18
1.581091255037742080e+18
1.581091255370841088e+18
1.581091255545729536e+18
1.581091255858659072e+18
1.581091256050241792e+18
1.581091256332442112e+18
1.581091256515448320e+18
1.581091256849090048e+18
1.581091257040599808e+18
1.581091257364657152e+18
1.581091257556129792e+18
1.581091257848651264e+18
1.581091258050372352e+18
1.581091258373393920e+18
1.581091258556453120e+18
1.581091258879814912e+18
1.581091259061402368e+18
1.581091259394533888e+18
1.581091259586751232e+18
1.581091259891021312e+18
1.581091260083607808e+18
1.581091260396985344e+18
1.581091260598909184e+18
1.581091260901640704e+18
1.581091261103347456e+18
1.581091261437747200e+18
1.581091261643619328e+18
1.581091261935976192e+18
1.581091262107407104e+18
1.581091262412384768e+18
1.581091262604204800e+18
1.581091262926806272e+18
1.581091263098099456e+18
1.581091263420529664e+18
1.581091263612123136e+18
1.581091263925337856e+18
1.581091264137923584e+18
1.581091264410436608e+18
1.581091264602852608e+18
1.581091264906901504e+18
1.581091265108621312e+18
1.581091265423001600e+18
1.581091265624841984e+18
1.581091265929190400e+18
1.581091266131079936e+18
1.581091266442002432e+18
1.581091266633933568e+18
1.581091266957689344e+18
1.581091267171018752e+18
1.581091267475132672e+18
1.581091267684199424e+18
1.581091267956865280e+18
1.581091268148449536e+18
1.581091268460973312e+18
1.581091268653909248e+18
1.581091268966185472e+18
1.581091269158678016e+18
1.581091269497644032e+18
1.581091269690706176e+18
1.581091269993443584e+18
1.581091270205561856e+18
1.581091270518232064e+18
1.581091270719942400e+18
1.581091271044324864e+18
1.581091271236092160e+18
1.581091271583250688e+18
1.581091271815446528e+18
1.581091272178506752e+18
1.581091272410382592e+18
1.581091272753269760e+18
1.581091272975155968e+18
1.581091273318704128e+18
1.581091273550894336e+18
1.581091273904608768e+18
1.581091274106353152e+18
1.581091274469481984e+18
1.581091274682106368e+18
1.581091274999024896e+18
1.581091275210852096e+18
1.581091275513407744e+18
1.581091275715168000e+18
1.581091276047835904e+18
1.581091276261765888e+18
1.581091276615334912e+18
1.581091276847453440e+18
1.581091277180154368e+18
1.581091277383254784e+18
1.581091277705671424e+18
1.581091277927898624e+18
1.581091278291179264e+18
1.581091278503618816e+18
1.581091278816505856e+18
1.581091279007977472e+18
1.581091279313398528e+18
1.581091279515503872e+18
1.581091279838760960e+18
1.581091280040893184e+18
1.581091280393995520e+18
1.581091280605811712e+18
1.581091280968713984e+18
1.581091281202642432e+18
1.581091281566108416e+18
1.581091281778184192e+18
1.581091282154238464e+18
1.581091282376339456e+18
1.581091282749165568e+18
1.581091283001302784e+18
1.581091283404989696e+18
1.581091283647752192e+18
1.581091284062565376e+18
1.581091284355213312e+18
1.581091284811623424e+18
1.581091285063893504e+18
1.581091285447864064e+18
1.581091285681442048e+18
1.581091286075332352e+18
1.581091286327660032e+18
1.581091286741741056e+18
1.581091287014431488e+18
1.581091287484227328e+18
1.581091287778093568e+18
1.581091288251946752e+18
1.581091288544861952e+18
1.581091288968143616e+18
1.581091289240452352e+18
1.581091289674327552e+18
1.581091289926336256e+18
1.581091290329709056e+18
1.581091290601944576e+18
1.581091291047540224e+18
1.581091291322072832e+18
1.581091291688728832e+18
1.581091291920928768e+18
1.581091292299212288e+18
1.581091292563448832e+18
1.581091292946511104e+18
1.581091293189203712e+18
1.581091293598863104e+18
1.581091293841297152e+18
1.581091294224923904e+18
1.581091294456663296e+18
1.581091294819712256e+18
1.581091295052273408e+18
1.581091295437337856e+18
1.581091295659255296e+18
1.581091296032800512e+18
1.581091296295540992e+18
1.581091296699669504e+18
1.581091296901342976e+18
1.581091297275648512e+18
1.581091297517483008e+18
1.581091297914593024e+18
1.581091298187019008e+18
1.581091298580407296e+18
1.581091298832653568e+18
1.581091299156601600e+18
1.581091299378401024e+18
1.581091299732668160e+18
1.581091299954857728e+18
1.581091300328028928e+18
1.581091300560976896e+18
1.581091300985520896e+18
1.581091301237708288e+18
1.581091301621462016e+18
