1.581094884758927616e+18
1.581094884991641856e+18
1.581094885284961792e+18
1.581094885506846976e+18
1.581094885749414400e+18
1.581094886083465728e+18
1.581094886265394688e+18
1.581094886587891712e+18
1.581094886799534848e+18
1.581094887082367488e+18
1.581094887264444416e+18
1.581094887579134720e+18
1.581094887800936704e+18
1.581094888083917312e+18
1.581094888275574784e+18
1.581094888619758336e+18
1.581094888894417408e+18
1.581094889207587328e+18
1.581094889409713664e+18
1.581094889744218368e+18
1.581094889915649024e+18
1.581094890187894016e+18
1.581094890399601408e+18
1.581094890732585472e+18
1.581094890924482048e+18
1.581094891207199744e+18
1.581094891408320000e+18
1.581094891753063168e+18
1.581094892046365952e+18
1.581094892237988352e+18
1.581094892522558976e+18
1.581094892734610944e+18
1.581094893068693248e+18
1.581094893260119040e+18
1.581094893544513536e+18
1.581094893736146432e+18
1.581094894039281152e+18
1.581094894231216384e+18
1.581094894564364288e+18
1.581094894766144256e+18
1.581094895070417152e+18
1.581094895262318848e+18
1.581094895595283968e+18
1.581094895766576640e+18
1.581094896049016320e+18
1.581094896250937344e+18
1.581094896574850816e+18
1.581094896777487616e+18
1.581094897080378624e+18
1.581094897274797312e+18
1.581094897577426688e+18
1.581094897879842560e+18
1.581094898192282368e+18
1.581094898386578432e+18
1.581094898699419904e+18
1.581094898902091776e+18
1.581094899204758784e+18
1.581094899396335104e+18
1.581094899710114816e+18
1.581094900023414272e+18
1.581094900287641856e+18
1.581094900499507200e+18
1.581094900802460416e+18
1.581094900994083328e+18
1.581094901339507712e+18
1.581094901511194880e+18
1.581094901803906816e+18
1.581094902005701120e+18
1.581094902329313280e+18
1.581094902500958720e+18
1.581094902834301952e+18
1.581094903026108416e+18
1.581094903329554688e+18
1.581094903531200256e+18
1.581094903844647680e+18
1.581094904036996864e+18
1.581094904340884224e+18
1.581094904542658816e+18
1.581094904816723712e+18
1.581094905058810880e+18
1.581094905331350272e+18
1.581094905543466240e+18
1.581094905837234688e+18
1.581094906040347648e+18
1.581094906363338240e+18
1.581094906555714304e+18
1.581094906848356352e+18
1.581094907051564288e+18
1.581094907354088960e+18
1.581094907566100224e+18
1.581094907890256384e+18
1.581094908062014464e+18
1.581094908354809344e+18
1.581094908566421760e+18
1.581094908901276160e+18
1.581094909092953856e+18
1.581094909375781632e+18
1.581094909679120640e+18
1.581094909922506496e+18
1.581094910194955264e+18
1.581094910396715520e+18
1.581094910699096320e+18
1.581094910890781184e+18
1.581094911195538432e+18
1.581094911417662976e+18
1.581094911709946624e+18
1.581094911892463360e+18
1.581094912225617920e+18
1.581094912407138816e+18
1.581094912710309120e+18
1.581094912911700480e+18
1.581094913226504192e+18
1.581094913398521600e+18
1.581094913702081280e+18
1.581094913903805952e+18
1.581094914238162944e+18
1.581094914409944576e+18
1.581094914733033728e+18
1.581094914925515008e+18
1.581094915230383104e+18
1.581094915422414080e+18
1.581094915735219200e+18
1.581094915927265024e+18
1.581094916270693376e+18
1.581094916452144128e+18
1.581094916735137536e+18
1.581094916968544768e+18
1.581094917240999168e+18
1.581094917454217472e+18
1.581094917746707456e+18
1.581094917948632320e+18
1.581094918301700352e+18
1.581094918453057536e+18
1.581094918795898112e+18
1.581094918957917184e+18
1.581094919270563328e+18
1.581094919514021376e+18
1.581094919776535552e+18
1.581094919979004416e+18
1.581094920281949184e+18
1.581094920525625856e+18
1.581094920828855552e+18
1.581094921101970688e+18
1.581094921293559808e+18
1.581094921575431424e+18
1.581094921768687360e+18
1.581094922102171648e+18
1.581094922283391488e+18
1.581094922579936512e+18
1.581094922892675584e+18
1.581094923104528896e+18
1.581094923437514752e+18
1.581094923629192960e+18
1.581094923901396224e+18
1.581094924104203776e+18
1.581094924438054656e+18
1.581094924621840640e+18
1.581094924913975296e+18
1.581094925106294016e+18
1.581094925419096320e+18
1.581094925642221824e+18
1.581094925946328576e+18
1.581094926108119040e+18
1.581094926430459392e+18
1.581094926733883136e+18
1.581094926948613632e+18
1.581094927240848640e+18
1.581094927432358912e+18
1.581094927735164416e+18
1.581094927948239616e+18
1.581094928241235200e+18
1.581094928443131136e+18
1.581094928746913024e+18
1.581094928930115840e+18
1.581094929283776256e+18
1.581094929475412224e+18
1.581094929738349568e+18
1.581094929950070528e+18
1.581094930243417856e+18
1.581094930446836736e+18
1.581094930771538432e+18
1.581094930953274624e+18
1.581094931267449856e+18
1.581094931489712640e+18
1.581094931773018624e+18
1.581094931984831488e+18
1.581094932258276352e+18
1.581094932460104704e+18
1.581094932814637312e+18
1.581094932986279424e+18
1.581094933309609472e+18
1.581094933481167360e+18
1.581094933804320512e+18
1.581094933996128256e+18
1.581094934300323072e+18
1.581094934502514944e+18
1.581094934814758912e+18
1.581094935028077312e+18
1.581094935342023936e+18
1.581094935503411712e+18
1.581094935827055104e+18
1.581094935998499840e+18
1.581094936312679936e+18
1.581094936494440960e+18
1.581094936847555584e+18
1.581094937018985216e+18
1.581094937322041088e+18
1.581094937523719424e+18
1.581094937818538752e+18
1.581094938060715008e+18
1.581094938364401408e+18
1.581094938556023552e+18
1.581094938818466560e+18
1.581094939131057408e+18
1.581094939353500672e+18
1.581094939626061056e+18
1.581094939918777088e+18
1.581094940253163520e+18
1.581094940424810752e+18
1.581094940728343808e+18
1.581094940961317376e+18
1.581094941233804288e+18
1.581094941425538560e+18
1.581094941769519360e+18
1.581094941951489536e+18
1.581094942276557824e+18
1.581094942458025472e+18
1.581094942760433920e+18
1.581094943065219072e+18
1.581094943267594496e+18
1.581094943569982464e+18
1.581094943761439232e+18
1.581094944105251072e+18
1.581094944287028992e+18
1.581094944579387648e+18
1.581094944791156992e+18
1.581094945084594688e+18
1.581094945350065664e+18
1.581094945592090880e+18
1.581094945804200192e+18
1.581094946118411520e+18
1.581094946320360448e+18
1.581094946603009280e+18
1.581094946805961984e+18
1.581094947118919680e+18
1.581094947342103296e+18
1.581094947614405376e+18
1.581094947826341376e+18
1.581094948141172224e+18
1.581094948323324672e+18
1.581094948626272768e+18
1.581094948828499968e+18
1.581094949151295744e+18
1.581094949434232064e+18
1.581094949616719616e+18
1.581094949929357824e+18
1.581094950252744704e+18
1.581094950515876864e+18
1.581094950768124928e+18
1.581094951020448000e+18
1.581094951242893568e+18
1.581094951546390528e+18
1.581094951739197184e+18
1.581094952033235968e+18
1.581094952235123968e+18
1.581094952537586688e+18
1.581094952779658240e+18
1.581094953053620992e+18
1.581094953346054400e+18
1.581094953557545472e+18
1.581094953851963392e+18
1.581094954053892352e+18
1.581094954367086336e+18
1.581094954568619264e+18
1.581094954863030272e+18
1.581094955074886656e+18
1.581094955418641664e+18
1.581094955681275904e+18
1.581094955983897600e+18
1.581094956185604864e+18
1.581094956489875968e+18
1.581094956702537728e+18
1.581094957005161728e+18
1.581094957307592448e+18
1.581094957499137024e+18
1.581094957803229184e+18
1.581094958005786624e+18
1.581094958318873600e+18
1.581094958541966336e+18
1.581094958814435072e+18
1.581094958996253952e+18
1.581094959308699904e+18
1.581094959521734656e+18
1.581094959804925440e+18
1.581094960006682880e+18
1.581094960342445056e+18
1.581094960514353920e+18
1.581094960857289216e+18
1.581094961050006784e+18
1.581094961322341632e+18
1.581094961524140544e+18
1.581094961818539520e+18
1.581094962010375680e+18
1.581094962344618240e+18
1.581094962526224384e+18
1.581094962828844032e+18
1.581094963030436352e+18
1.581094963364210176e+18
1.581094963555916288e+18
1.581094963839821312e+18
1.581094964031570176e+18
1.581094964376173824e+18
1.581094964577955840e+18
1.581094964873472512e+18
1.581094965055011584e+18
1.581094965358123264e+18
1.581094965559961344e+18
1.581094965862757632e+18
1.581094966064429056e+18
1.581094966358024448e+18
1.581094966590456320e+18
1.581094966893084672e+18
1.581094967074669312e+18
1.581094967378422784e+18
1.581094967571642880e+18
1.581094967878383616e+18
1.581094968110416384e+18
1.581094968394192896e+18
1.581094968577234944e+18
1.581094968891217920e+18
1.581094969093085952e+18
1.581094969395982592e+18
1.581094969592498176e+18
1.581094969895313408e+18
1.581094970127452416e+18
1.581094970409999616e+18
1.581094970624285184e+18
1.581094970916850688e+18
1.581094971109207808e+18
1.581094971422557696e+18
1.581094971624391936e+18
1.581094971916836608e+18
1.581094972129964800e+18
1.581094972423292672e+18
1.581094972625387008e+18
1.581094972939524352e+18
1.581094973131060992e+18
1.581094973414755840e+18
1.581094973617591040e+18
1.581094973940374528e+18
1.581094974152226048e+18
1.581094974435087104e+18
1.581094974647382016e+18
1.581094974981555968e+18
1.581094975142957568e+18
1.581094975446493696e+18
1.581094975648953856e+18
1.581094975943842816e+18
1.581094976145498624e+18
1.581094976448439040e+18
1.581094976640124672e+18
1.581094976945082624e+18
1.581094977147451136e+18
1.581094977450313728e+18
1.581094977674483456e+18
1.581094977977519104e+18
1.581094978169420544e+18
1.581094978492486912e+18
1.581094978674421504e+18
1.581094978958186496e+18
1.581094979160132864e+18
1.581094979462911744e+18
1.581094979664949760e+18
1.581094980010475776e+18
1.581094980202406400e+18
1.581094980515869696e+18
1.581094980707638016e+18
1.581094980990252288e+18
1.581094981191968512e+18
1.581094981494273024e+18
1.581094981698312448e+18
1.581094982010996224e+18
1.581094982214478336e+18
1.581094982496705280e+18
1.581094982811314944e+18
1.581094983002823168e+18
1.581094983336040704e+18
1.581094983507526656e+18
1.581094983830420992e+18
1.581094984032166144e+18
1.581094984335184640e+18
1.581094984568302848e+18
1.581094984841847808e+18
1.581094985033511168e+18
1.581094985346924032e+18
1.581094985538625536e+18
1.581094985833291520e+18
1.581094986045588736e+18
1.581094986340155648e+18
1.581094986531587328e+18
1.581094986834013440e+18
1.581094987036860672e+18
1.581094987370739712e+18
1.581094987542275840e+18
1.581094987846334208e+18
1.581094988048469504e+18
1.581094988381218816e+18
1.581094988584081920e+18
1.581094988856323840e+18
1.581094989058024960e+18
1.581094989370823680e+18
1.581094989562842112e+18
1.581094989896173568e+18
1.581094990097985792e+18
1.581094990390560512e+18
1.581094990572801536e+18
1.581094990888169728e+18
1.581094991069678080e+18
1.581094991434186496e+18
1.581094991686221312e+18
1.581094991887862528e+18
1.581094992200978176e+18
1.581094992392501248e+18
1.581094992696145664e+18
1.581094992899137280e+18
1.581094993212764160e+18
1.581094993415241728e+18
1.581094993708453376e+18
1.581094993961101824e+18
1.581094994225235712e+18
1.581094994437784320e+18
1.581094994750966016e+18
1.581094994924215552e+18
1.581094995237654784e+18
1.581094995439874560e+18
1.581094995722361088e+18
1.581094995934427904e+18
1.581094996227153408e+18
1.581094996428923392e+18
1.581094996751980288e+18
1.581094996933384192e+18
1.581094997258121472e+18
1.581094997481425408e+18
1.581094997744302336e+18
1.581094997947686656e+18
1.581094998242161408e+18
1.581094998443695360e+18
1.581094998756117760e+18
1.581094998949047040e+18
1.581094999263008768e+18
1.581094999465436928e+18
1.581094999761607680e+18
1.581095000095927296e+18
1.581095000350253568e+18
1.581095000553301504e+18
1.581095000899457024e+18
1.581095001091106560e+18
1.581095001364822528e+18
1.581095001576387584e+18
1.581095001880686080e+18
1.581095002073048064e+18
1.581095002376304640e+18
1.581095002578163712e+18
1.581095002891140864e+18
1.581095003082827264e+18
1.581095003405633280e+18
1.581095003597481984e+18
1.581095003880208896e+18
1.581095004092112640e+18
1.581095004395434240e+18
1.581095004618310400e+18
1.581095004890772992e+18
1.581095005092610048e+18
1.581095005405276416e+18
1.581095005597035008e+18
1.581095005899478528e+18
1.581095006111189504e+18
1.581095006403680768e+18
1.581095006605489920e+18
1.581095006908372992e+18
1.581095007120372992e+18
1.581095007433809920e+18
1.581095007647156480e+18
1.581095007929643008e+18
1.581095008131922432e+18
1.581095008436040960e+18
1.581095008637568256e+18
1.581095008940579072e+18
1.581095009132786688e+18
1.581095009445721856e+18
1.581095009638628096e+18
1.581095009951718400e+18
1.581095010143267584e+18
1.581095010487661568e+18
1.581095010659200512e+18
1.581095010953611008e+18
1.581095011165435392e+18
1.581095011457872128e+18
1.581095011659934976e+18
1.581095011972847360e+18
1.581095012165696000e+18
1.581095012468831744e+18
1.581095012671388928e+18
1.581095012964922880e+18
1.581095013196768256e+18
1.581095013479502848e+18
1.581095013671630336e+18
1.581095014015425536e+18
1.581095014177211136e+18
1.581095014501088000e+18
1.581095014733234176e+18
1.581095014985411072e+18
1.581095015197768704e+18
1.581095015490559488e+18
1.581095015692569600e+18
1.581095015995352064e+18
1.581095016197141504e+18
1.581095016499546624e+18
1.581095016701696512e+18
1.581095017024356864e+18
1.581095017246156544e+18
1.581095017508462336e+18
1.581095017710347520e+18
1.581095018043214592e+18
1.581095018214606080e+18
1.581095018517351168e+18
1.581095018719643136e+18
1.581095019032370688e+18
1.581095019233942528e+18
1.581095019526999808e+18
1.581095019729800704e+18
