1.581003358008663040e+18
1.581003358210524928e+18
1.581003358513331712e+18
1.581003358715330816e+18
1.581003359043667712e+18
1.581003359317063424e+18
1.581003359549133568e+18
1.581003359831802112e+18
1.581003360144803328e+18
1.581003360346565888e+18
1.581003360630269696e+18
1.581003360835658752e+18
1.581003361128635648e+18
1.581003361332456704e+18
1.581003361666656256e+18
1.581003361848409600e+18
1.581003362152296448e+18
1.581003362355321600e+18
1.581003362637886464e+18
1.581003362830675456e+18
1.581003363163500544e+18
1.581003363347418624e+18
1.581003363660336384e+18
1.581003363854208256e+18
1.581003364157139456e+18
1.581003364452428544e+18
1.581003364656234752e+18
1.581003364948890368e+18
1.581003365160647936e+18
1.581003365496365056e+18
1.581003365688252416e+18
1.581003365993863936e+18
1.581003366165488128e+18
1.581003366468530176e+18
1.581003366802368000e+18
1.581003366996259840e+18
1.581003367279263232e+18
1.581003367480589568e+18
1.581003367814415360e+18
1.581003367998460928e+18
1.581003368291959296e+18
1.581003368514177792e+18
1.581003368787202816e+18
1.581003368999426816e+18
1.581003369313227776e+18
1.581003369487968256e+18
1.581003369801462016e+18
1.581003370023838976e+18
1.581003370297154304e+18
1.581003370499040768e+18
1.581003370812569088e+18
1.581003371005449984e+18
1.581003371328378112e+18
1.581003371641109504e+18
1.581003371842960896e+18
1.581003372137453056e+18
1.581003372309838336e+18
1.581003372642783744e+18
1.581003372824809216e+18
1.581003373157824256e+18
1.581003373350819840e+18
1.581003373633528832e+18
1.581003373835228416e+18
1.581003374147962624e+18
1.581003374359627264e+18
1.581003374662351360e+18
1.581003374884709376e+18
1.581003375156919296e+18
1.581003375359233024e+18
1.581003375652912896e+18
1.581003375866106880e+18
1.581003376168543488e+18
1.581003376360373248e+18
1.581003376652947456e+18
1.581003376955863296e+18
1.581003377177796096e+18
1.581003377470412544e+18
1.581003377683586304e+18
1.581003377967685888e+18
1.581003378280256512e+18
1.581003378502377728e+18
1.581003378784915968e+18
1.581003379008345856e+18
1.581003379292386048e+18
1.581003379504393984e+18
1.581003379786850816e+18
1.581003379999987712e+18
1.581003380302458880e+18
1.581003380524401152e+18
1.581003380796552448e+18
1.581003380998729984e+18
1.581003381301577472e+18
1.581003381505587200e+18
1.581003381798237184e+18
1.581003382113198336e+18
1.581003382325382144e+18
1.581003382648530432e+18
1.581003382851449088e+18
1.581003383124624640e+18
1.581003383317481216e+18
1.581003383630363648e+18
1.581003383832311296e+18
1.581003384135388928e+18
1.581003384337239808e+18
1.581003384619616256e+18
1.581003384831529216e+18
1.581003385174622720e+18
1.581003385338510336e+18
1.581003385661303296e+18
1.581003385852956416e+18
1.581003386146175488e+18
1.581003386359105280e+18
1.581003386642182144e+18
1.581003386844616960e+18
1.581003387147823360e+18
1.581003387370188032e+18
1.581003387683158784e+18
1.581003387884921088e+18
1.581003388157581824e+18
1.581003388369744640e+18
1.581003388682843904e+18
1.581003389015763712e+18
1.581003389217474816e+18
1.581003389479881984e+18
1.581003389671653888e+18
1.581003390014844928e+18
1.581003390186412032e+18
1.581003390479248384e+18
1.581003390681520640e+18
1.581003390994032128e+18
1.581003391186861056e+18
1.581003391469127168e+18
1.581003391682847744e+18
1.581003391985449216e+18
1.581003392218011392e+18
1.581003392511073280e+18
1.581003392703137024e+18
1.581003393037366272e+18
1.581003393219073792e+18
1.581003393511398656e+18
1.581003393702995456e+18
1.581003394017096704e+18
1.581003394228785152e+18
1.581003394522074368e+18
1.581003394714616064e+18
1.581003395017343232e+18
1.581003395200493568e+18
1.581003395535151616e+18
1.581003395737051648e+18
1.581003396009647872e+18
1.581003396222250752e+18
1.581003396557905408e+18
1.581003396729528320e+18
1.581003397032148480e+18
1.581003397244369408e+18
1.581003397537068800e+18
1.581003397759081216e+18
1.581003398022736128e+18
1.581003398254831104e+18
1.581003398547137280e+18
1.581003398759034624e+18
1.581003399071511296e+18
1.581003399274763264e+18
1.581003399560741376e+18
1.581003399773164288e+18
1.581003400095812608e+18
1.581003400288899328e+18
1.581003400591823872e+18
1.581003400763399936e+18
1.581003401066141184e+18
1.581003401369216256e+18
1.581003401601929472e+18
1.581003401904977920e+18
1.581003402086548224e+18
1.581003402398995456e+18
1.581003402621721088e+18
1.581003402924618496e+18
1.581003403126430208e+18
1.581003403421650176e+18
1.581003403604005376e+18
1.581003403887315200e+18
1.581003404121961216e+18
1.581003404394261760e+18
1.581003404626334720e+18
1.581003404909673216e+18
1.581003405101612544e+18
1.581003405414508544e+18
1.581003405606166784e+18
1.581003405908947456e+18
1.581003406111638528e+18
1.581003406444800000e+18
1.581003406616231936e+18
1.581003406960688128e+18
1.581003407143194112e+18
1.581003407415528448e+18
1.581003407618501376e+18
1.581003407952400640e+18
1.581003408134303232e+18
1.581003408457943040e+18
1.581003408669742336e+18
1.581003408953521920e+18
1.581003409155186432e+18
1.581003409438127104e+18
1.581003409639969536e+18
1.581003409943082496e+18
1.581003410145235456e+18
1.581003410447946496e+18
1.581003410654776576e+18
1.581003410947926272e+18
1.581003411160439808e+18
1.581003411483441920e+18
1.581003411695511808e+18
1.581003411998279680e+18
1.581003412179741696e+18
1.581003412483702528e+18
1.581003412665464064e+18
1.581003412957868544e+18
1.581003413291058176e+18
1.581003413472629760e+18
1.581003413796307712e+18
1.581003413977979904e+18
1.581003414310622208e+18
1.581003414502345472e+18
1.581003414778019840e+18
1.581003414979940864e+18
1.581003415302889472e+18
1.581003415515322368e+18
1.581003415799862528e+18
1.581003416001631488e+18
1.581003416315124224e+18
1.581003416497505792e+18
1.581003416841061120e+18
1.581003417022368000e+18
1.581003417316209920e+18
1.581003417507708160e+18
1.581003417822059264e+18
1.581003418043963904e+18
1.581003418338189056e+18
1.581003418519991296e+18
1.581003418863197696e+18
1.581003419045160960e+18
1.581003419357972480e+18
1.581003419539418368e+18
1.581003419834646016e+18
1.581003420026036224e+18
1.581003420340892160e+18
1.581003420573272832e+18
1.581003420846657792e+18
1.581003421039063808e+18
1.581003421362468352e+18
1.581003421554153216e+18
1.581003421857090048e+18
1.581003422048935936e+18
1.581003422362332416e+18
1.581003422543900672e+18
1.581003422866985216e+18
1.581003423089096704e+18
1.581003423361373952e+18
1.581003423552976640e+18
1.581003423866921216e+18
1.581003424092320256e+18
1.581003424364555776e+18
1.581003424576744192e+18
1.581003424879475968e+18
1.581003425081386240e+18
1.581003425375313920e+18
1.581003425578130176e+18
1.581003425881410560e+18
1.581003426084410624e+18
1.581003426398370560e+18
1.581003426610287360e+18
1.581003426883240448e+18
1.581003427105295360e+18
1.581003427398939904e+18
1.581003427632781824e+18
1.581003427935522048e+18
1.581003428106839808e+18
1.581003428420652032e+18
1.581003428624481792e+18
1.581003428906897920e+18
1.581003429118707712e+18
1.581003429422888704e+18
1.581003429644976384e+18
1.581003429919553536e+18
1.581003430121116416e+18
1.581003430414583552e+18
1.581003430727384576e+18
1.581003430918868736e+18
1.581003431232446976e+18
1.581003431434317568e+18
1.581003431726799872e+18
1.581003431940152064e+18
1.581003432273005312e+18
1.581003432444466944e+18
1.581003432747101440e+18
1.581003432948838400e+18
1.581003433272851200e+18
1.581003433454128640e+18
1.581003433757523968e+18
1.581003433960260864e+18
1.581003434254932480e+18
1.581003434466557440e+18
1.581003434761116672e+18
1.581003434993689344e+18
1.581003435255937024e+18
1.581003435487942656e+18
1.581003435761236992e+18
1.581003435973267456e+18
1.581003436275936256e+18
1.581003436499700224e+18
1.581003436783036160e+18
1.581003436984829952e+18
1.581003437307796736e+18
1.581003437509740800e+18
1.581003437802514688e+18
1.581003438004292608e+18
1.581003438307245568e+18
1.581003438509889280e+18
1.581003438812431360e+18
1.581003439014105344e+18
1.581003439337688064e+18
1.581003439540356352e+18
1.581003439823116288e+18
1.581003440004754688e+18
1.581003440307645952e+18
1.581003440611838720e+18
1.581003440813934848e+18
1.581003441157388288e+18
1.581003441328845312e+18
1.581003441621422848e+18
1.581003441823446016e+18
1.581003442157014272e+18
1.581003442339865344e+18
1.581003442654544896e+18
1.581003442836047872e+18
1.581003443168816640e+18
1.581003443330544128e+18
1.581003443653287680e+18
1.581003443825066496e+18
1.581003444160449792e+18
1.581003444352128000e+18
1.581003444644734976e+18
1.581003444951849216e+18
1.581003445153519616e+18
1.581003445466544896e+18
1.581003445658193152e+18
1.581003445961154560e+18
1.581003446162750720e+18
1.581003446466130944e+18
1.581003446699837184e+18
1.581003446982139904e+18
1.581003447164163072e+18
1.581003447466584064e+18
1.581003447680014080e+18
1.581003447972642048e+18
1.581003448164188160e+18
1.581003448478048768e+18
1.581003448669997312e+18
1.581003448993334784e+18
1.581003449194955008e+18
1.581003449497603584e+18
1.581003449732284416e+18
1.581003449994689280e+18
1.581003450206690304e+18
1.581003450539926528e+18
1.581003450691535616e+18
1.581003450984948480e+18
1.581003451197291264e+18
1.581003451502138624e+18
1.581003451693754624e+18
1.581003452006482176e+18
1.581003452238740736e+18
1.581003452523017728e+18
1.581003452715084544e+18
1.581003453029897216e+18
1.581003453221536000e+18
1.581003453534307328e+18
1.581003453766119424e+18
1.581003454051266304e+18
1.581003454233073152e+18
1.581003454526068736e+18
1.581003454728035840e+18
1.581003455033074176e+18
1.581003455225198592e+18
1.581003455539412480e+18
1.581003455741416448e+18
1.581003456074416896e+18
1.581003456245954048e+18
1.581003456548526848e+18
1.581003456760508160e+18
1.581003457083347968e+18
1.581003457355717120e+18
1.581003457549533440e+18
1.581003457882481408e+18
1.581003458185293824e+18
1.581003458367069184e+18
1.581003458670353920e+18
1.581003458892343808e+18
1.581003459156450816e+18
1.581003459368430080e+18
1.581003459681314048e+18
1.581003459878429696e+18
1.581003460182129920e+18
1.581003460394354432e+18
1.581003460686963456e+18
1.581003460879064320e+18
1.581003461212206336e+18
1.581003461383814656e+18
1.581003461718805760e+18
1.581003461910540032e+18
1.581003462193449728e+18
1.581003462426216960e+18
1.581003462713209088e+18
1.581003462926302464e+18
1.581003463221725696e+18
1.581003463463949056e+18
1.581003463718697472e+18
1.581003463920793600e+18
1.581003464223446016e+18
1.581003464415552512e+18
1.581003464739951104e+18
1.581003464961856512e+18
1.581003465234383104e+18
1.581003465440570368e+18
1.581003465743264512e+18
1.581003465975463424e+18
1.581003466267422208e+18
1.581003466468739584e+18
1.581003466772378880e+18
1.581003466974940928e+18
1.581003467267562496e+18
1.581003467479700224e+18
1.581003467782814720e+18
1.581003467974751744e+18
1.581003468298291200e+18
1.581003468480543488e+18
1.581003468794055424e+18
1.581003468986285312e+18
1.581003469291043328e+18
1.581003469603810816e+18
1.581003469795650816e+18
1.581003470088239360e+18
1.581003470300925440e+18
1.581003470583059712e+18
1.581003470796871680e+18
1.581003471110147072e+18
1.581003471301819136e+18
1.581003471604807424e+18
1.581003471837026560e+18
1.581003472109864960e+18
1.581003472302355968e+18
1.581003472605476608e+18
1.581003472806813952e+18
1.581003473111113984e+18
1.581003473313537024e+18
1.581003473616177152e+18
1.581003473832764672e+18
1.581003474135498752e+18
1.581003474327207424e+18
1.581003474620107520e+18
1.581003474822981888e+18
1.581003475135624960e+18
1.581003475337266688e+18
1.581003475650030592e+18
1.581003475851776768e+18
1.581003476168118272e+18
1.581003476360680704e+18
1.581003476673189120e+18
1.581003476864659968e+18
1.581003477157003520e+18
1.581003477378862848e+18
1.581003477661304832e+18
1.581003477893812992e+18
1.581003478166354944e+18
1.581003478369600000e+18
1.581003478651857920e+18
1.581003478873783808e+18
1.581003479187346176e+18
1.581003479389383936e+18
1.581003479673545216e+18
1.581003479875843328e+18
1.581003480158643968e+18
1.581003480370597888e+18
1.581003480673228544e+18
1.581003480875075840e+18
1.581003481208552448e+18
1.581003481379911168e+18
1.581003481724640768e+18
1.581003481885965056e+18
1.581003482190420224e+18
1.581003482392128000e+18
1.581003482735214336e+18
1.581003482896604672e+18
1.581003483199127808e+18
1.581003483401530624e+18
1.581003483703926784e+18
1.581003483905537536e+18
1.581003484207960832e+18
1.581003484420052480e+18
1.581003484703250432e+18
1.581003484925212160e+18
1.581003485220041472e+18
1.581003485442056448e+18
1.581003485726388992e+18
1.581003485939825920e+18
1.581003486232688896e+18
1.581003486434508032e+18
1.581003486726834176e+18
1.581003486929244672e+18
1.581003487232150016e+18
1.581003487454315776e+18
1.581003487727174912e+18
1.581003487959228160e+18
1.581003488233487104e+18
1.581003488435820032e+18
1.581003488749043968e+18
1.581003488963026432e+18
1.581003489245226240e+18
1.581003489467052544e+18
1.581003489760267264e+18
1.581003489952200448e+18
1.581003490289424384e+18
1.581003490470920192e+18
1.581003490763658752e+18
1.581003490975606272e+18
1.581003491268060160e+18
1.581003491470040576e+18
1.581003491802984448e+18
1.581003491974328320e+18
1.581003492276907264e+18
1.581003492478991360e+18
1.581003492812979456e+18
1.581003493004386304e+18
1.581003493288146176e+18
1.581003493520740864e+18
1.581003493803344128e+18
1.581003494015611136e+18
1.581003494318323200e+18
1.581003494512279808e+18
1.581003494814592768e+18
1.581003495028040448e+18
1.581003495310248960e+18
1.581003495542141440e+18
1.581003495804528896e+18
1.581003496016331264e+18
1.581003496310377984e+18
1.581003496522012928e+18
1.581003496825447168e+18
1.581003497047377152e+18
1.581003497339991040e+18
1.581003497542863616e+18
1.581003497835732992e+18
1.581003498027689216e+18
1.581003498331493888e+18
1.581003498543733504e+18
1.581003498846914816e+18
1.581003499049697536e+18
1.581003499342446080e+18
1.581003499554398720e+18
1.581003499847137024e+18
1.581003500079102720e+18
1.581003500364188928e+18
1.581003500586419968e+18
1.581003500870301184e+18
1.581003501092133888e+18
1.581003501375213056e+18
1.581003501577583616e+18
1.581003501869913856e+18
1.581003502081554688e+18
1.581003502404059904e+18
1.581003502605939968e+18
1.581003502888316416e+18
1.581003503110608640e+18
1.581003503403781888e+18
1.581003503595846912e+18
1.581003503890300160e+18
1.581003504102381568e+18
1.581003504384761600e+18
1.581003504586544384e+18
1.581003504879629568e+18
1.581003505084333824e+18
1.581003505387628544e+18
1.581003505621268224e+18
1.581003505903703296e+18
1.581003506115532032e+18
1.581003506399889152e+18
1.581003506601562880e+18
1.581003506914185728e+18
1.581003507115925248e+18
1.581003507418716416e+18
1.581003507620457728e+18
1.581003507914017024e+18
1.581003508155997952e+18
1.581003508418752000e+18
1.581003508631521024e+18
1.581003508926475264e+18
1.581003509128235520e+18
1.581003509441358848e+18
1.581003509632962816e+18
1.581003509925324032e+18
1.581003510127689472e+18
1.581003510441746176e+18
1.581003510644081408e+18
1.581003510946666240e+18
1.581003511169577216e+18
1.581003511463012608e+18
1.581003511654716928e+18
1.581003511948449280e+18
1.581003512170413056e+18
1.581003512452842496e+18
1.581003512654530304e+18
1.581003512959623680e+18
1.581003513161414912e+18
1.581003513463895808e+18
1.581003513666889216e+18
1.581003513959147776e+18
1.581003514160993024e+18
1.581003514465630464e+18
1.581003514667509504e+18
1.581003514962879744e+18
1.581003515174405632e+18
1.581003515477257728e+18
1.581003515679294464e+18
1.581003515972184064e+18
1.581003516173903616e+18
1.581003516466563328e+18
1.581003516689213696e+18
1.581003516981496832e+18
1.581003517193620992e+18
1.581003517476838912e+18
1.581003517698812672e+18
1.581003518016433408e+18
1.581003518218363904e+18
1.581003518533119232e+18
1.581003518734800384e+18
1.581003519037727744e+18
1.581003519240246272e+18
1.581003519533853440e+18
1.581003519725475840e+18
1.581003520038501632e+18
1.581003520241341952e+18
1.581003520523715584e+18
1.581003520745569280e+18
1.581003521038910720e+18
1.581003521261010176e+18
1.581003521546063104e+18
1.581003521738635520e+18
1.581003522051556608e+18
1.581003522253420288e+18
1.581003522556347904e+18
1.581003522768568320e+18
1.581003523061197056e+18
1.581003523283492096e+18
1.581003523556370176e+18
1.581003523759736320e+18
1.581003524062379776e+18
1.581003524254794752e+18
1.581003524557835008e+18
1.581003524749716480e+18
1.581003525062501376e+18
1.581003525264188160e+18
1.581003525566945024e+18
1.581003525778905088e+18
1.581003526103663360e+18
1.581003526295378688e+18
1.581003526578076928e+18
1.581003526790438400e+18
1.581003527093269248e+18
1.581003527305159936e+18
1.581003527587547648e+18
1.581003527809525760e+18
1.581003528092190208e+18
1.581003528303866112e+18
1.581003528596436480e+18
1.581003528810309376e+18
1.581003529092818432e+18
1.581003529314793984e+18
1.581003529607622912e+18
1.581003529789995776e+18
1.581003530115598848e+18
1.581003530307339264e+18
1.581003530630061568e+18
1.581003530821242112e+18
1.581003531125506816e+18
1.581003531367669504e+18
1.581003531630369792e+18
1.581003531831927040e+18
1.581003532125410560e+18
1.581003532337133568e+18
1.581003532650397184e+18
1.581003532831809792e+18
1.581003533138990336e+18
1.581003533350779136e+18
1.581003533634929664e+18
1.581003533866828288e+18
1.581003534151711488e+18
1.581003534343522304e+18
1.581003534636175360e+18
1.581003534868256768e+18
1.581003535150708736e+18
1.581003535372503296e+18
1.581003535654839040e+18
1.581003535867048960e+18
1.581003536169756672e+18
1.581003536351122688e+18
1.581003536654401536e+18
1.581003536866215936e+18
1.581003537159102976e+18
1.581003537391031552e+18
1.581003537683617280e+18
1.581003537895234304e+18
1.581003538188282880e+18
1.581003538389822720e+18
1.581003538704665856e+18
1.581003538896218624e+18
1.581003539189648640e+18
1.581003539435765248e+18
1.581003539709368576e+18
1.581003539910963456e+18
1.581003540193870080e+18
1.581003540395518464e+18
1.581003540687950080e+18
1.581003540899869696e+18
1.581003541212518144e+18
1.581003541415364352e+18
1.581003541708857088e+18
1.581003541930709248e+18
1.581003542233695232e+18
1.581003542445218560e+18
1.581003542739086080e+18
1.581003542930688000e+18
1.581003543233318912e+18
1.581003543436519936e+18
1.581003543729270272e+18
1.581003543941744896e+18
1.581003544224119808e+18
1.581003544425948928e+18
1.581003544738986752e+18
1.581003544943188992e+18
1.581003545256052480e+18
1.581003545639027968e+18
1.581003545952108800e+18
1.581003546143578112e+18
1.581003546447942144e+18
1.581003546650068992e+18
1.581003546953033728e+18
1.581003547166327040e+18
1.581003547479128064e+18
1.581003547691321600e+18
1.581003548026242304e+18
1.581003548228090112e+18
1.581003548513714944e+18
1.581003548695268096e+18
1.581003548998015488e+18
1.581003549190117120e+18
1.581003549515440128e+18
1.581003549707764736e+18
1.581003549992342784e+18
1.581003550195044352e+18
1.581003550502711040e+18
1.581003550694294272e+18
1.581003550996965888e+18
1.581003551209275392e+18
1.581003551503160576e+18
1.581003551725239552e+18
1.581003552019563776e+18
1.581003552190997504e+18
1.581003552493736960e+18
1.581003552716285440e+18
1.581003553030194944e+18
1.581003553242397440e+18
1.581003553547078144e+18
1.581003553730387456e+18
1.581003554054998784e+18
1.581003554246715392e+18
1.581003554539947520e+18
1.581003554731800064e+18
1.581003555024041728e+18
1.581003555245686784e+18
1.581003555548356864e+18
1.581003555740028928e+18
1.581003556042885376e+18
1.581003556264765440e+18
1.581003556568405248e+18
1.581003556761313536e+18
1.581003557084897792e+18
1.581003557266344192e+18
1.581003557600382976e+18
1.581003557782356224e+18
1.581003558064926208e+18
1.581003558256672512e+18
1.581003558572024576e+18
1.581003558763763712e+18
1.581003559086491392e+18
1.581003559267896576e+18
1.581003559580755968e+18
1.581003559783250688e+18
1.581003560080543744e+18
1.581003560262309120e+18
1.581003560615367168e+18
1.581003560818428672e+18
1.581003561141483264e+18
1.581003561333279488e+18
1.581003561658889472e+18
1.581003561850728448e+18
1.581003562153435648e+18
1.581003562355088384e+18
1.581003562658443520e+18
1.581003562840250368e+18
1.581003563154080768e+18
1.581003563325549056e+18
1.581003563671750912e+18
1.581003563883373568e+18
1.581003564166399232e+18
1.581003564348126464e+18
1.581003564652491264e+18
1.581003564834181120e+18
1.581003565128377856e+18
1.581003565330513664e+18
1.581003565643106048e+18
1.581003565836651008e+18
1.581003566119086592e+18
1.581003566331004160e+18
1.581003566653930496e+18
1.581003566845687040e+18
1.581003567158775552e+18
1.581003567360992256e+18
1.581003567683723776e+18
1.581003567865323520e+18
1.581003568148393472e+18
1.581003568339880704e+18
1.581003568663130112e+18
1.581003568855030272e+18
1.581003569190716416e+18
1.581003569382473728e+18
1.581003569675779840e+18
1.581003569857453312e+18
1.581003570160222464e+18
1.581003570382086144e+18
1.581003570684886016e+18
1.581003570866633472e+18
1.581003571179369984e+18
1.581003571360580608e+18
1.581003571683526656e+18
1.581003571899335168e+18
1.581003572191847424e+18
1.581003572385192192e+18
1.581003572704249344e+18
1.581003572885887488e+18
1.581003573209597952e+18
1.581003573391216640e+18
1.581003573740054784e+18
1.581003573921784064e+18
1.581003574224828928e+18
1.581003574436905728e+18
1.581003574729492480e+18
1.581003574881792512e+18
1.581003575214831872e+18
1.581003575426772480e+18
1.581003575750841344e+18
1.581003575933560832e+18
1.581003576247390976e+18
1.581003576439395072e+18
1.581003576743241984e+18
1.581003576937572096e+18
1.581003577261811456e+18
1.581003577453702144e+18
1.581003577756833024e+18
1.581003577949990144e+18
1.581003578232541440e+18
1.581003578434317056e+18
1.581003578737003520e+18
1.581003578948969216e+18
1.581003579271660800e+18
1.581003579443385344e+18
1.581003579799523584e+18
1.581003580001989120e+18
1.581003580294458368e+18
1.581003580486111488e+18
1.581003580780474368e+18
1.581003580972023040e+18
1.581003581294690048e+18
1.581003581486167808e+18
1.581003581788917760e+18
1.581003582010885632e+18
1.581003582354071040e+18
1.581003582607878912e+18
1.581003582983816960e+18
1.581003583246013696e+18
1.581003583722843392e+18
1.581003583996566016e+18
1.581003584451946240e+18
1.581003584734831104e+18
1.581003585182955008e+18
1.581003585455729664e+18
1.581003585884006912e+18
1.581003586158954752e+18
1.581003586604258304e+18
1.581003586876923136e+18
1.581003587321879040e+18
1.581003587574159616e+18
1.581003588002555648e+18
1.581003588255880448e+18
1.581003588660484096e+18
1.581003588895347968e+18
1.581003589290283776e+18
1.581003589532430592e+18
1.581003589865196544e+18
1.581003590077871616e+18
1.581003590401170176e+18
1.581003590613046272e+18
1.581003590935558144e+18
1.581003591200560896e+18
1.581003591584102144e+18
1.581003591816249344e+18
1.581003592230313472e+18
1.581003592513115904e+18
1.581003592967963136e+18
1.581003593260767744e+18
1.581003593674377984e+18
1.581003593946799872e+18
1.581003594350402048e+18
1.581003594632932608e+18
1.581003595067103488e+18
1.581003595330347776e+18
1.581003595753838080e+18
1.581003596047556864e+18
1.581003596484726528e+18
1.581003596767993088e+18
1.581003597171367424e+18
1.581003597443848704e+18
1.581003597901074688e+18
1.581003598173431808e+18
1.581003598630188544e+18
1.581003598902754816e+18
1.581003599318967296e+18
1.581003599593209856e+18
1.581003600028069120e+18
1.581003600261024512e+18
1.581003600654218240e+18
1.581003600906429696e+18
1.581003601340631552e+18
1.581003601584550656e+18
1.581003601978387200e+18
1.581003602252743936e+18
1.581003602636407808e+18
1.581003602858578944e+18
1.581003603305078016e+18
1.581003603557364224e+18
1.581003604002990592e+18
1.581003604275529728e+18
1.581003604701867520e+18
1.581003604967070720e+18
1.581003605360982016e+18
1.581003605629026048e+18
1.581003606053286400e+18
1.581003606305480704e+18
1.581003606679557632e+18
1.581003606921797888e+18
1.581003607308065792e+18
1.581003607540358912e+18
1.581003607893702144e+18
1.581003608135953408e+18
1.581003608540046080e+18
1.581003608802477056e+18
1.581003609206301696e+18
1.581003609493694464e+18
1.581003609918904832e+18
1.581003610122901504e+18
1.581003610518332416e+18
1.581003610770677760e+18
1.581003611236682496e+18
1.581003611530319872e+18
1.581003612005844736e+18
1.581003612329345280e+18
1.581003612834684416e+18
1.581003613138360064e+18
1.581003613642742784e+18
1.581003613935616512e+18
1.581003614441590784e+18
1.581003614724184576e+18
1.581003615208662528e+18
1.581003615483083520e+18
1.581003615937731328e+18
1.581003616230213120e+18
1.581003616686116608e+18
1.581003616970353664e+18
1.581003617414105344e+18
1.581003617731291392e+18
1.581003618206573312e+18
1.581003618469388800e+18
1.581003618944280064e+18
1.581003619272573440e+18
1.581003619748989696e+18
1.581003620054941184e+18
1.581003620581282304e+18
1.581003620884720896e+18
1.581003621363080192e+18
1.581003621666880768e+18
1.581003622101540864e+18
1.581003622375235584e+18
1.581003622821971712e+18
1.581003623083912192e+18
1.581003623508892672e+18
1.581003623782639104e+18
1.581003624236969984e+18
1.581003624509119744e+18
1.581003624968142848e+18
1.581003625260873984e+18
1.581003625726900992e+18
1.581003626029886464e+18
1.581003626575393536e+18
1.581003626859202304e+18
1.581003627294587904e+18
1.581003627556811264e+18
1.581003627982373120e+18
1.581003628245009152e+18
1.581003628714459648e+18
1.581003628976818688e+18
1.581003629451755264e+18
1.581003629735640064e+18
1.581003630131090944e+18
1.581003630436157184e+18
1.581003630889067264e+18
1.581003631171840000e+18
1.581003631592079872e+18
1.581003631854421504e+18
1.581003632237362176e+18
1.581003632480944128e+18
1.581003632874567936e+18
1.581003633127031808e+18
1.581003633522017536e+18
1.581003633765257472e+18
1.581003634169901056e+18
1.581003634433201664e+18
1.581003634858120704e+18
1.581003635140804608e+18
1.581003635587754240e+18
1.581003635871628800e+18
1.581003636340655360e+18
1.581003636653436672e+18
1.581003637111500544e+18
1.581003637387824384e+18
1.581003637873203712e+18
1.581003638176650240e+18
1.581003638643645696e+18
1.581003638952069120e+18
1.581003639386304512e+18
1.581003639638377472e+18
1.581003640092621056e+18
1.581003640381339648e+18
1.581003640876601856e+18
1.581003641189521408e+18
1.581003641674228480e+18
1.581003641956280320e+18
1.581003642437357568e+18
1.581003642730026496e+18
1.581003643115848448e+18
1.581003643378187520e+18
1.581003643863187200e+18
1.581003644145926912e+18
1.581003644587486464e+18
1.581003644849701376e+18
1.581003645294457088e+18
1.581003645577254400e+18
1.581003646032570112e+18
1.581003646315165952e+18
1.581003646760199424e+18
1.581003647045136640e+18
1.581003647480130560e+18
1.581003647773278208e+18
1.581003648233094400e+18
1.581003648526841856e+18
1.581003648943341824e+18
1.581003649200437504e+18
1.581003649644900608e+18
1.581003649908300288e+18
1.581003650316084480e+18
1.581003650569594880e+18
1.581003650986068224e+18
1.581003651207731968e+18
1.581003651632392960e+18
1.581003651936086272e+18
1.581003652393188352e+18
1.581003652675996672e+18
1.581003653103416832e+18
1.581003653346042880e+18
1.581003653743368960e+18
1.581003654015747840e+18
1.581003654479849728e+18
1.581003654822827520e+18
1.581003655342618112e+18
1.581003655655745280e+18
1.581003656062919936e+18
1.581003656335378176e+18
1.581003656739622400e+18
1.581003656991987456e+18
1.581003657396302848e+18
1.581003657678817280e+18
1.581003658125722112e+18
1.581003658398118400e+18
1.581003658801896704e+18
1.581003659084703488e+18
1.581003659477841920e+18
1.581003659751322624e+18
1.581003660178646272e+18
1.581003660421228544e+18
1.581003660845112064e+18
1.581003661117931776e+18
1.581003661511560448e+18
1.581003661774174208e+18
1.581003662157554944e+18
1.581003662409820416e+18
1.581003662803453184e+18
1.581003663077905408e+18
1.581003663473578496e+18
1.581003663736124928e+18
1.581003664199974400e+18
1.581003664462137856e+18
1.581003664869299200e+18
1.581003665162030080e+18
1.581003665613177856e+18
1.581003665895949568e+18
1.581003666380502784e+18
1.581003666693718016e+18
1.581003667138254080e+18
1.581003667432578560e+18
1.581003667877178624e+18
1.581003668149467648e+18
1.581003668586559488e+18
1.581003668869522944e+18
1.581003669306939648e+18
1.581003669620897536e+18
1.581003670085757696e+18
1.581003670392335360e+18
1.581003670889050880e+18
1.581003671181894656e+18
1.581003671659703808e+18
1.581003671972590592e+18
1.581003672457308672e+18
1.581003672782353408e+18
1.581003673259106816e+18
1.581003673571963136e+18
1.581003674058327552e+18
1.581003674381301248e+18
1.581003674825640960e+18
1.581003675150149888e+18
1.581003675650701312e+18
1.581003675943537152e+18
1.581003676378269440e+18
1.581003676651081728e+18
1.581003677044896768e+18
1.581003677321812736e+18
1.581003677765750528e+18
1.581003678029335552e+18
1.581003678504271616e+18
1.581003678797893888e+18
1.581003679272081920e+18
1.581003679564676352e+18
1.581003680050881280e+18
1.581003680333423104e+18
1.581003680777780992e+18
1.581003681070360320e+18
1.581003681524446720e+18
1.581003681837612544e+18
1.581003682292302336e+18
1.581003682595308032e+18
1.581003683090766592e+18
1.581003683363022336e+18
1.581003683817342976e+18
1.581003684102144000e+18
1.581003684596626176e+18
1.581003684881378816e+18
1.581003685325473024e+18
1.581003685587419392e+18
1.581003685970704640e+18
1.581003686233163520e+18
1.581003686700964864e+18
1.581003686953611776e+18
1.581003687397810688e+18
1.581003687690667008e+18
1.581003688165894656e+18
1.581003688460049664e+18
1.581003688934624256e+18
1.581003689227616256e+18
1.581003689672255232e+18
1.581003689954696192e+18
1.581003690438957568e+18
1.581003690762067968e+18
1.581003691207100928e+18
1.581003691500671232e+18
1.581003691947094528e+18
1.581003692230780672e+18
1.581003692685389312e+18
1.581003692968144128e+18
1.581003693473204992e+18
1.581003693735769600e+18
1.581003694221716992e+18
1.581003694534982656e+18
1.581003695020864256e+18
1.581003695313881856e+18
1.581003695785449472e+18
1.581003696108254464e+18
1.581003696613061888e+18
1.581003696936170752e+18
1.581003697452922624e+18
1.581003697816362752e+18
1.581003698382779392e+18
1.581003698708213760e+18
1.581003699202623488e+18
1.581003699537411328e+18
1.581003700074509056e+18
1.581003700424504320e+18
1.581003701001880064e+18
1.581003701385654016e+18
1.581003701932544512e+18
1.581003702284796672e+18
1.581003702801900544e+18
1.581003703175336704e+18
1.581003703694547200e+18
1.581003704019136000e+18
1.581003704532209664e+18
1.581003704907775744e+18
1.581003705483317504e+18
1.581003705826472448e+18
1.581003706383214848e+18
1.581003706767000576e+18
1.581003707403117312e+18
1.581003707776390400e+18
1.581003708364444160e+18
1.581003708748171264e+18
1.581003709266019840e+18
1.581003709609714688e+18
1.581003710155307776e+18
1.581003710478015232e+18
1.581003710962540800e+18
1.581003711346312704e+18
1.581003711851157760e+18
