1.580211246635299072e+18
1.580211246859542784e+18
1.580211247172323328e+18
1.580211247354044160e+18
1.580211247646857216e+18
1.580211247858686720e+18
1.580211248172061440e+18
1.580211248343688960e+18
1.580211248646880000e+18
1.580211248849204736e+18
1.580211249182576640e+18
1.580211249374242304e+18
1.580211249657058048e+18
1.580211249859021568e+18
1.580211250192406016e+18
1.580211250395502080e+18
1.580211250667989504e+18
1.580211251001745408e+18
1.580211251173547264e+18
1.580211251517146368e+18
1.580211251708985088e+18
1.580211252004882432e+18
1.580211252297558528e+18
1.580211252509371648e+18
1.580211252811943424e+18
1.580211253013921024e+18
1.580211253317117184e+18
1.580211253488642048e+18
1.580211253811699456e+18
1.580211254023634176e+18
1.580211254297340160e+18
1.580211254539563008e+18
1.580211254832175872e+18
1.580211255034288384e+18
1.580211255306912512e+18
1.580211255508660224e+18
1.580211255811275520e+18
1.580211256055210496e+18
1.580211256319160832e+18
1.580211256531078144e+18
1.580211256834117376e+18
1.580211257037099264e+18
1.580211257329350912e+18
1.580211257561618432e+18
1.580211257823817984e+18
1.580211258056984320e+18
1.580211258329535488e+18
1.580211258531264000e+18
1.580211258864196864e+18
1.580211259045779200e+18
1.580211259328496384e+18
1.580211259570578944e+18
1.580211259863130368e+18
1.580211260065166336e+18
1.580211260379634176e+18
1.580211260591342336e+18
1.580211260844099328e+18
1.580211261088098304e+18
1.580211261391576320e+18
1.580211261583273728e+18
1.580211261896178688e+18
1.580211262067753728e+18
1.580211262370320896e+18
1.580211262572988160e+18
1.580211262906640896e+18
1.580211263209458688e+18
1.580211263502119168e+18
1.580211263703853568e+18
1.580211263996360448e+18
1.580211264188154368e+18
1.580211264492640256e+18
1.580211264684567040e+18
1.580211265017701376e+18
1.580211265211632384e+18
1.580211265494165504e+18
1.580211265706295808e+18
1.580211266049733632e+18
1.580211266332289792e+18
1.580211266503968000e+18
1.580211266847028224e+18
1.580211267028770816e+18
1.580211267311373056e+18
1.580211267513333248e+18
1.580211267836443904e+18
1.580211268059224832e+18
1.580211268341526528e+18
1.580211268563471104e+18
1.580211268825931008e+18
1.580211269037965824e+18
1.580211269331158272e+18
1.580211269543223296e+18
1.580211269836085504e+18
1.580211270158925056e+18
1.580211270370863872e+18
1.580211270633237504e+18
1.580211270956886016e+18
1.580211271159286784e+18
1.580211271462054656e+18
1.580211271643603200e+18
1.580211271968130048e+18
1.580211272240503296e+18
1.580211272492900864e+18
1.580211272775581952e+18
1.580211272957499648e+18
1.580211273301398784e+18
1.580211273493085696e+18
1.580211273775841536e+18
1.580211273977995008e+18
1.580211274270568960e+18
1.580211274493136640e+18
1.580211274806185472e+18
1.580211274997757696e+18
1.580211275290547712e+18
1.580211275482197248e+18
1.580211275785043968e+18
1.580211276098475520e+18
1.580211276310247168e+18
1.580211276592830720e+18
1.580211276905789184e+18
1.580211277117717504e+18
1.580211277430306816e+18
1.580211277621951488e+18
1.580211277924577280e+18
1.580211278116480000e+18
1.580211278419270656e+18
1.580211278611010304e+18
1.580211278923857920e+18
1.580211279115988736e+18
1.580211279439231744e+18
1.580211279620683008e+18
1.580211279913376512e+18
1.580211280145534976e+18
1.580211280448324352e+18
1.580211280629832960e+18
1.580211280953111808e+18
1.580211281165336320e+18
1.580211281427412480e+18
1.580211281629242880e+18
1.580211281953286144e+18
1.580211282165990656e+18
1.580211282468600576e+18
1.580211282650601472e+18
1.580211282973568768e+18
1.580211283185905408e+18
1.580211283479884288e+18
1.580211283661486336e+18
1.580211283977317888e+18
1.580211284179082240e+18
1.580211284471637504e+18
1.580211284663300352e+18
1.580211284946557440e+18
1.580211285158654720e+18
1.580211285481682944e+18
1.580211285713753088e+18
1.580211285966516736e+18
1.580211286198779136e+18
1.580211286491434240e+18
1.580211286673292800e+18
1.580211286977423104e+18
1.580211287179194880e+18
1.580211287513282304e+18
1.580211287684818944e+18
1.580211288019607808e+18
1.580211288212351744e+18
1.580211288484554496e+18
1.580211288697432064e+18
1.580211289011014144e+18
1.580211289222902528e+18
1.580211289515578624e+18
1.580211289697553408e+18
1.580211290040779776e+18
1.580211290323440128e+18
1.580211290525312256e+18
1.580211290817958144e+18
1.580211291010255360e+18
1.580211291344975104e+18
1.580211291537451776e+18
1.580211291850031616e+18
1.580211292051691008e+18
1.580211292334345984e+18
1.580211292566246144e+18
1.580211292838646784e+18
1.580211293030287360e+18
1.580211293355116800e+18
1.580211293577103104e+18
1.580211293871357952e+18
1.580211294074688256e+18
1.580211294379844352e+18
1.580211294561237504e+18
1.580211294843909632e+18
1.580211295076130304e+18
1.580211295350859008e+18
1.580211295573029632e+18
1.580211295855605760e+18
1.580211296060763392e+18
1.580211296383768832e+18
1.580211296565474048e+18
1.580211296891583232e+18
1.580211297083707904e+18
1.580211297368110592e+18
1.580211297593877248e+18
1.580211297887273472e+18
1.580211298088803840e+18
1.580211298371354112e+18
1.580211298623900672e+18
1.580211298906826496e+18
1.580211299118935552e+18
1.580211299431791360e+18
1.580211299633552128e+18
1.580211299936939520e+18
1.580211300098313984e+18
1.580211300441203200e+18
1.580211300693606144e+18
1.580211300895632384e+18
1.580211301228860928e+18
1.580211301501498112e+18
1.580211301695358720e+18
1.580211302038437376e+18
1.580211302229931264e+18
1.580211302532790016e+18
1.580211302725084928e+18
1.580211303038145792e+18
1.580211303259864320e+18
1.580211303522082560e+18
1.580211303764365056e+18
1.580211304056937472e+18
1.580211304248403456e+18
1.580211304560867328e+18
1.580211304752169472e+18
1.580211305065530880e+18
1.580211305257790464e+18
1.580211305550420480e+18
1.580211305753250560e+18
1.580211306035952640e+18
1.580211306388824064e+18
1.580211306581200640e+18
1.580211306863746048e+18
1.580211307065986304e+18
1.580211307388866816e+18
1.580211307581475840e+18
1.580211307853381632e+18
1.580211308045524480e+18
1.580211308389286912e+18
1.580211308591170048e+18
1.580211308903847936e+18
1.580211309156701440e+18
1.580211309379034112e+18
1.580211309681630464e+18
1.580211309913786368e+18
1.580211310216739584e+18
1.580211310488784896e+18
1.580211310680685312e+18
1.580211310983635712e+18
1.580211311206512128e+18
1.580211311518948608e+18
1.580211311731330048e+18
1.580211312035183872e+18
1.580211312226900992e+18
1.580211312499360256e+18
1.580211312711049472e+18
1.580211313044496128e+18
1.580211313316969216e+18
1.580211313519011328e+18
1.580211313822928896e+18
1.580211314034769664e+18
1.580211314337077504e+18
1.580211314529053696e+18
1.580211314822086144e+18
1.580211315014115072e+18
1.580211315337219328e+18
1.580211315538967552e+18
1.580211315821150720e+18
1.580211316013029888e+18
1.580211316326222336e+18
1.580211316528154368e+18
1.580211316831034112e+18
1.580211317032963840e+18
1.580211317366088448e+18
1.580211317527522304e+18
1.580211317860454400e+18
1.580211318052191232e+18
1.580211318375625984e+18
1.580211318537077504e+18
1.580211318880120576e+18
1.580211319052123136e+18
1.580211319385687552e+18
1.580211319577330432e+18
1.580211319860543232e+18
1.580211320072648448e+18
1.580211320375464960e+18
1.580211320567182848e+18
1.580211320890556416e+18
1.580211321092100096e+18
1.580211321365886208e+18
1.580211321699085568e+18
1.580211321911008256e+18
1.580211322184151040e+18
1.580211322395944448e+18
1.580211322709706752e+18
1.580211323022857728e+18
1.580211323184542976e+18
1.580211323508053760e+18
1.580211323690099456e+18
1.580211324003665152e+18
1.580211324195535360e+18
1.580211324508869888e+18
1.580211324720602112e+18
1.580211325023161344e+18
1.580211325226662656e+18
1.580211325519100416e+18
1.580211325720841728e+18
1.580211326013115648e+18
1.580211326236053248e+18
1.580211326549858816e+18
1.580211326751888896e+18
1.580211327024431360e+18
1.580211327256736512e+18
