1.580211547700397568e+18
1.580211547932373248e+18
1.580211548204855808e+18
1.580211548417024512e+18
1.580211548740041984e+18
1.580211548932297472e+18
1.580211549256466176e+18
1.580211549448289280e+18
1.580211549720885248e+18
1.580211550054491392e+18
1.580211550287649024e+18
1.580211550559918336e+18
1.580211550832809216e+18
1.580211551066201600e+18
1.580211551358894080e+18
1.580211551530294272e+18
1.580211551863454720e+18
1.580211552065679104e+18
1.580211552328421888e+18
1.580211552641338624e+18
1.580211552974813184e+18
1.580211553187359744e+18
1.580211553469760512e+18
1.580211553651070976e+18
1.580211554004897536e+18
1.580211554176301568e+18
1.580211554490001152e+18
1.580211554661179648e+18
1.580211554984976640e+18
1.580211555166678528e+18
1.580211555490532608e+18
1.580211555692481536e+18
1.580211556005851648e+18
1.580211556207932672e+18
1.580211556490808320e+18
1.580211556723400704e+18
1.580211557005897216e+18
1.580211557197639936e+18
1.580211557500280320e+18
1.580211557702019328e+18
1.580211558005203200e+18
1.580211558186798592e+18
1.580211558519837696e+18
1.580211558721578240e+18
1.580211559024570368e+18
1.580211559216260864e+18
1.580211559498944768e+18
1.580211559700765952e+18
1.580211560043588864e+18
1.580211560225146624e+18
1.580211560507487744e+18
1.580211560840620800e+18
1.580211561043054848e+18
1.580211561315636736e+18
1.580211561517372928e+18
1.580211561820631040e+18
1.580211562033312768e+18
1.580211562357332224e+18
1.580211562558722048e+18
1.580211562851687680e+18
1.580211563053624576e+18
1.580211563368204288e+18
1.580211563570253312e+18
1.580211563842653696e+18
1.580211564186763776e+18
1.580211564368296192e+18
1.580211564650569728e+18
1.580211564852382208e+18
1.580211565155008512e+18
1.580211565366893312e+18
1.580211565669719552e+18
1.580211565852425216e+18
1.580211566196145408e+18
1.580211566388427264e+18
1.580211566681074688e+18
1.580211566862634240e+18
1.580211567206035712e+18
1.580211567398257920e+18
1.580211567670548480e+18
1.580211567883310080e+18
1.580211568216861952e+18
1.580211568479419136e+18
1.580211568682498304e+18
1.580211569015792384e+18
1.580211569207712768e+18
1.580211569490620416e+18
1.580211569702467840e+18
1.580211570015859968e+18
1.580211570228699904e+18
1.580211570510965504e+18
1.580211570713123072e+18
1.580211570995892736e+18
1.580211571329489664e+18
1.580211571531397376e+18
1.580211571815762432e+18
1.580211572017459200e+18
1.580211572310150656e+18
1.580211572653440512e+18
1.580211572855397120e+18
1.580211573138065664e+18
1.580211573340007936e+18
1.580211573623816448e+18
1.580211573835798784e+18
1.580211574159134720e+18
1.580211574350973952e+18
1.580211574673639168e+18
1.580211574865944576e+18
1.580211575168420096e+18
1.580211575371184128e+18
1.580211575653776896e+18
1.580211575886111488e+18
1.580211576168596480e+18
1.580211576360757760e+18
1.580211576683594752e+18
1.580211576875502592e+18
1.580211577168216064e+18
1.580211577380149760e+18
1.580211577672873472e+18
1.580211577874676736e+18
1.580211578188214016e+18
1.580211578399723520e+18
1.580211578682381568e+18
1.580211578864169216e+18
1.580211579176972544e+18
1.580211579500409344e+18
1.580211579692040704e+18
1.580211580015054080e+18
1.580211580298302464e+18
1.580211580520902656e+18
1.580211580783308288e+18
1.580211581015533568e+18
1.580211581308474624e+18
1.580211581519987968e+18
1.580211581822984960e+18
1.580211582004360704e+18
1.580211582297226496e+18
1.580211582519077632e+18
1.580211582801854464e+18
1.580211583124975360e+18
1.580211583336891136e+18
1.580211583640421376e+18
1.580211583811840512e+18
1.580211584155191296e+18
1.580211584326726400e+18
1.580211584619007744e+18
1.580211584821210368e+18
1.580211585125073152e+18
1.580211585327408128e+18
1.580211585650732288e+18
1.580211585843080960e+18
1.580211586166338816e+18
1.580211586368329728e+18
1.580211586671285760e+18
1.580211586862918656e+18
1.580211587156995328e+18
1.580211587368375808e+18
1.580211587671168000e+18
1.580211587873057024e+18
1.580211588145963264e+18
1.580211588347917824e+18
1.580211588660690944e+18
1.580211588902814976e+18
1.580211589165286144e+18
1.580211589356892928e+18
1.580211589689807616e+18
1.580211589891694848e+18
1.580211590184483072e+18
1.580211590366305024e+18
1.580211590709602816e+18
1.580211590902469888e+18
1.580211591185597440e+18
1.580211591387655936e+18
1.580211591700931072e+18
1.580211591903580160e+18
1.580211592166541824e+18
1.580211592511065856e+18
1.580211592722873600e+18
1.580211592985217280e+18
1.580211593207199232e+18
1.580211593519592448e+18
1.580211593711177472e+18
1.580211593983731456e+18
1.580211594205842176e+18
1.580211594538942720e+18
1.580211594740892672e+18
1.580211594993739520e+18
1.580211595195990272e+18
1.580211595528555264e+18
1.580211595760545536e+18
