1.580210931455736576e+18
1.580210931647555328e+18
1.580210931981710592e+18
1.580210932183702528e+18
1.580210932446411520e+18
1.580210932678632704e+18
1.580210932940871680e+18
1.580210933173183744e+18
1.580210933476985600e+18
1.580210933669173760e+18
1.580210934052594176e+18
1.580210934254552064e+18
1.580210934606253056e+18
1.580210934868871680e+18
1.580210935070844928e+18
1.580210935414422272e+18
1.580210935586274048e+18
1.580210935910667264e+18
1.580210936102382080e+18
1.580210936385315840e+18
1.580210936588516096e+18
1.580210936931959040e+18
1.580210937103699456e+18
1.580210937437225728e+18
1.580210937699299840e+18
1.580210937901188608e+18
1.580210938213815296e+18
1.580210938416265728e+18
1.580210938708980736e+18
1.580210938920765440e+18
1.580210939233516032e+18
1.580210939445479168e+18
1.580210939719658496e+18
1.580210940057278720e+18
1.580210940239211776e+18
1.580210940551841024e+18
1.580210940746109952e+18
1.580210941059429888e+18
1.580210941241094656e+18
1.580210941546640128e+18
1.580210941748752640e+18
1.580210942021093120e+18
1.580210942223049984e+18
1.580210942539395328e+18
1.580210942863143680e+18
1.580210943064813568e+18
1.580210943377781248e+18
1.580210943549614336e+18
1.580210943852662528e+18
1.580210944075213312e+18
1.580210944368653056e+18
1.580210944590559744e+18
1.580210944863774720e+18
1.580210945065632768e+18
1.580210945389065472e+18
1.580210945671384064e+18
1.580210945873267200e+18
1.580210946207108608e+18
1.580210946469560320e+18
1.580210946683493888e+18
1.580210946987453440e+18
1.580210947199726080e+18
1.580210947482475008e+18
1.580210947714956032e+18
1.580210948027710208e+18
1.580210948220690688e+18
1.580210948503594240e+18
1.580210948716547584e+18
1.580210949019511552e+18
1.580210949201372928e+18
1.580210949514397440e+18
1.580210949726570752e+18
1.580210950039126784e+18
1.580210950220770048e+18
1.580210950534050304e+18
1.580210950706131456e+18
1.580210951042520320e+18
1.580210951224188672e+18
1.580210951548176384e+18
1.580210951749765120e+18
1.580210952021854464e+18
1.580210952213357824e+18
1.580210952556531968e+18
1.580210952769205504e+18
1.580210953031582208e+18
1.580210953354462464e+18
1.580210953545888256e+18
1.580210953859317248e+18
1.580210954071139072e+18
1.580210954373802240e+18
1.580210954576248576e+18
1.580210954850627584e+18
1.580210955086103040e+18
1.580210955389119488e+18
1.580210955580790016e+18
1.580210955853197824e+18
1.580210956095483904e+18
1.580210956368112128e+18
1.580210956570719232e+18
1.580210956883560960e+18
1.580210957095691776e+18
1.580210957408583680e+18
1.580210957601096448e+18
1.580210957874972928e+18
1.580210958078583552e+18
1.580210958391360768e+18
1.580210958623602944e+18
1.580210958906373120e+18
1.580210959111049984e+18
1.580210959383483904e+18
1.580210959597103616e+18
1.580210959910140160e+18
1.580210960102086912e+18
1.580210960394755328e+18
1.580210960627947520e+18
1.580210960921329152e+18
1.580210961193889792e+18
1.580210961426567936e+18
1.580210961739524096e+18
1.580210961911562496e+18
1.580210962228984576e+18
1.580210962451259136e+18
1.580210962734680064e+18
1.580210963060123648e+18
1.580210963221729792e+18
1.580210963534485248e+18
1.580210963736872704e+18
1.580210964049578240e+18
1.580210964241694720e+18
1.580210964586046976e+18
1.580210964787590912e+18
1.580210965050035200e+18
1.580210965353297152e+18
1.580210965565213440e+18
1.580210965889291264e+18
1.580210966060967936e+18
1.580210966373869824e+18
1.580210966557068032e+18
1.580210966869792512e+18
1.580210967071666432e+18
1.580210967374525184e+18
1.580210967578323200e+18
1.580210967890814464e+18
1.580210968112745728e+18
1.580210968374872832e+18
1.580210968576823552e+18
1.580210968880269056e+18
1.580210969102343168e+18
1.580210969377551872e+18
1.580210969579325696e+18
1.580210969881732352e+18
1.580210970083793408e+18
1.580210970419775232e+18
1.580210970631722752e+18
1.580210970894413824e+18
1.580210971096203776e+18
1.580210971398894080e+18
1.580210971590647296e+18
1.580210971924742656e+18
1.580210972126750464e+18
1.580210972439628800e+18
1.580210972701813760e+18
1.580210972913668864e+18
1.580210973206849280e+18
1.580210973409114368e+18
1.580210973721817600e+18
1.580210973955667200e+18
1.580210974228667392e+18
1.580210974541555968e+18
1.580210974743613184e+18
1.580210975036798208e+18
1.580210975228621568e+18
1.580210975541276672e+18
1.580210975743148544e+18
1.580210976036302848e+18
1.580210976268289024e+18
1.580210976571160064e+18
1.580210976766880768e+18
1.580210977039654400e+18
1.580210977251691008e+18
1.580210977554504704e+18
1.580210977766806272e+18
1.580210978070131456e+18
1.580210978241676544e+18
1.580210978575945472e+18
1.580210978778202880e+18
1.580210979090661888e+18
1.580210979282152960e+18
1.580210979575030528e+18
1.580210979827441664e+18
1.580210980079601920e+18
1.580210980301415424e+18
1.580210980574010112e+18
1.580210980777193216e+18
1.580210981089895424e+18
1.580210981291558912e+18
1.580210981614621184e+18
1.580210981796118016e+18
1.580210982098835712e+18
1.580210982300316160e+18
1.580210982613195264e+18
1.580210982805255936e+18
1.580210983128135168e+18
1.580210983320098560e+18
1.580210983622764544e+18
1.580210983814328320e+18
1.580210984117046528e+18
1.580210984319673600e+18
1.580210984623984896e+18
1.580210984805515776e+18
1.580210985150367488e+18
1.580210985321704192e+18
1.580210985656174080e+18
1.580210985827884544e+18
1.580210986140617984e+18
1.580210986352521984e+18
1.580210986645178368e+18
1.580210986927578880e+18
1.580210987139706368e+18
1.580210987442460928e+18
1.580210987644069632e+18
1.580210987967030784e+18
1.580210988239227136e+18
1.580210988440957696e+18
1.580210988745316864e+18
1.580210988987721216e+18
1.580210989250530816e+18
1.580210989473464576e+18
1.580210989756245760e+18
1.580210989968401152e+18
1.580210990262514944e+18
1.580210990575305984e+18
1.580210990787323904e+18
1.580210991080190464e+18
1.580210991313236224e+18
1.580210991597722880e+18
1.580210991769105664e+18
1.580210992073591808e+18
1.580210992276501248e+18
1.580210992590029056e+18
1.580210992791753728e+18
1.580210993074699008e+18
1.580210993307060992e+18
1.580210993579970816e+18
1.580210993781869312e+18
1.580210994095176192e+18
1.580210994287085568e+18
1.580210994599895808e+18
1.580210994802027520e+18
1.580210995095946240e+18
1.580210995299675904e+18
1.580210995614342912e+18
1.580210995816259328e+18
1.580210996119661312e+18
1.580210996321650432e+18
1.580210996624814592e+18
1.580210996826861056e+18
1.580210997119548672e+18
1.580210997362763008e+18
1.580210997614988800e+18
1.580210997827379456e+18
1.580210998142621952e+18
1.580210998344699904e+18
1.580210998627715840e+18
1.580210998839896576e+18
1.580210999173035776e+18
1.580210999344653568e+18
1.580210999647559936e+18
1.580210999849527296e+18
1.580211000152056320e+18
1.580211000353530624e+18
1.580211000647377152e+18
1.580211000869300224e+18
1.580211001203697152e+18
1.580211001486511616e+18
1.580211001657892608e+18
1.580211001971041280e+18
1.580211002163205376e+18
1.580211002516368896e+18
1.580211002677761024e+18
1.580211003000686592e+18
1.580211003212737792e+18
1.580211003526753280e+18
1.580211003698215168e+18
1.580211004011337216e+18
1.580211004183627264e+18
1.580211004496826880e+18
1.580211004690138112e+18
1.580211004992663552e+18
1.580211005195103232e+18
1.580211005528361728e+18
1.580211005720235008e+18
1.580211006034372608e+18
1.580211006246436864e+18
1.580211006549208576e+18
1.580211006710522368e+18
1.580211007013954048e+18
1.580211007218011136e+18
1.580211007521453056e+18
1.580211007824334592e+18
1.580211008028395008e+18
1.580211008320892416e+18
1.580211008563077120e+18
1.580211008835485184e+18
1.580211009037392640e+18
1.580211009339938816e+18
1.580211009571891712e+18
1.580211009864473088e+18
1.580211010137960960e+18
1.580211010360067328e+18
1.580211010652692224e+18
1.580211010864577536e+18
1.580211011157617408e+18
1.580211011360571648e+18
1.580211011704030208e+18
1.580211011976915968e+18
1.580211012158445056e+18
1.580211012471482112e+18
1.580211012693561856e+18
1.580211012966100736e+18
1.580211013157692416e+18
1.580211013460816384e+18
1.580211013662451456e+18
1.580211013976702464e+18
1.580211014168646656e+18
1.580211014491557632e+18
1.580211014682989824e+18
1.580211014986586880e+18
1.580211015198486528e+18
1.580211015491346944e+18
1.580211015703604736e+18
1.580211016018169600e+18
1.580211016219750400e+18
1.580211016502116096e+18
1.580211016704039680e+18
1.580211016996715264e+18
1.580211017199326208e+18
1.580211017502055168e+18
1.580211017693644544e+18
1.580211018007789056e+18
1.580211018209472256e+18
1.580211018512463104e+18
1.580211018735611904e+18
1.580211019008027904e+18
1.580211019219856384e+18
1.580211019514505216e+18
1.580211019717223168e+18
1.580211020050449664e+18
1.580211020221825792e+18
1.580211020534745344e+18
1.580211020777108224e+18
1.580211021049930496e+18
1.580211021262877184e+18
1.580211021545343232e+18
1.580211021788684544e+18
1.580211022051169024e+18
1.580211022273301760e+18
1.580211022557457664e+18
1.580211022749200128e+18
1.580211023042047488e+18
1.580211023254477312e+18
1.580211023562202112e+18
1.580211023763991296e+18
1.580211024069831936e+18
1.580211024282478592e+18
1.580211024557488128e+18
1.580211024759667968e+18
1.580211025082391552e+18
1.580211025274282752e+18
1.580211025578684160e+18
1.580211025780309504e+18
1.580211026073096704e+18
1.580211026284885248e+18
1.580211026588968192e+18
1.580211026780811008e+18
1.580211027083837952e+18
1.580211027288461056e+18
1.580211027583053312e+18
1.580211027827168256e+18
1.580211028089617408e+18
1.580211028291772928e+18
1.580211028604938240e+18
1.580211028817801472e+18
1.580211029100998400e+18
1.580211029303288832e+18
1.580211029626799872e+18
1.580211029860853248e+18
1.580211030114369536e+18
1.580211030316781312e+18
1.580211030622647296e+18
1.580211030834548224e+18
1.580211031127287296e+18
1.580211031328948224e+18
1.580211031651716096e+18
1.580211031837817088e+18
1.580211032134526464e+18
1.580211032326575360e+18
1.580211032669440256e+18
1.580211032922963456e+18
1.580211033139004416e+18
1.580211033473492736e+18
1.580211033726604800e+18
1.580211033939638528e+18
1.580211034252619264e+18
1.580211034484713728e+18
1.580211034747421696e+18
1.580211034959587328e+18
1.580211035262325248e+18
1.580211035474224384e+18
1.580211035757929472e+18
1.580211036081237504e+18
1.580211036273099264e+18
1.580211036575478784e+18
1.580211036777228032e+18
1.580211037079650048e+18
1.580211037271430656e+18
1.580211037584421376e+18
1.580211037776538368e+18
1.580211038068760576e+18
1.580211038271268864e+18
1.580211038584334080e+18
1.580211038786282496e+18
1.580211039122230272e+18
1.580211039273583104e+18
1.580211039587800320e+18
1.580211039780355328e+18
1.580211040103268096e+18
1.580211040315733504e+18
1.580211040598006272e+18
1.580211040799809536e+18
1.580211041103911424e+18
1.580211041305986816e+18
1.580211041628934400e+18
1.580211041800898560e+18
1.580211042108511744e+18
1.580211042300465152e+18
1.580211042626009856e+18
1.580211042807398400e+18
1.580211043150790144e+18
1.580211043342468864e+18
1.580211043657606144e+18
1.580211043819466752e+18
1.580211044152887808e+18
1.580211044335969280e+18
1.580211044629626880e+18
1.580211044831461632e+18
1.580211045144623872e+18
1.580211045337654016e+18
1.580211045630372864e+18
1.580211045943477760e+18
1.580211046145360128e+18
1.580211046448718592e+18
1.580211046741600256e+18
1.580211046973877248e+18
1.580211047256673280e+18
1.580211047478519040e+18
1.580211047791944704e+18
1.580211047963795456e+18
1.580211048266594560e+18
1.580211048478630912e+18
1.580211048761309440e+18
1.580211048983282176e+18
1.580211049276034048e+18
1.580211049478024448e+18
1.580211049780899584e+18
1.580211049982458880e+18
1.580211050285456896e+18
1.580211050487319296e+18
1.580211050790126592e+18
1.580211051002517504e+18
1.580211051287194880e+18
1.580211051499181824e+18
1.580211051802117120e+18
1.580211051994035968e+18
1.580211052327059712e+18
1.580211052539013888e+18
1.580211052851862016e+18
1.580211053033321216e+18
1.580211053328744960e+18
1.580211053520426496e+18
1.580211053823123200e+18
1.580211054014811648e+18
1.580211054338988800e+18
1.580211054550694656e+18
1.580211054833462016e+18
1.580211055055874816e+18
1.580211055338723328e+18
1.580211055530619648e+18
1.580211055843876352e+18
1.580211056035859968e+18
1.580211056338962944e+18
1.580211056540961536e+18
1.580211056863693568e+18
1.580211057087010304e+18
1.580211057380180224e+18
1.580211057551563264e+18
1.580211057864400128e+18
1.580211058046722048e+18
1.580211058360062976e+18
1.580211058551931136e+18
1.580211058864570368e+18
1.580211059087487232e+18
1.580211059380157952e+18
1.580211059572027648e+18
1.580211059864845312e+18
1.580211060066872576e+18
1.580211060379688192e+18
1.580211060581632512e+18
1.580211060874702592e+18
1.580211061077402368e+18
1.580211061390555648e+18
1.580211061582257664e+18
1.580211061895194112e+18
1.580211062087029248e+18
1.580211062390988032e+18
1.580211062582744064e+18
1.580211062915986432e+18
1.580211063097742848e+18
1.580211063402094848e+18
1.580211063587369216e+18
1.580211063900310528e+18
1.580211064082112768e+18
1.580211064435801600e+18
1.580211064698714112e+18
1.580211064910931968e+18
1.580211065223681536e+18
1.580211065405292544e+18
1.580211065708235520e+18
1.580211065920171008e+18
1.580211066233083648e+18
1.580211066424882944e+18
1.580211066747883264e+18
1.580211066970761216e+18
1.580211067232936704e+18
1.580211067446919936e+18
1.580211067739901952e+18
1.580211067941797632e+18
1.580211068244666112e+18
1.580211068446794240e+18
1.580211068779960832e+18
1.580211068941710848e+18
1.580211069235156224e+18
1.580211069447077888e+18
1.580211069761041920e+18
1.580211069953129472e+18
1.580211070257213952e+18
1.580211070459063552e+18
1.580211070764014336e+18
1.580211070966103808e+18
1.580211071258719744e+18
1.580211071470829056e+18
1.580211071764071680e+18
1.580211071965894912e+18
1.580211072269117696e+18
1.580211072481186816e+18
1.580211072773637888e+18
1.580211072975627776e+18
1.580211073298797568e+18
1.580211073490739968e+18
1.580211073787577856e+18
1.580211073989548288e+18
1.580211074302563328e+18
1.580211074494245120e+18
1.580211074788064000e+18
1.580211075000141568e+18
1.580211075292809472e+18
1.580211075504757760e+18
1.580211075854430464e+18
1.580211076005835776e+18
1.580211076312314880e+18
1.580211076524129536e+18
1.580211076817453056e+18
1.580211077019243520e+18
1.580211077332007936e+18
1.580211077544101632e+18
1.580211077826469376e+18
1.580211078048621568e+18
1.580211078331105280e+18
1.580211078532762624e+18
1.580211078836880896e+18
1.580211079038800896e+18
1.580211079341582080e+18
1.580211079543357440e+18
1.580211079840332032e+18
1.580211080052419840e+18
1.580211080355278848e+18
1.580211080558564608e+18
1.580211080861136640e+18
1.580211081062896384e+18
1.580211081395845120e+18
1.580211081557376768e+18
1.580211081850313984e+18
1.580211082051807488e+18
1.580211082354805504e+18
1.580211082576845824e+18
1.580211082879833600e+18
1.580211083061612032e+18
1.580211083364872192e+18
1.580211083566816000e+18
1.580211083890064384e+18
1.580211084091805952e+18
1.580211084375497984e+18
1.580211084578770944e+18
1.580211084891326720e+18
1.580211085083294208e+18
1.580211085395800576e+18
1.580211085598890496e+18
1.580211085912327936e+18
1.580211086135897344e+18
1.580211086399115776e+18
1.580211086621275648e+18
1.580211086903514880e+18
1.580211087105406208e+18
1.580211087398355456e+18
1.580211087610557184e+18
1.580211087903311872e+18
1.580211088115886336e+18
1.580211088408941568e+18
1.580211088630990848e+18
1.580211088913566976e+18
1.580211089115303680e+18
1.580211089438154240e+18
1.580211089630159360e+18
1.580211089933808384e+18
1.580211090135791872e+18
1.580211090419137792e+18
1.580211090621583360e+18
1.580211090924457728e+18
1.580211091126099712e+18
1.580211091428603904e+18
1.580211091641372672e+18
1.580211091933891584e+18
1.580211092147828224e+18
1.580211092450670336e+18
1.580211092652542976e+18
1.580211092956069888e+18
1.580211093177939200e+18
1.580211093460880128e+18
