1.580212884726459904e+18
1.580212885019310080e+18
1.580212885231213568e+18
1.580212885523937536e+18
1.580212885769295360e+18
1.580212886041612800e+18
1.580212886254117120e+18
1.580212886536890624e+18
1.580212886768852736e+18
1.580212887031116288e+18
1.580212887263719680e+18
1.580212887557182464e+18
1.580212887748797440e+18
1.580212888051201024e+18
1.580212888354600192e+18
1.580212888556979712e+18
1.580212888900331264e+18
1.580212889142476032e+18
1.580212889384907008e+18
1.580212889667476224e+18
1.580212889889349120e+18
1.580212890181743872e+18
1.580212890363554560e+18
1.580212890686487040e+18
1.580212890898251264e+18
1.580212891191632128e+18
1.580212891393618432e+18
1.580212891696942080e+18
1.580212891910401024e+18
1.580212892183245056e+18
1.580212892496560128e+18
1.580212892718851840e+18
1.580212893021509376e+18
1.580212893203432192e+18
1.580212893496444160e+18
1.580212893698560512e+18
1.580212894001623040e+18
1.580212894223766272e+18
1.580212894516495104e+18
1.580212894708254976e+18
1.580212895023426816e+18
1.580212895346468864e+18
1.580212895517890816e+18
1.580212895831193088e+18
1.580212896032966400e+18
1.580212896326008320e+18
1.580212896537631232e+18
1.580212896860413184e+18
1.580212897052172800e+18
1.580212897335070208e+18
1.580212897537390080e+18
1.580212897851555840e+18
1.580212898063934976e+18
1.580212898356801024e+18
1.580212898649961216e+18
1.580212898841697024e+18
1.580212899154499584e+18
1.580212899366311680e+18
1.580212899648543488e+18
1.580212899853255168e+18
1.580212900146108416e+18
1.580212900358597120e+18
1.580212900701846272e+18
1.580212900964455424e+18
1.580212901157484288e+18
1.580212901482469120e+18
1.580212901686583808e+18
1.580212901969464320e+18
1.580212902171277312e+18
1.580212902514913024e+18
1.580212902706928640e+18
1.580212903009419008e+18
1.580212903190678016e+18
1.580212903484299776e+18
1.580212903777735424e+18
1.580212903999400448e+18
1.580212904302240512e+18
1.580212904494278656e+18
1.580212904797808128e+18
1.580212905039946752e+18
1.580212905302558464e+18
1.580212905495353856e+18
1.580212905838951680e+18
1.580212906010472192e+18
1.580212906313738240e+18
1.580212906525723648e+18
1.580212906869814784e+18
1.580212907031015936e+18
1.580212907354521856e+18
1.580212907546250496e+18
1.580212907839998208e+18
1.580212908051840768e+18
1.580212908346068736e+18
1.580212908558177792e+18
1.580212908860459264e+18
1.580212909062280192e+18
1.580212909364591872e+18
1.580212909567092736e+18
1.580212909850081024e+18
1.580212910052434176e+18
1.580212910397241344e+18
1.580212910568772352e+18
1.580212910871426304e+18
1.580212911063369728e+18
1.580212911356626944e+18
1.580212911560747264e+18
1.580212911864805632e+18
1.580212912066911744e+18
1.580212912370023424e+18
1.580212912583683584e+18
1.580212912886175232e+18
1.580212913077957888e+18
1.580212913380554752e+18
1.580212913632780032e+18
1.580212913886017536e+18
1.580212914118149376e+18
1.580212914401068544e+18
1.580212914592578304e+18
1.580212914935956992e+18
1.580212915107403008e+18
1.580212915440785664e+18
1.580212915642473984e+18
1.580212915914714624e+18
1.580212916138875904e+18
1.580212916421046016e+18
1.580212916612702720e+18
1.580212916915255040e+18
1.580212917118676480e+18
1.580212917432079616e+18
1.580212917634511104e+18
1.580212917968306432e+18
1.580212918129548800e+18
1.580212918432190720e+18
1.580212918644097536e+18
1.580212918947348736e+18
1.580212919172017152e+18
1.580212919444291584e+18
1.580212919667237888e+18
1.580212919939823872e+18
1.580212920151791616e+18
1.580212920444625920e+18
1.580212920656551680e+18
1.580212920949167616e+18
1.580212921140728576e+18
1.580212921443218944e+18
1.580212921655102464e+18
1.580212921948050432e+18
1.580212922260791552e+18
1.580212922462475520e+18
1.580212922815885824e+18
1.580212922967039232e+18
1.580212923299945984e+18
1.580212923461915392e+18
1.580212923765433600e+18
1.580212923997971712e+18
1.580212924280464128e+18
1.580212924482527744e+18
1.580212924816576512e+18
1.580212924977937920e+18
1.580212925290614272e+18
1.580212925483067648e+18
1.580212925786188288e+18
1.580212926018352640e+18
1.580212926291990016e+18
1.580212926494119680e+18
1.580212926807246336e+18
1.580212926998978048e+18
1.580212927301460480e+18
1.580212927493955328e+18
1.580212927837087744e+18
1.580212928009452544e+18
1.580212928312234240e+18
1.580212928513904896e+18
1.580212928816775680e+18
1.580212929019652096e+18
1.580212929324288256e+18
1.580212929566477312e+18
1.580212929828808704e+18
1.580212930060764672e+18
1.580212930316749824e+18
1.580212930519706368e+18
1.580212930852653568e+18
1.580212931034259968e+18
1.580212931326678528e+18
1.580212931518619904e+18
1.580212931831725312e+18
1.580212932033478400e+18
1.580212932357842432e+18
1.580212932559816448e+18
1.580212932832033792e+18
1.580212933043864576e+18
1.580212933347470592e+18
1.580212933634327040e+18
1.580212933847073792e+18
1.580212934161339904e+18
1.580212934454694400e+18
1.580212934656584704e+18
1.580212934969245184e+18
1.580212935201656576e+18
1.580212935473858048e+18
1.580212935677636608e+18
1.580212936002234624e+18
1.580212936185445376e+18
1.580212936478190592e+18
1.580212936679910144e+18
1.580212936982790656e+18
1.580212937285862400e+18
1.580212937499300608e+18
1.580212937822113024e+18
1.580212938003728640e+18
1.580212938306766336e+18
1.580212938508657152e+18
1.580212938811086080e+18
1.580212939014178304e+18
1.580212939327890432e+18
1.580212939509915136e+18
1.580212939812672000e+18
1.580212940014425600e+18
1.580212940327039488e+18
1.580212940528937728e+18
1.580212940843700736e+18
1.580212941045508864e+18
1.580212941328263680e+18
1.580212941540264960e+18
1.580212941822755584e+18
1.580212942024641792e+18
1.580212942337010688e+18
1.580212942619695872e+18
1.580212942822686720e+18
1.580212943155835648e+18
1.580212943348008448e+18
1.580212943630706944e+18
1.580212943833198080e+18
1.580212944188384768e+18
1.580212944440620544e+18
1.580212944774614528e+18
1.580212944956166656e+18
1.580212945279623424e+18
1.580212945462764800e+18
1.580212945765936896e+18
1.580212945967759872e+18
1.580212946270214656e+18
1.580212946472423424e+18
1.580212946775099648e+18
1.580212946967264256e+18
1.580212947270523392e+18
1.580212947493053952e+18
1.580212947776211968e+18
1.580212947988265728e+18
1.580212948290838784e+18
1.580212948482454784e+18
1.580212948796228864e+18
1.580212948988212224e+18
1.580212949300895488e+18
1.580212949502397440e+18
1.580212949797098240e+18
1.580212950009312768e+18
1.580212950303350016e+18
1.580212950495230208e+18
1.580212950848341248e+18
1.580212951009705216e+18
1.580212951354828032e+18
1.580212951536235008e+18
1.580212951828837376e+18
1.580212952030791936e+18
1.580212952323796224e+18
1.580212952526552064e+18
1.580212952829201664e+18
1.580212953033810432e+18
1.580212953337013504e+18
1.580212953539321600e+18
1.580212953843185408e+18
1.580212954044966656e+18
1.580212954347705600e+18
1.580212954549333504e+18
1.580212954862070528e+18
1.580212955043670016e+18
1.580212955346625536e+18
1.580212955548468224e+18
1.580212955861266176e+18
1.580212956175847424e+18
1.580212956347258368e+18
1.580212956660116480e+18
1.580212956872060672e+18
1.580212957205848064e+18
1.580212957367422720e+18
1.580212957669630720e+18
1.580212957881551872e+18
1.580212958194095360e+18
1.580212958386230784e+18
1.580212958708988160e+18
1.580212958900715008e+18
1.580212959203945472e+18
1.580212959407787264e+18
1.580212959700759040e+18
1.580212959902371840e+18
1.580212960205156352e+18
1.580212960407579392e+18
1.580212960699981568e+18
1.580212960913085696e+18
1.580212961205865216e+18
1.580212961407802624e+18
1.580212961720992000e+18
1.580212961912645376e+18
1.580212962246518784e+18
1.580212962418122240e+18
1.580212962720654080e+18
1.580212962922484992e+18
1.580212963226657024e+18
1.580212963418364672e+18
1.580212963721500928e+18
1.580212963923521024e+18
1.580212964227103232e+18
1.580212964449038592e+18
1.580212964763452160e+18
1.580212964934797312e+18
1.580212965237603584e+18
1.580212965429152256e+18
1.580212965744130816e+18
1.580212966036496896e+18
1.580212966370040064e+18
1.580212966541460224e+18
1.580212966844744192e+18
1.580212967036269312e+18
1.580212967349260544e+18
1.580212967551386880e+18
1.580212967854285568e+18
1.580212968067035392e+18
1.580212968359724288e+18
1.580212968561330432e+18
1.580212968873771264e+18
1.580212969055787264e+18
1.580212969378545664e+18
1.580212969571945984e+18
1.580212969875146496e+18
1.580212970098080768e+18
1.580212970390529536e+18
1.580212970583385088e+18
1.580212970886249728e+18
1.580212971089263616e+18
1.580212971412422400e+18
1.580212971593953024e+18
1.580212971896662016e+18
1.580212972109369856e+18
1.580212972401858816e+18
1.580212972603705344e+18
1.580212972916278016e+18
1.580212973107670272e+18
1.580212973410450432e+18
1.580212973612318464e+18
1.580212973945221120e+18
1.580212974116715008e+18
1.580212974419394816e+18
1.580212974621194240e+18
1.580212974924531968e+18
1.580212975116258560e+18
1.580212975428921856e+18
1.580212975630796288e+18
1.580212975923331072e+18
1.580212976135175168e+18
1.580212976428298240e+18
1.580212976660284160e+18
1.580212976932533248e+18
1.580212977165862144e+18
1.580212977449547008e+18
1.580212977641167872e+18
1.580212977944456448e+18
1.580212978176695296e+18
1.580212978449545728e+18
1.580212978652530432e+18
1.580212978966437120e+18
